-1 0.834704 0
-0.997998 0.834286 0
-0.995996 0.833858 0
-0.993994 0.83342 0
-0.991992 0.832972 0
-0.98999 0.832517 0
-0.987988 0.832051 0
-0.985986 0.831576 0
-0.983984 0.831093 0
-0.981982 0.830601 0
-0.97998 0.830099 0
-0.977978 0.82959 0
-0.975976 0.829072 0
-0.973974 0.828545 0
-0.971972 0.82801 0
-0.96997 0.827466 0
-0.967968 0.826915 0
-0.965966 0.826356 0
-0.963964 0.825787 0
-0.961962 0.825211 0
-0.95996 0.824627 0
-0.957958 0.824035 0
-0.955956 0.823435 0
-0.953954 0.822829 0
-0.951952 0.822213 0
-0.94995 0.82159 0
-0.947948 0.82096 0
-0.945946 0.820322 0
-0.943944 0.819676 0
-0.941942 0.819022 0
-0.93994 0.818361 0
-0.937938 0.817693 0
-0.935936 0.817018 0
-0.933934 0.816334 0
-0.931932 0.815644 0
-0.92993 0.814946 0
-0.927928 0.814242 0
-0.925926 0.813529 0
-0.923924 0.81281 0
-0.921922 0.812083 0
-0.91992 0.81135 0
-0.917918 0.810609 0
-0.915916 0.809862 0
-0.913914 0.809107 0
-0.911912 0.808345 0
-0.90991 0.807577 0
-0.907908 0.806802 0
-0.905906 0.80602 0
-0.903904 0.805231 0
-0.901902 0.804437 0
-0.8999 0.803635 0
-0.897898 0.802826 0
-0.895896 0.802012 0
-0.893894 0.80119 0
-0.891892 0.800363 0
-0.88989 0.79953 0
-0.887888 0.79869 0
-0.885886 0.797844 0
-0.883884 0.796993 0
-0.881882 0.796136 0
-0.87988 0.795274 0
-0.877878 0.794405 0
-0.875876 0.793532 0
-0.873874 0.792652 0
-0.871872 0.791769 0
-0.86987 0.790879 0
-0.867868 0.789985 0
-0.865866 0.789087 0
-0.863864 0.788183 0
-0.861862 0.787275 0
-0.85986 0.786363 0
-0.857858 0.785447 0
-0.855856 0.784526 0
-0.853854 0.783603 0
-0.851852 0.782675 0
-0.84985 0.781744 0
-0.847848 0.78081 0
-0.845846 0.779873 0
-0.843844 0.778932 0
-0.841842 0.77799 0
-0.83984 0.777044 0
-0.837838 0.776096 0
-0.835836 0.775147 0
-0.833834 0.774195 0
-0.831832 0.773242 0
-0.82983 0.772288 0
-0.827828 0.771331 0
-0.825826 0.770376 0
-0.823824 0.769418 0
-0.821822 0.76846 0
-0.81982 0.767503 0
-0.817818 0.766545 0
-0.815816 0.765588 0
-0.813814 0.764631 0
-0.811812 0.763675 0
-0.80981 0.76272 0
-0.807808 0.761766 0
-0.805806 0.760815 0
-0.803804 0.759866 0
-0.801802 0.758917 0
-0.7998 0.757973 0
-0.797798 0.75703 0
-0.795796 0.75609 0
-0.793794 0.755154 0
-0.791792 0.754222 0
-0.78979 0.753294 0
-0.787788 0.752369 0
-0.785786 0.751449 0
-0.783784 0.750534 0
-0.781782 0.749623 0
-0.77978 0.748719 0
-0.777778 0.747819 0
-0.775776 0.746925 0
-0.773774 0.746038 0
-0.771772 0.745156 0
-0.76977 0.744281 0
-0.767768 0.743412 0
-0.765766 0.742551 0
-0.763764 0.741696 0
-0.761762 0.740849 0
-0.75976 0.74001 0
-0.757758 0.739177 0
-0.755756 0.738353 0
-0.753754 0.737537 0
-0.751752 0.736729 0
-0.74975 0.735928 0
-0.747748 0.735137 0
-0.745746 0.734353 0
-0.743744 0.733577 0
-0.741742 0.732811 0
-0.73974 0.732053 0
-0.737738 0.731303 0
-0.735736 0.730563 0
-0.733734 0.729829 0
-0.731732 0.729105 0
-0.72973 0.728389 0
-0.727728 0.72768 0
-0.725726 0.72698 0
-0.723724 0.726288 0
-0.721722 0.725604 0
-0.71972 0.724927 0
-0.717718 0.724257 0
-0.715716 0.723595 0
-0.713714 0.72294 0
-0.711712 0.722292 0
-0.70971 0.72165 0
-0.707708 0.721014 0
-0.705706 0.720384 0
-0.703704 0.71976 0
-0.701702 0.71914 0
-0.6997 0.718526 0
-0.697698 0.717917 0
-0.695696 0.717311 0
-0.693694 0.71671 0
-0.691692 0.716112 0
-0.68969 0.715518 0
-0.687688 0.714926 0
-0.685686 0.714337 0
-0.683684 0.71375 0
-0.681682 0.713165 0
-0.67968 0.712581 0
-0.677678 0.711999 0
-0.675676 0.711417 0
-0.673674 0.710837 0
-0.671672 0.710255 0
-0.66967 0.709674 0
-0.667668 0.709092 0
-0.665666 0.70851 0
-0.663664 0.707927 0
-0.661662 0.707342 0
-0.65966 0.706756 0
-0.657658 0.706167 0
-0.655656 0.705578 0
-0.653654 0.704986 0
-0.651652 0.704391 0
-0.64965 0.703794 0
-0.647648 0.703194 0
-0.645646 0.702592 0
-0.643644 0.701986 0
-0.641642 0.701377 0
-0.63964 0.700765 0
-0.637638 0.700149 0
-0.635636 0.69953 0
-0.633634 0.698907 0
-0.631632 0.698282 0
-0.62963 0.697653 0
-0.627628 0.69702 0
-0.625626 0.696383 0
-0.623624 0.695743 0
-0.621622 0.6951 0
-0.61962 0.694452 0
-0.617618 0.693802 0
-0.615616 0.693148 0
-0.613614 0.69249 0
-0.611612 0.69183 0
-0.60961 0.691167 0
-0.607608 0.6905 0
-0.605606 0.68983 0
-0.603604 0.689157 0
-0.601602 0.688482 0
-0.5996 0.687804 0
-0.597598 0.687123 0
-0.595596 0.68644 0
-0.593594 0.685755 0
-0.591592 0.685068 0
-0.58959 0.684379 0
-0.587588 0.683688 0
-0.585586 0.682995 0
-0.583584 0.682302 0
-0.581582 0.681606 0
-0.57958 0.68091 0
-0.577578 0.680212 0
-0.575576 0.679514 0
-0.573574 0.678814 0
-0.571572 0.678115 0
-0.56957 0.677415 0
-0.567568 0.676715 0
-0.565566 0.676015 0
-0.563564 0.675316 0
-0.561562 0.674617 0
-0.55956 0.673918 0
-0.557558 0.67322 0
-0.555556 0.672522 0
-0.553554 0.671826 0
-0.551552 0.671131 0
-0.54955 0.670437 0
-0.547548 0.669744 0
-0.545546 0.669054 0
-0.543544 0.668365 0
-0.541542 0.667677 0
-0.53954 0.666992 0
-0.537538 0.666309 0
-0.535536 0.665628 0
-0.533534 0.664949 0
-0.531532 0.664273 0
-0.52953 0.663599 0
-0.527528 0.662928 0
-0.525526 0.66226 0
-0.523524 0.661593 0
-0.521522 0.660931 0
-0.51952 0.66027 0
-0.517518 0.659612 0
-0.515516 0.658958 0
-0.513514 0.658306 0
-0.511512 0.657657 0
-0.50951 0.657011 0
-0.507508 0.656368 0
-0.505506 0.655727 0
-0.503504 0.655091 0
-0.501502 0.654456 0
-0.4995 0.653824 0
-0.497497 0.653195 0
-0.495496 0.652568 0
-0.493494 0.651945 0
-0.491492 0.651323 0
-0.48949 0.650704 0
-0.487487 0.650087 0
-0.485486 0.649473 0
-0.483484 0.64886 0
-0.481482 0.64825 0
-0.47948 0.647642 0
-0.477477 0.647035 0
-0.475476 0.64643 0
-0.473474 0.645825 0
-0.471472 0.645223 0
-0.46947 0.644621 0
-0.467467 0.644021 0
-0.465466 0.643421 0
-0.463464 0.642821 0
-0.461462 0.642222 0
-0.45946 0.641622 0
-0.457457 0.641023 0
-0.455456 0.640423 0
-0.453454 0.639822 0
-0.451452 0.63922 0
-0.44945 0.638617 0
-0.447447 0.638013 0
-0.445446 0.637407 0
-0.443444 0.636798 0
-0.441441 0.636187 0
-0.43944 0.635574 0
-0.437437 0.634958 0
-0.435436 0.634338 0
-0.433434 0.633715 0
-0.431431 0.633087 0
-0.42943 0.632455 0
-0.427427 0.631819 0
-0.425426 0.631178 0
-0.423424 0.63053 0
-0.421421 0.629877 0
-0.41942 0.629218 0
-0.417417 0.628551 0
-0.415416 0.627878 0
-0.413414 0.627197 0
-0.411411 0.626509 0
-0.40941 0.625812 0
-0.407407 0.625105 0
-0.405406 0.62439 0
-0.403404 0.623664 0
-0.401401 0.622929 0
-0.3994 0.622182 0
-0.397397 0.621424 0
-0.395396 0.620655 0
-0.393394 0.619873 0
-0.391391 0.619078 0
-0.38939 0.618271 0
-0.387387 0.61745 0
-0.385386 0.616615 0
-0.383384 0.615764 0
-0.381381 0.614898 0
-0.37938 0.614017 0
-0.377377 0.613119 0
-0.375376 0.612205 0
-0.373374 0.611274 0
-0.371371 0.610325 0
-0.36937 0.609358 0
-0.367367 0.608373 0
-0.365366 0.607368 0
-0.363364 0.606344 0
-0.361361 0.605301 0
-0.35936 0.604237 0
-0.357357 0.603153 0
-0.355355 0.602047 0
-0.353354 0.60092 0
-0.351351 0.599772 0
-0.34935 0.598602 0
-0.347347 0.597409 0
-0.345345 0.596195 0
-0.343343 0.594958 0
-0.341341 0.593697 0
-0.33934 0.592414 0
-0.337337 0.591108 0
-0.335335 0.589778 0
-0.333333 0.588425 0
-0.331331 0.587049 0
-0.32933 0.585649 0
-0.327327 0.584226 0
-0.325325 0.582779 0
-0.323323 0.581309 0
-0.321321 0.579817 0
-0.31932 0.578301 0
-0.317317 0.576762 0
-0.315315 0.575202 0
-0.313313 0.573618 0
-0.311311 0.572012 0
-0.30931 0.570385 0
-0.307307 0.568736 0
-0.305305 0.567066 0
-0.303303 0.565376 0
-0.301301 0.563665 0
-0.2993 0.561935 0
-0.297297 0.560186 0
-0.295295 0.558418 0
-0.293293 0.556631 0
-0.291291 0.554826 0
-0.28929 0.553005 0
-0.287287 0.551168 0
-0.285285 0.549314 0
-0.283283 0.547446 0
-0.281281 0.545562 0
-0.27928 0.543664 0
-0.277277 0.541753 0
-0.275275 0.53983 0
-0.273273 0.537894 0
-0.271271 0.535947 0
-0.269269 0.533989 0
-0.267267 0.532021 0
-0.265265 0.530044 0
-0.263263 0.528058 0
-0.261261 0.526063 0
-0.259259 0.524061 0
-0.257257 0.522053 0
-0.255255 0.520038 0
-0.253253 0.518019 0
-0.251251 0.515993 0
-0.249249 0.513964 0
-0.247247 0.511931 0
-0.245245 0.509894 0
-0.243243 0.507855 0
-0.241241 0.505813 0
-0.239239 0.50377 0
-0.237237 0.501726 0
-0.235235 0.499682 0
-0.233233 0.497637 0
-0.231231 0.495592 0
-0.229229 0.493548 0
-0.227227 0.491506 0
-0.225225 0.489465 0
-0.223223 0.487426 0
-0.221221 0.485389 0
-0.219219 0.483354 0
-0.217217 0.481324 0
-0.215215 0.479296 0
-0.213213 0.477272 0
-0.211211 0.475251 0
-0.209209 0.473234 0
-0.207207 0.471223 0
-0.205205 0.469216 0
-0.203203 0.467213 0
-0.201201 0.465216 0
-0.199199 0.463225 0
-0.197197 0.461239 0
-0.195195 0.459258 0
-0.193193 0.457283 0
-0.191191 0.455314 0
-0.189189 0.453351 0
-0.187187 0.451394 0
-0.185185 0.449444 0
-0.183183 0.4475 0
-0.181181 0.445563 0
-0.179179 0.443632 0
-0.177177 0.441708 0
-0.175175 0.439791 0
-0.173173 0.437881 0
-0.171171 0.435977 0
-0.169169 0.434082 0
-0.167167 0.432193 0
-0.165165 0.430311 0
-0.163163 0.428436 0
-0.161161 0.426569 0
-0.159159 0.424709 0
-0.157157 0.422856 0
-0.155155 0.42101 0
-0.153153 0.419172 0
-0.151151 0.417341 0
-0.149149 0.415517 0
-0.147147 0.413701 0
-0.145145 0.411893 0
-0.143143 0.410091 0
-0.141141 0.408297 0
-0.139139 0.406511 0
-0.137137 0.404731 0
-0.135135 0.402959 0
-0.133133 0.401195 0
-0.131131 0.399437 0
-0.129129 0.397687 0
-0.127127 0.395944 0
-0.125125 0.394209 0
-0.123123 0.39248 0
-0.121121 0.390759 0
-0.119119 0.389045 0
-0.117117 0.387338 0
-0.115115 0.385639 0
-0.113113 0.383945 0
-0.111111 0.38226 0
-0.109109 0.38058 0
-0.107107 0.378909 0
-0.105105 0.377244 0
-0.103103 0.375586 0
-0.101101 0.373933 0
-0.0990992 0.372289 0
-0.0970972 0.37065 0
-0.0950952 0.369018 0
-0.0930931 0.367392 0
-0.0910913 0.365774 0
-0.0890892 0.364161 0
-0.0870872 0.362554 0
-0.0850852 0.360954 0
-0.0830831 0.35936 0
-0.0810813 0.357772 0
-0.0790792 0.35619 0
-0.0770772 0.354614 0
-0.0750752 0.353044 0
-0.0730731 0.351479 0
-0.0710713 0.349921 0
-0.0690691 0.348368 0
-0.0670672 0.34682 0
-0.0650652 0.345278 0
-0.0630631 0.343742 0
-0.0610613 0.342211 0
-0.0590591 0.340685 0
-0.0570572 0.339164 0
-0.0550552 0.337648 0
-0.0530531 0.336138 0
-0.0510511 0.334632 0
-0.0490491 0.333131 0
-0.0470472 0.331636 0
-0.0450452 0.330145 0
-0.0430431 0.328659 0
-0.0410411 0.327178 0
-0.0390391 0.325701 0
-0.0370372 0.324229 0
-0.0350352 0.322761 0
-0.0330331 0.321298 0
-0.0310311 0.319839 0
-0.0290291 0.318385 0
-0.027027 0.316935 0
-0.0250252 0.315489 0
-0.0230231 0.314047 0
-0.0210211 0.31261 0
-0.0190191 0.311176 0
-0.017017 0.309747 0
-0.0150152 0.308322 0
-0.0130131 0.306901 0
-0.0110111 0.305484 0
-0.00900912 0.304072 0
-0.007007 0.302662 0
-0.00500518 0.301258 0
-0.00300306 0.299857 0
-0.00100109 0.29846 0
0.00100088 0.297067 0
0.003003 0.295678 0
0.00500482 0.294293 0
0.00700694 0.292911 0
0.00900891 0.291534 0
0.0110109 0.290161 0
0.013013 0.288791 0
0.0150148 0.287426 0
0.0170169 0.286064 0
0.0190189 0.284707 0
0.0210209 0.283353 0
0.023023 0.282004 0
0.0250248 0.280658 0
0.027027 0.279316 0
0.0290289 0.277978 0
0.0310309 0.276645 0
0.033033 0.275315 0
0.035035 0.273989 0
0.037037 0.272668 0
0.0390389 0.27135 0
0.0410409 0.270036 0
0.043043 0.268727 0
0.045045 0.267422 0
0.047047 0.266121 0
0.0490489 0.264824 0
0.0510509 0.263531 0
0.053053 0.262242 0
0.055055 0.260957 0
0.057057 0.259676 0
0.0590591 0.2584 0
0.0610609 0.257128 0
0.063063 0.255859 0
0.065065 0.254595 0
0.067067 0.253336 0
0.0690691 0.25208 0
0.0710709 0.250828 0
0.073073 0.249581 0
0.075075 0.248337 0
0.077077 0.247098 0
0.0790791 0.245862 0
0.0810809 0.244631 0
0.083083 0.243404 0
0.085085 0.242181 0
0.087087 0.240962 0
0.0890891 0.239746 0
0.0910909 0.238535 0
0.093093 0.237327 0
0.095095 0.236124 0
0.097097 0.234925 0
0.0990991 0.233728 0
0.101101 0.232537 0
0.103103 0.231348 0
0.105105 0.230164 0
0.107107 0.228983 0
0.109109 0.227805 0
0.111111 0.226632 0
0.113113 0.225462 0
0.115115 0.224296 0
0.117117 0.223132 0
0.119119 0.221973 0
0.121121 0.220817 0
0.123123 0.219665 0
0.125125 0.218516 0
0.127127 0.21737 0
0.129129 0.216227 0
0.131131 0.215088 0
0.133133 0.213952 0
0.135135 0.21282 0
0.137137 0.21169 0
0.139139 0.210564 0
0.141141 0.209441 0
0.143143 0.208321 0
0.145145 0.207204 0
0.147147 0.20609 0
0.149149 0.204979 0
0.151151 0.203871 0
0.153153 0.202767 0
0.155155 0.201665 0
0.157157 0.200566 0
0.159159 0.199469 0
0.161161 0.198376 0
0.163163 0.197286 0
0.165165 0.196198 0
0.167167 0.195113 0
0.169169 0.19403 0
0.171171 0.19295 0
0.173173 0.191873 0
0.175175 0.190798 0
0.177177 0.189726 0
0.179179 0.188657 0
0.181181 0.187589 0
0.183183 0.186524 0
0.185185 0.185461 0
0.187187 0.184401 0
0.189189 0.183343 0
0.191191 0.182286 0
0.193193 0.181232 0
0.195195 0.18018 0
0.197197 0.179129 0
0.199199 0.17808 0
0.201201 0.177034 0
0.203203 0.175988 0
0.205205 0.174945 0
0.207207 0.173903 0
0.209209 0.172863 0
0.211211 0.171824 0
0.213213 0.170786 0
0.215215 0.169749 0
0.217217 0.168714 0
0.219219 0.16768 0
0.221221 0.166647 0
0.223223 0.165615 0
0.225225 0.164584 0
0.227227 0.163553 0
0.229229 0.162523 0
0.231231 0.161494 0
0.233233 0.160466 0
0.235235 0.159438 0
0.237237 0.15841 0
0.239239 0.157383 0
0.241241 0.156356 0
0.243243 0.155329 0
0.245245 0.154303 0
0.247247 0.153276 0
0.249249 0.15225 0
0.251251 0.151223 0
0.253253 0.150197 0
0.255255 0.14917 0
0.257257 0.148143 0
0.259259 0.147116 0
0.261261 0.146088 0
0.263263 0.14506 0
0.265265 0.144031 0
0.267267 0.143002 0
0.269269 0.141972 0
0.271271 0.140941 0
0.273273 0.139909 0
0.275275 0.138877 0
0.277277 0.137844 0
0.279279 0.136809 0
0.281281 0.135774 0
0.283283 0.134738 0
0.285285 0.1337 0
0.287287 0.132662 0
0.289289 0.131622 0
0.291291 0.13058 0
0.293293 0.129538 0
0.295295 0.128494 0
0.297297 0.127448 0
0.299299 0.126401 0
0.301301 0.125353 0
0.303303 0.124302 0
0.305305 0.123251 0
0.307307 0.122198 0
0.309309 0.121142 0
0.311311 0.120085 0
0.313313 0.119027 0
0.315315 0.117966 0
0.317317 0.116904 0
0.319319 0.11584 0
0.321321 0.114774 0
0.323323 0.113706 0
0.325325 0.112635 0
0.327327 0.111563 0
0.329329 0.110489 0
0.331331 0.109413 0
0.333333 0.108335 0
0.335335 0.107255 0
0.337337 0.106173 0
0.339339 0.105088 0
0.341341 0.104002 0
0.343343 0.102913 0
0.345345 0.101822 0
0.347347 0.100728 0
0.349349 0.0996331 0
0.351351 0.098535 0
0.353353 0.0974351 0
0.355355 0.0963326 0
0.357357 0.0952277 0
0.359359 0.0941207 0
0.361361 0.0930111 0
0.363363 0.0918992 0
0.365365 0.090785 0
0.367367 0.0896681 0
0.369369 0.088549 0
0.371371 0.0874272 0
0.373373 0.0863031 0
0.375375 0.0851766 0
0.377377 0.0840476 0
0.379379 0.0829163 0
0.381381 0.0817826 0
0.383383 0.0806459 0
0.385385 0.0795072 0
0.387387 0.0783659 0
0.389389 0.0772223 0
0.391391 0.0760764 0
0.393393 0.0749284 0
0.395395 0.0737778 0
0.397397 0.0726251 0
0.399399 0.0714701 0
0.401401 0.0703134 0
0.403403 0.0691545 0
0.405405 0.0679936 0
0.407407 0.0668309 0
0.409409 0.065667 0
0.411411 0.064501 0
0.413413 0.0633339 0
0.415415 0.0621652 0
0.417417 0.0609955 0
0.419419 0.0598251 0
0.421421 0.0586536 0
0.423423 0.0574817 0
0.425425 0.0563094 0
0.427427 0.055137 0
0.429429 0.0539645 0
0.431431 0.0527927 0
0.433433 0.0516213 0
0.435435 0.0504507 0
0.437437 0.0492815 0
0.439439 0.0481137 0
0.441441 0.0469477 0
0.443443 0.0457837 0
0.445445 0.0446224 0
0.447447 0.0434638 0
0.449449 0.0423085 0
0.451451 0.0411566 0
0.453453 0.0400086 0
0.455455 0.0388649 0
0.457457 0.0377261 0
0.459459 0.0365923 0
0.461461 0.0354639 0
0.463463 0.0343415 0
0.465465 0.0332253 0
0.467467 0.032116 0
0.469469 0.0310137 0
0.471471 0.0299193 0
0.473473 0.0288326 0
0.475475 0.0277545 0
0.477477 0.0266851 0
0.479479 0.0256252 0
0.481481 0.0245747 0
0.483483 0.0235344 0
0.485485 0.0225044 0
0.487487 0.0214854 0
0.489489 0.0204776 0
0.491491 0.0194814 0
0.493493 0.0184969 0
0.495495 0.0175248 0
0.497497 0.0165653 0
0.499499 0.0156188 0
0.501501 0.0146854 0
0.503504 0.0137655 0
0.505505 0.0128594 0
0.507507 0.0119673 0
0.509509 0.0110894 0
0.511511 0.0102261 0
0.513514 0.00937731 0
0.515515 0.0085436 0
0.517517 0.00772479 0
0.519519 0.00692108 0
0.521521 0.00613272 0
0.523524 0.00535972 0
0.525525 0.00460228 0
0.527527 0.00386017 0
0.52953 0.00313378 0
0.531531 0.00242305 0
0.533534 0.00172788 0
0.535535 0.00104849 0
0.537537 0.000384528 0
0.53954 -0.000263794 0
0.541542 -0.000896483 0
0.543544 -0.00151384 0
0.545545 -0.00211564 0
0.547547 -0.00270227 0
0.54955 -0.00327371 0
0.551552 -0.00383011 0
0.553554 -0.00437158 0
0.555555 -0.00489824 0
0.557557 -0.00541032 0
0.55956 -0.00590801 0
0.561562 -0.00639138 0
0.563564 -0.00686062 0
0.565565 -0.00731599 0
0.567567 -0.0077578 0
0.56957 -0.00818601 0
0.571572 -0.00860087 0
0.573574 -0.00900266 0
0.575575 -0.00939164 0
0.577577 -0.00976811 0
0.57958 -0.010132 0
0.581582 -0.0104836 0
0.583584 -0.0108235 0
0.585585 -0.0111515 0
0.587587 -0.0114681 0
0.58959 -0.0117733 0
0.591592 -0.0120677 0
0.593594 -0.012351 0
0.595595 -0.0126238 0
0.597597 -0.0128862 0
0.5996 -0.0131383 0
0.601602 -0.0133807 0
0.603604 -0.0136131 0
0.605605 -0.0138362 0
0.607607 -0.0140498 0
0.60961 -0.0142544 0
0.611612 -0.0144502 0
0.613614 -0.0146371 0
0.615616 -0.0148156 0
0.617617 -0.0149858 0
0.61962 -0.0151479 0
0.621622 -0.0153021 0
0.623624 -0.0154485 0
0.625626 -0.0155874 0
0.627628 -0.0157189 0
0.62963 -0.0158432 0
0.631632 -0.0159605 0
0.633634 -0.016071 0
0.635636 -0.0161746 0
0.637638 -0.0162719 0
0.63964 -0.0163627 0
0.641642 -0.0164473 0
0.643644 -0.0165259 0
0.645646 -0.0165987 0
0.647648 -0.0166656 0
0.64965 -0.016727 0
0.651652 -0.0167829 0
0.653654 -0.0168335 0
0.655656 -0.0168788 0
0.657658 -0.0169193 0
0.65966 -0.0169548 0
0.661662 -0.0169854 0
0.663664 -0.0170113 0
0.665666 -0.0170328 0
0.667668 -0.0170499 0
0.66967 -0.0170627 0
0.671672 -0.0170713 0
0.673674 -0.0170759 0
0.675676 -0.0170765 0
0.677678 -0.0170732 0
0.67968 -0.0170662 0
0.681682 -0.0170556 0
0.683684 -0.0170415 0
0.685686 -0.0170238 0
0.687688 -0.0170028 0
0.68969 -0.0169785 0
0.691692 -0.0169511 0
0.693694 -0.0169207 0
0.695696 -0.0168872 0
0.697698 -0.0168507 0
0.6997 -0.0168114 0
0.701702 -0.0167694 0
0.703704 -0.0167247 0
0.705706 -0.0166774 0
0.707708 -0.0166276 0
0.70971 -0.0165754 0
0.711712 -0.0165205 0
0.713714 -0.0164635 0
0.715716 -0.0164042 0
0.717718 -0.0163426 0
0.71972 -0.0162789 0
0.721722 -0.0162131 0
0.723724 -0.0161454 0
0.725726 -0.0160756 0
0.727728 -0.0160039 0
0.72973 -0.0159303 0
0.731732 -0.015855 0
0.733734 -0.015778 0
0.735736 -0.0156993 0
0.737738 -0.0156188 0
0.73974 -0.0155368 0
0.741742 -0.0154533 0
0.743744 -0.0153683 0
0.745746 -0.0152819 0
0.747748 -0.015194 0
0.74975 -0.0151048 0
0.751752 -0.0150143 0
0.753754 -0.0149225 0
0.755756 -0.0148295 0
0.757758 -0.0147354 0
0.75976 -0.0146401 0
0.761762 -0.0145437 0
0.763764 -0.0144462 0
0.765766 -0.0143478 0
0.767768 -0.0142483 0
0.76977 -0.0141479 0
0.771772 -0.0140465 0
0.773774 -0.0139442 0
0.775776 -0.0138411 0
0.777778 -0.0137372 0
0.77978 -0.0136324 0
0.781782 -0.0135268 0
0.783784 -0.0134204 0
0.785786 -0.0133133 0
0.787788 -0.0132053 0
0.78979 -0.0130969 0
0.791792 -0.0129875 0
0.793794 -0.0128775 0
0.795796 -0.0127669 0
0.797798 -0.0126555 0
0.7998 -0.0125435 0
0.801802 -0.0124308 0
0.803804 -0.0123176 0
0.805806 -0.0122036 0
0.807808 -0.0120889 0
0.80981 -0.0119736 0
0.811812 -0.0118576 0
0.813814 -0.011741 0
0.815816 -0.0116237 0
0.817818 -0.0115058 0
0.81982 -0.0113872 0
0.821822 -0.0112678 0
0.823824 -0.0111478 0
0.825826 -0.0110271 0
0.827828 -0.0109057 0
0.82983 -0.0107837 0
0.831832 -0.0106608 0
0.833834 -0.0105374 0
0.835836 -0.0104132 0
0.837838 -0.0102882 0
0.83984 -0.0101625 0
0.841842 -0.0100362 0
0.843844 -0.00990901 0
0.845846 -0.00978115 0
0.847848 -0.00965257 0
0.84985 -0.00952327 0
0.851852 -0.00939328 0
0.853854 -0.00926252 0
0.855856 -0.00913109 0
0.857858 -0.00899893 0
0.85986 -0.00886609 0
0.861862 -0.00873259 0
0.863864 -0.00859841 0
0.865866 -0.0084636 0
0.867868 -0.00832817 0
0.86987 -0.00819207 0
0.871872 -0.00805542 0
0.873874 -0.00791819 0
0.875876 -0.00778049 0
0.877878 -0.00764217 0
0.87988 -0.00750341 0
0.881882 -0.00736419 0
0.883884 -0.00722448 0
0.885886 -0.00708438 0
0.887888 -0.00694389 0
0.88989 -0.00680295 0
0.891892 -0.00666166 0
0.893894 -0.00652009 0
0.895896 -0.00637819 0
0.897898 -0.00623609 0
0.8999 -0.00609369 0
0.901902 -0.0059511 0
0.903904 -0.0058083 0
0.905906 -0.00566529 0
0.907908 -0.0055221 0
0.90991 -0.00537883 0
0.911912 -0.00523537 0
0.913914 -0.00509179 0
0.915916 -0.00494811 0
0.917918 -0.00480438 0
0.91992 -0.0046605 0
0.921922 -0.00451662 0
0.923924 -0.00437261 0
0.925926 -0.00422855 0
0.927928 -0.00408443 0
0.92993 -0.00394029 0
0.931932 -0.00379607 0
0.933934 -0.00365179 0
0.935936 -0.00350744 0
0.937938 -0.00336302 0
0.93994 -0.00321851 0
0.941942 -0.00307391 0
0.943944 -0.00292927 0
0.945946 -0.00278447 0
0.947948 -0.00263961 0
0.94995 -0.00249455 0
0.951952 -0.00234937 0
0.953954 -0.00220404 0
0.955956 -0.00205855 0
0.957958 -0.00191288 0
0.95996 -0.001767 0
0.961962 -0.00162091 0
0.963964 -0.00147463 0
0.965966 -0.0013281 0
0.967968 -0.00118131 0
0.96997 -0.00103424 0
0.971972 -0.000886897 0
0.973974 -0.000739272 0
0.975976 -0.000591331 0
0.977978 -0.000443103 0
0.97998 -0.000294531 0
0.981982 -0.0001456 0
0.983984 3.64945e-06 0
0.985986 0.000153217 0
0.987988 0.000303174 0
0.98999 0.000453482 0
0.991992 0.000604156 0
0.993994 0.000755177 0
0.995996 0.000906545 0
0.997998 0.00105829 0
1 0.0012104 0
