-3 -1.85083e-06 0
-2.9912 -1.86265e-06 0
-2.9824 -1.87235e-06 0
-2.97361 -1.88028e-06 0
-2.96481 -1.88675e-06 0
-2.95601 -1.89205e-06 0
-2.94721 -1.89644e-06 0
-2.93842 -1.90012e-06 0
-2.92962 -1.9033e-06 0
-2.92082 -1.90614e-06 0
-2.91202 -1.90878e-06 0
-2.90323 -1.91135e-06 0
-2.89443 -1.91398e-06 0
-2.88563 -1.91675e-06 0
-2.87683 -1.91979e-06 0
-2.86803 -1.92318e-06 0
-2.85924 -1.927e-06 0
-2.85044 -1.93133e-06 0
-2.84164 -1.93625e-06 0
-2.83284 -1.94182e-06 0
-2.82405 -1.94808e-06 0
-2.81525 -1.95508e-06 0
-2.80645 -1.96284e-06 0
-2.79765 -1.97138e-06 0
-2.78886 -1.98068e-06 0
-2.78006 -1.99073e-06 0
-2.77126 -2.00151e-06 0
-2.76246 -2.01295e-06 0
-2.75367 -2.025e-06 0
-2.74487 -2.03757e-06 0
-2.73607 -2.05055e-06 0
-2.72727 -2.06385e-06 0
-2.71847 -2.07733e-06 0
-2.70968 -2.09083e-06 0
-2.70088 -2.10421e-06 0
-2.69208 -2.11729e-06 0
-2.68328 -2.12985e-06 0
-2.67449 -2.1417e-06 0
-2.66569 -2.15256e-06 0
-2.65689 -2.16217e-06 0
-2.64809 -2.17019e-06 0
-2.6393 -2.17626e-06 0
-2.6305 -2.17991e-06 0
-2.6217 -2.18063e-06 0
-2.6129 -2.17777e-06 0
-2.6041 -2.17059e-06 0
-2.59531 -2.15815e-06 0
-2.58651 -2.13935e-06 0
-2.57771 -2.11285e-06 0
-2.56891 -2.07704e-06 0
-2.56012 -2.02995e-06 0
-2.55132 -1.96925e-06 0
-2.54252 -1.89209e-06 0
-2.53372 -1.79507e-06 0
-2.52493 -1.6741e-06 0
-2.51613 -1.52424e-06 0
-2.50733 -1.3396e-06 0
-2.49853 -1.11306e-06 0
-2.48974 -8.36119e-07 0
-2.48094 -4.98553e-07 0
-2.47214 -8.81027e-08 0
-2.46334 4.09943e-07 0
-2.45455 1.01321e-06 0
-2.44575 1.74285e-06 0
-2.43695 2.62419e-06 0
-2.42815 3.68758e-06 0
-2.41935 4.96931e-06 0
-2.41056 6.51282e-06 0
-2.40176 8.36998e-06 0
-2.39296 1.06027e-05 0
-2.38416 1.32846e-05 0
-2.37537 1.65036e-05 0
-2.36657 2.03635e-05 0
-2.35777 2.49879e-05 0
-2.34897 3.05222e-05 0
-2.34018 3.71381e-05 0
-2.33138 4.50368e-05 0
-2.32258 5.44534e-05 0
-2.31378 6.5661e-05 0
-2.30499 7.89748e-05 0
-2.29619 9.47561e-05 0
-2.28739 0.000113415 0
-2.27859 0.000135412 0
-2.26979 0.000161259 0
-2.261 0.000191515 0
-2.2522 0.000226784 0
-2.2434 0.000267703 0
-2.2346 0.000314936 0
-2.22581 0.000369148 0
-2.21701 0.000430993 0
-2.20821 0.000501087 0
-2.19941 0.000579973 0
-2.19062 0.000668097 0
-2.18182 0.000765769 0
-2.17302 0.00087314 0
-2.16422 0.000990176 0
-2.15543 0.00111665 0
-2.14663 0.00125216 0
-2.13783 0.00139614 0
-2.12903 0.00154794 0
-2.12023 0.00170686 0
-2.11144 0.00187225 0
-2.10264 0.00204356 0
-2.09384 0.00222044 0
-2.08504 0.00240275 0
-2.07625 0.00259061 0
-2.06745 0.00278438 0
-2.05865 0.00298464 0
-2.04985 0.00319214 0
-2.04106 0.00340777 0
-2.03226 0.00363247 0
-2.02346 0.00386721 0
-2.01466 0.00411294 0
-2.00586 0.00437059 0
-1.99707 0.004641 0
-1.98827 0.00492494 0
-1.97947 0.00522311 0
-1.97067 0.00553612 0
-1.96188 0.00586446 0
-1.95308 0.00620855 0
-1.94428 0.00656866 0
-1.93548 0.0069449 0
-1.92669 0.00733723 0
-1.91789 0.00774532 0
-1.90909 0.00816867 0
-1.90029 0.0086065 0
-1.8915 0.00905787 0
-1.8827 0.00952169 0
-1.8739 0.00999692 0
-1.8651 0.0104826 0
-1.8563 0.0109781 0
-1.84751 0.011483 0
-1.83871 0.0119976 0
-1.82991 0.0125226 0
-1.82111 0.0130591 0
-1.81232 0.0136089 0
-1.80352 0.014174 0
-1.79472 0.0147566 0
-1.78592 0.0153591 0
-1.77713 0.0159839 0
-1.76833 0.0166328 0
-1.75953 0.0173078 0
-1.75073 0.0180104 0
-1.74194 0.0187417 0
-1.73314 0.019503 0
-1.72434 0.0202952 0
-1.71554 0.0211195 0
-1.70674 0.0219772 0
-1.69795 0.02287 0
-1.68915 0.0237997 0
-1.68035 0.0247682 0
-1.67155 0.0257774 0
-1.66276 0.0268292 0
-1.65396 0.0279249 0
-1.64516 0.029066 0
-1.63636 0.0302532 0
-1.62757 0.0314873 0
-1.61877 0.0327686 0
-1.60997 0.0340978 0
-1.60117 0.0354753 0
-1.59238 0.0369019 0
-1.58358 0.0383784 0
-1.57478 0.0399061 0
-1.56598 0.0414865 0
-1.55718 0.0431214 0
-1.54839 0.0448133 0
-1.53959 0.0465649 0
-1.53079 0.0483793 0
-1.52199 0.0502602 0
-1.5132 0.0522119 0
-1.5044 0.0542388 0
-1.4956 0.0563457 0
-1.4868 0.0585381 0
-1.47801 0.0608214 0
-1.46921 0.0632012 0
-1.46041 0.0656836 0
-1.45161 0.0682746 0
-1.44282 0.0709801 0
-1.43402 0.0738062 0
-1.42522 0.0767584 0
-1.41642 0.0798422 0
-1.40762 0.0830627 0
-1.39883 0.0864246 0
-1.39003 0.0899321 0
-1.38123 0.0935891 0
-1.37243 0.0973994 0
-1.36364 0.101367 0
-1.35484 0.105494 0
-1.34604 0.109786 0
-1.33724 0.114245 0
-1.32845 0.118873 0
-1.31965 0.123675 0
-1.31085 0.128652 0
-1.30205 0.133806 0
-1.29325 0.13914 0
-1.28446 0.144654 0
-1.27566 0.150349 0
-1.26686 0.156225 0
-1.25806 0.162283 0
-1.24927 0.168524 0
-1.24047 0.174948 0
-1.23167 0.181558 0
-1.22287 0.188355 0
-1.21408 0.19534 0
-1.20528 0.202517 0
-1.19648 0.209887 0
-1.18768 0.217451 0
-1.17889 0.22521 0
-1.17009 0.233163 0
-1.16129 0.241308 0
-1.15249 0.249641 0
-1.14369 0.258159 0
-1.1349 0.266855 0
-1.1261 0.275722 0
-1.1173 0.284752 0
-1.1085 0.293933 0
-1.09971 0.303257 0
-1.09091 0.31271 0
-1.08211 0.322283 0
-1.07331 0.331961 0
-1.06452 0.341732 0
-1.05572 0.351583 0
-1.04692 0.361501 0
-1.03812 0.371471 0
-1.02933 0.38148 0
-1.02053 0.391515 0
-1.01173 0.401559 0
-1.00293 0.411599 0
-0.994135 0.421618 0
-0.985337 0.431602 0
-0.976539 0.441534 0
-0.967742 0.451397 0
-0.958944 0.461178 0
-0.950146 0.470861 0
-0.941349 0.480432 0
-0.932551 0.489876 0
-0.923753 0.499181 0
-0.914956 0.508334 0
-0.906158 0.517326 0
-0.897361 0.526145 0
-0.888563 0.534782 0
-0.879765 0.543229 0
-0.870968 0.551476 0
-0.86217 0.559518 0
-0.853372 0.567346 0
-0.844575 0.574955 0
-0.835777 0.582337 0
-0.826979 0.589485 0
-0.818182 0.596395 0
-0.809384 0.603058 0
-0.800586 0.609468 0
-0.791789 0.615618 0
-0.782991 0.621503 0
-0.774194 0.627115 0
-0.765396 0.632449 0
-0.756598 0.637501 0
-0.7478 0.642267 0
-0.739002 0.646741 0
-0.730205 0.650924 0
-0.721407 0.654814 0
-0.712609 0.65841 0
-0.703812 0.661714 0
-0.695014 0.664727 0
-0.686216 0.667453 0
-0.677419 0.669894 0
-0.668621 0.672054 0
-0.659824 0.67394 0
-0.651026 0.675554 0
-0.642228 0.676904 0
-0.633431 0.677997 0
-0.624633 0.678838 0
-0.615835 0.679439 0
-0.607038 0.679808 0
-0.59824 0.679955 0
-0.589442 0.679893 0
-0.580645 0.679634 0
-0.571847 0.67919 0
-0.563049 0.678572 0
-0.554252 0.67779 0
-0.545454 0.676852 0
-0.536656 0.675767 0
-0.527859 0.674537 0
-0.519061 0.673164 0
-0.510264 0.671649 0
-0.501466 0.669988 0
-0.492668 0.66818 0
-0.483871 0.66622 0
-0.475073 0.664105 0
-0.466275 0.661832 0
-0.457478 0.659397 0
-0.44868 0.656801 0
-0.439882 0.654042 0
-0.431085 0.651123 0
-0.422287 0.648047 0
-0.413489 0.644817 0
-0.404692 0.64144 0
-0.395894 0.63792 0
-0.387097 0.634263 0
-0.378299 0.630475 0
-0.369501 0.626559 0
-0.360704 0.62252 0
-0.351906 0.618361 0
-0.343108 0.614082 0
-0.334311 0.609686 0
-0.325513 0.605172 0
-0.316715 0.60054 0
-0.307918 0.595791 0
-0.29912 0.590925 0
-0.290322 0.585943 0
-0.281525 0.580842 0
-0.272727 0.575628 0
-0.263929 0.570296 0
-0.255132 0.56485 0
-0.246334 0.559291 0
-0.237537 0.553619 0
-0.228739 0.547839 0
-0.219941 0.541949 0
-0.211144 0.535952 0
-0.202346 0.529848 0
-0.193548 0.52364 0
-0.184751 0.517326 0
-0.175953 0.510906 0
-0.167155 0.504381 0
-0.158358 0.497749 0
-0.14956 0.49101 0
-0.140762 0.484163 0
-0.131965 0.477207 0
-0.123167 0.470142 0
-0.11437 0.46297 0
-0.105571 0.455689 0
-0.0967736 0.448303 0
-0.087976 0.440813 0
-0.0791783 0.433219 0
-0.0703807 0.425526 0
-0.061583 0.417735 0
-0.0527854 0.409848 0
-0.0439878 0.40187 0
-0.0351901 0.393802 0
-0.0263925 0.385648 0
-0.0175948 0.377411 0
-0.00879717 0.369092 0
4.76837e-07 0.360694 0
0.00879812 0.352219 0
0.0175958 0.343667 0
0.0263934 0.335042 0
0.0351911 0.326344 0
0.0439887 0.317577 0
0.0527864 0.308743 0
0.061584 0.299845 0
0.0703816 0.29089 0
0.0791793 0.28188 0
0.0879769 0.272824 0
0.0967746 0.263729 0
0.105572 0.254604 0
0.11437 0.245457 0
0.123168 0.236297 0
0.131965 0.227133 0
0.140763 0.217975 0
0.14956 0.208833 0
0.158358 0.199717 0
0.167156 0.190637 0
0.175953 0.181604 0
0.184751 0.172629 0
0.193549 0.163726 0
0.202346 0.154905 0
0.211144 0.146182 0
0.219942 0.13757 0
0.228739 0.129085 0
0.237537 0.12074 0
0.246335 0.112552 0
0.255132 0.104533 0
0.26393 0.0966973 0
0.272727 0.0890565 0
0.281525 0.08162 0
0.290323 0.0743958 0
0.29912 0.0673896 0
0.307918 0.0606046 0
0.316716 0.0540429 0
0.325513 0.0477045 0
0.334311 0.0415877 0
0.343109 0.0356906 0
0.351906 0.0300111 0
0.360704 0.0245447 0
0.369502 0.019289 0
0.378299 0.0142413 0
0.387097 0.00939864 0
0.395895 0.00475833 0
0.404692 0.000318586 0
0.41349 -0.00392279 0
0.422287 -0.00796768 0
0.431085 -0.0118193 0
0.439883 -0.0154798 0
0.44868 -0.0189522 0
0.457478 -0.0222404 0
0.466276 -0.0253481 0
0.475073 -0.028279 0
0.483871 -0.0310374 0
0.492669 -0.0336278 0
0.501466 -0.0360542 0
0.510264 -0.0383212 0
0.519062 -0.0404343 0
0.527859 -0.0423991 0
0.536657 -0.0442219 0
0.545455 -0.0459095 0
0.554253 -0.0474692 0
0.56305 -0.0489091 0
0.571848 -0.0502375 0
0.580646 -0.0514627 0
0.589443 -0.0525928 0
0.598241 -0.0536352 0
0.607039 -0.0545969 0
0.615836 -0.0554829 0
0.624634 -0.0562986 0
0.633432 -0.0570473 0
0.642229 -0.0577316 0
0.651027 -0.0583527 0
0.659824 -0.0589119 0
0.668622 -0.0594089 0
0.67742 -0.059844 0
0.686217 -0.0602165 0
0.695015 -0.0605268 0
0.703813 -0.0607756 0
0.71261 -0.0609642 0
0.721408 -0.0610951 0
0.730206 -0.0611711 0
0.739003 -0.0611963 0
0.747801 -0.0611754 0
0.756599 -0.0611131 0
0.765396 -0.0610145 0
0.774194 -0.0608838 0
0.782992 -0.0607253 0
0.791789 -0.0605418 0
0.800587 -0.0603358 0
0.809384 -0.0601089 0
0.818182 -0.059862 0
0.82698 -0.0595952 0
0.835777 -0.0593087 0
0.844575 -0.059002 0
0.853373 -0.058675 0
0.86217 -0.0583281 0
0.870968 -0.0579611 0
0.879766 -0.0575749 0
0.888563 -0.0571705 0
0.897361 -0.0567489 0
0.906159 -0.0563117 0
0.914956 -0.0558601 0
0.923754 -0.0553952 0
0.932552 -0.0549179 0
0.941349 -0.0544286 0
0.950147 -0.0539265 0
0.958944 -0.0534105 0
0.967742 -0.0528781 0
0.97654 -0.0523261 0
0.985337 -0.0517502 0
0.994135 -0.0511454 0
1.00293 -0.0505061 0
1.01173 -0.0498261 0
1.02053 -0.0490994 0
1.02933 -0.0483195 0
1.03812 -0.0474806 0
1.04692 -0.0465775 0
1.05572 -0.0456054 0
1.06452 -0.0445609 0
1.07331 -0.0434415 0
1.08211 -0.0422462 0
1.09091 -0.0409751 0
1.09971 -0.03963 0
1.1085 -0.038214 0
1.1173 -0.0367315 0
1.1261 -0.0351879 0
1.1349 -0.0335897 0
1.1437 -0.0319439 0
1.15249 -0.0302578 0
1.16129 -0.0285392 0
1.17009 -0.0267957 0
1.17889 -0.0250349 0
1.18768 -0.0232642 0
1.19648 -0.0214902 0
1.20528 -0.0197196 0
1.21408 -0.0179583 0
1.22287 -0.0162119 0
1.23167 -0.0144852 0
1.24047 -0.0127829 0
1.24927 -0.0111088 0
1.25806 -0.00946619 0
1.26686 -0.00785791 0
1.27566 -0.00628597 0
1.28446 -0.0047516 0
1.29326 -0.00325531 0
1.30205 -0.00179665 0
1.31085 -0.000374322 0
1.31965 0.00101371 0
1.32845 0.00236996 0
1.33724 0.00369732 0
1.34604 0.00499834 0
1.35484 0.00627526 0
1.36364 0.00752962 0
1.37243 0.00876191 0
1.38123 0.00997187 0
1.39003 0.0111585 0
1.39883 0.0123203 0
1.40762 0.0134559 0
1.41642 0.0145643 0
1.42522 0.015645 0
1.43402 0.0166987 0
1.44282 0.0177266 0
1.45161 0.0187312 0
1.46041 0.0197156 0
1.46921 0.0206834 0
1.47801 0.0216384 0
1.4868 0.0225845 0
1.4956 0.0235251 0
1.5044 0.0244631 0
1.5132 0.0254006 0
1.52199 0.0263388 0
1.53079 0.0272781 0
1.53959 0.0282179 0
1.54839 0.0291566 0
1.55718 0.0300918 0
1.56598 0.0310204 0
1.57478 0.0319385 0
1.58358 0.0328419 0
1.59238 0.0337258 0
1.60117 0.0345857 0
1.60997 0.0354172 0
1.61877 0.0362164 0
1.62757 0.0369804 0
1.63636 0.0377069 0
1.64516 0.0383951 0
1.65396 0.039045 0
1.66276 0.0396575 0
1.67155 0.0402346 0
1.68035 0.0407788 0
1.68915 0.0412931 0
1.69795 0.0417811 0
1.70675 0.0422468 0
1.71554 0.0426946 0
1.72434 0.0431291 0
1.73314 0.0435555 0
1.74194 0.0439782 0
1.75073 0.0444016 0
1.75953 0.0448295 0
1.76833 0.0452643 0
1.77713 0.0457073 0
1.78592 0.0461582 0
1.79472 0.0466155 0
1.80352 0.047076 0
1.81232 0.047536 0
1.82111 0.0479909 0
1.82991 0.0484363 0
1.83871 0.0488677 0
1.84751 0.0492813 0
1.85631 0.0496741 0
1.8651 0.0500434 0
1.8739 0.0503878 0
1.8827 0.0507064 0
1.8915 0.0509989 0
1.90029 0.0512656 0
1.90909 0.051507 0
1.91789 0.051724 0
1.92669 0.0519175 0
1.93548 0.0520883 0
1.94428 0.0522375 0
1.95308 0.052366 0
1.96188 0.0524753 0
1.97067 0.0525668 0
1.97947 0.0526427 0
1.98827 0.0527052 0
1.99707 0.0527577 0
2.00587 0.0528032 0
2.01466 0.0528455 0
2.02346 0.052888 0
2.03226 0.0529339 0
2.04106 0.0529857 0
2.04985 0.0530447 0
2.05865 0.0531116 0
2.06745 0.0531856 0
2.07625 0.0532652 0
2.08504 0.0533477 0
2.09384 0.0534301 0
2.10264 0.0535096 0
2.11144 0.053583 0
2.12023 0.0536484 0
2.12903 0.0537046 0
2.13783 0.0537513 0
2.14663 0.0537895 0
2.15543 0.053821 0
2.16422 0.0538482 0
2.17302 0.0538735 0
2.18182 0.0538995 0
2.19062 0.0539277 0
2.19941 0.0539591 0
2.20821 0.0539934 0
2.21701 0.0540297 0
2.22581 0.0540658 0
2.2346 0.0540993 0
2.2434 0.0541271 0
2.2522 0.0541463 0
2.261 0.0541536 0
2.26979 0.0541466 0
2.27859 0.054123 0
2.28739 0.0540812 0
2.29619 0.0540197 0
2.30499 0.053938 0
2.31378 0.0538359 0
2.32258 0.0537136 0
2.33138 0.0535721 0
2.34018 0.0534127 0
2.34897 0.0532376 0
2.35777 0.0530494 0
2.36657 0.0528512 0
2.37537 0.0526463 0
2.38416 0.0524382 0
2.39296 0.0522304 0
2.40176 0.0520258 0
2.41056 0.0518267 0
2.41936 0.0516346 0
2.42815 0.05145 0
2.43695 0.0512725 0
2.44575 0.051101 0
2.45455 0.0509334 0
2.46334 0.0507672 0
2.47214 0.0505996 0
2.48094 0.0504274 0
2.48974 0.0502476 0
2.49853 0.0500576 0
2.50733 0.0498549 0
2.51613 0.0496377 0
2.52493 0.0494051 0
2.53372 0.0491568 0
2.54252 0.0488931 0
2.55132 0.0486154 0
2.56012 0.0483257 0
2.56892 0.0480262 0
2.57771 0.0477194 0
2.58651 0.0474079 0
2.59531 0.0470937 0
2.60411 0.0467787 0
2.6129 0.046464 0
2.6217 0.0461501 0
2.6305 0.0458369 0
2.6393 0.0455238 0
2.64809 0.0452099 0
2.65689 0.0448939 0
2.66569 0.0445746 0
2.67449 0.0442504 0
2.68328 0.0439199 0
2.69208 0.0435817 0
2.70088 0.0432342 0
2.70968 0.0428757 0
2.71848 0.0425047 0
2.72727 0.0421194 0
2.73607 0.0417184 0
2.74487 0.0413007 0
2.75367 0.0408657 0
2.76246 0.0404134 0
2.77126 0.0399445 0
2.78006 0.0394606 0
2.78886 0.0389637 0
2.79765 0.0384562 0
2.80645 0.0379411 0
2.81525 0.0374208 0
2.82405 0.0368979 0
2.83284 0.0363745 0
2.84164 0.0358519 0
2.85044 0.0353311 0
2.85924 0.0348121 0
2.86804 0.0342944 0
2.87683 0.0337775 0
2.88563 0.0332601 0
2.89443 0.0327412 0
2.90323 0.0322197 0
2.91202 0.0316948 0
2.92082 0.0311658 0
2.92962 0.0306321 0
2.93842 0.0300935 0
2.94721 0.0295496 0
2.95601 0.0290003 0
2.96481 0.0284452 0
2.97361 0.0278839 0
2.9824 0.0273164 0
2.9912 0.0267427 0
3 0.0261632 0
3.0088 0.0255786 0
3.0176 0.0249905 0
3.02639 0.0244009 0
3.03519 0.023812 0
3.04399 0.0232265 0
3.05279 0.0226466 0
3.06158 0.0220741 0
3.07038 0.0215101 0
3.07918 0.0209545 0
3.08798 0.0204061 0
3.09677 0.0198633 0
3.10557 0.0193236 0
3.11437 0.0187843 0
3.12317 0.018243 0
3.13196 0.0176979 0
3.14076 0.0171481 0
3.14956 0.0165934 0
3.15836 0.0160344 0
3.16716 0.0154726 0
3.17595 0.0149097 0
3.18475 0.0143478 0
3.19355 0.0137891 0
3.20235 0.0132355 0
3.21114 0.0126891 0
3.21994 0.0121519 0
3.22874 0.0116255 0
3.23754 0.0111115 0
3.24633 0.0106114 0
3.25513 0.0101263 0
3.26393 0.00965729 0
3.27273 0.00920496 0
3.28153 0.00876965 0
3.29032 0.00835122 0
3.29912 0.00794902 0
3.30792 0.00756199 0
3.31672 0.00718837 0
3.32551 0.00682599 0
3.33431 0.00647229 0
3.34311 0.00612433 0
3.35191 0.00577913 0
3.3607 0.00543377 0
3.3695 0.00508583 0
3.3783 0.00473338 0
3.3871 0.00437544 0
3.39589 0.00401176 0
3.40469 0.00364307 0
3.41349 0.00327082 0
3.42229 0.00289694 0
3.43109 0.00252371 0
3.43988 0.00215329 0
3.44868 0.00178762 0
3.45748 0.0014283 0
3.46628 0.0010764 0
3.47507 0.000732592 0
3.48387 0.000397252 0
3.49267 7.04997e-05 0
3.50147 -0.000247623 0
3.51026 -0.000557141 0
3.51906 -0.000857988 0
3.52786 -0.0011503 0
3.53666 -0.00143421 0
3.54545 -0.00171005 0
3.55425 -0.00197829 0
3.56305 -0.00223951 0
3.57185 -0.00249426 0
3.58065 -0.00274302 0
3.58944 -0.002986 0
3.59824 -0.00322309 0
3.60704 -0.00345381 0
3.61584 -0.00367741 0
3.62463 -0.00389296 0
3.63343 -0.00409952 0
3.64223 -0.00429633 0
3.65103 -0.00448291 0
3.65982 -0.00465943 0
3.66862 -0.00482659 0
3.67742 -0.00498586 0
3.68622 -0.00513934 0
3.69501 -0.00528975 0
3.70381 -0.00544009 0
3.71261 -0.00559343 0
3.72141 -0.00575254 0
3.73021 -0.00591952 0
3.739 -0.00609551 0
3.7478 -0.00628047 0
3.7566 -0.00647321 0
3.7654 -0.00667136 0
3.77419 -0.00687174 0
3.78299 -0.00707062 0
3.79179 -0.00726421 0
3.80059 -0.00744897 0
3.80938 -0.00762201 0
3.81818 -0.00778119 0
3.82698 -0.00792528 0
3.83578 -0.00805387 0
3.84457 -0.00816722 0
3.85337 -0.00826609 0
3.86217 -0.00835155 0
3.87097 -0.00842482 0
3.87977 -0.00848714 0
3.88856 -0.00853978 0
3.89736 -0.00858396 0
3.90616 -0.00862093 0
3.91496 -0.00865207 0
3.92375 -0.00867894 0
3.93255 -0.00870338 0
3.94135 -0.00872758 0
3.95015 -0.00875403 0
3.95894 -0.0087855 0
3.96774 -0.00882478 0
3.97654 -0.00887457 0
3.98534 -0.00893713 0
3.99414 -0.00901411 0
4.00293 -0.00910633 0
4.01173 -0.00921367 0
4.02053 -0.00933507 0
4.02933 -0.00946856 0
4.03812 -0.00961146 0
4.04692 -0.00976052 0
4.05572 -0.00991218 0
4.06452 -0.0100627 0
4.07331 -0.0102086 0
4.08211 -0.0103465 0
4.09091 -0.0104735 0
4.09971 -0.010587 0
4.1085 -0.0106852 0
4.1173 -0.0107666 0
4.1261 -0.0108305 0
4.1349 -0.0108766 0
4.14369 -0.0109053 0
4.15249 -0.0109176 0
4.16129 -0.0109152 0
4.17009 -0.0109 0
4.17889 -0.0108744 0
4.18768 -0.0108411 0
4.19648 -0.0108027 0
4.20528 -0.0107616 0
4.21408 -0.01072 0
4.22287 -0.0106793 0
4.23167 -0.0106407 0
4.24047 -0.0106046 0
4.24927 -0.010571 0
4.25806 -0.0105393 0
4.26686 -0.0105089 0
4.27566 -0.010479 0
4.28446 -0.0104489 0
4.29325 -0.0104181 0
4.30205 -0.0103865 0
4.31085 -0.0103542 0
4.31965 -0.010322 0
4.32845 -0.0102906 0
4.33724 -0.0102615 0
4.34604 -0.0102358 0
4.35484 -0.0102151 0
4.36364 -0.0102004 0
4.37243 -0.0101926 0
4.38123 -0.0101918 0
4.39003 -0.0101978 0
4.39883 -0.0102093 0
4.40762 -0.0102246 0
4.41642 -0.0102414 0
4.42522 -0.0102572 0
4.43402 -0.0102691 0
4.44282 -0.0102746 0
4.45161 -0.0102716 0
4.46041 -0.0102582 0
4.46921 -0.0102335 0
4.47801 -0.0101972 0
4.4868 -0.0101494 0
4.4956 -0.0100911 0
4.5044 -0.0100235 0
4.5132 -0.00994852 0
4.52199 -0.00986797 0
4.53079 -0.00978402 0
4.53959 -0.0096989 0
4.54839 -0.00961479 0
4.55719 -0.00953384 0
4.56598 -0.00945797 0
4.57478 -0.00938883 0
4.58358 -0.00932755 0
4.59238 -0.00927476 0
4.60117 -0.0092304 0
4.60997 -0.00919372 0
4.61877 -0.00916333 0
4.62757 -0.00913728 0
4.63636 -0.00911317 0
4.64516 -0.00908842 0
4.65396 -0.00906036 0
4.66276 -0.00902644 0
4.67155 -0.00898428 0
4.68035 -0.0089318 0
4.68915 -0.00886727 0
4.69795 -0.00878939 0
4.70675 -0.00869725 0
4.71554 -0.0085905 0
4.72434 -0.00846939 0
4.73314 -0.00833473 0
4.74194 -0.00818793 0
4.75073 -0.00803094 0
4.75953 -0.00786609 0
4.76833 -0.00769591 0
4.77713 -0.007523 0
4.78592 -0.00734989 0
4.79472 -0.00717891 0
4.80352 -0.00701213 0
4.81232 -0.00685134 0
4.82111 -0.00669806 0
4.82991 -0.00655343 0
4.83871 -0.00641833 0
4.84751 -0.0062932 0
4.85631 -0.0061781 0
4.8651 -0.00607273 0
4.8739 -0.00597633 0
4.8827 -0.00588786 0
4.8915 -0.00580597 0
4.90029 -0.00572922 0
4.90909 -0.00565608 0
4.91789 -0.00558509 0
4.92669 -0.00551494 0
4.93548 -0.00544438 0
4.94428 -0.00537235 0
4.95308 -0.00529783 0
4.96188 -0.0052199 0
4.97067 -0.00513768 0
4.97947 -0.0050504 0
4.98827 -0.00495747 0
4.99707 -0.00485854 0
5.00587 -0.00475354 0
5.01466 -0.00464279 0
5.02346 -0.00452697 0
5.03226 -0.00440706 0
5.04106 -0.00428425 0
5.04985 -0.00415981 0
5.05865 -0.004035 0
5.06745 -0.00391085 0
5.07625 -0.00378817 0
5.08504 -0.00366741 0
5.09384 -0.00354876 0
5.10264 -0.00343211 0
5.11144 -0.00331723 0
5.12023 -0.00320385 0
5.12903 -0.0030918 0
5.13783 -0.00298108 0
5.14663 -0.00287194 0
5.15543 -0.00276488 0
5.16422 -0.00266059 0
5.17302 -0.00255981 0
5.18182 -0.00246328 0
5.19062 -0.0023716 0
5.19941 -0.00228512 0
5.20821 -0.00220389 0
5.21701 -0.00212764 0
5.22581 -0.00205582 0
5.2346 -0.00198763 0
5.2434 -0.00192208 0
5.2522 -0.00185809 0
5.261 -0.00179451 0
5.26979 -0.00173026 0
5.27859 -0.00166433 0
5.28739 -0.00159587 0
5.29619 -0.00152422 0
5.30499 -0.00144902 0
5.31378 -0.00137019 0
5.32258 -0.00128796 0
5.33138 -0.0012029 0
5.34018 -0.00111586 0
5.34897 -0.00102789 0
5.35777 -0.000940209 0
5.36657 -0.000854064 0
5.37537 -0.000770628 0
5.38416 -0.000690973 0
5.39296 -0.000615947 0
5.40176 -0.000546167 0
5.41056 -0.000482007 0
5.41935 -0.000423602 0
5.42815 -0.000370909 0
5.43695 -0.000323712 0
5.44575 -0.000281704 0
5.45455 -0.000244509 0
5.46334 -0.000211716 0
5.47214 -0.000182922 0
5.48094 -0.000157732 0
5.48974 -0.00013579 0
5.49853 -0.000116744 0
5.50733 -0.000100281 0
5.51613 -8.61224e-05 0
5.52493 -7.39875e-05 0
5.53372 -6.36376e-05 0
5.54252 -5.48498e-05 0
5.55132 -4.74087e-05 0
5.56012 -4.11365e-05 0
5.56892 -3.58648e-05 0
5.57771 -3.1444e-05 0
5.58651 -2.77483e-05 0
5.59531 -2.4667e-05 0
5.60411 -2.20936e-05 0
5.6129 -1.99597e-05 0
5.6217 -1.81817e-05 0
5.6305 -1.67138e-05 0
5.6393 -1.54954e-05 0
5.64809 -1.44895e-05 0
5.65689 -1.36572e-05 0
5.66569 -1.29729e-05 0
5.67449 -1.24079e-05 0
5.68328 -1.19485e-05 0
5.69208 -1.1569e-05 0
5.70088 -1.12599e-05 0
5.70968 -1.10111e-05 0
5.71848 -1.08069e-05 0
5.72727 -1.06402e-05 0
5.73607 -1.05101e-05 0
5.74487 -1.04042e-05 0
5.75367 -1.03225e-05 0
5.76246 -1.02607e-05 0
5.77126 -1.02088e-05 0
5.78006 -1.01715e-05 0
5.78886 -1.01455e-05 0
5.79765 -1.01279e-05 0
5.80645 -1.01156e-05 0
5.81525 -1.01116e-05 0
5.82405 -1.01103e-05 0
5.83284 -1.01136e-05 0
5.84164 -1.01206e-05 0
5.85044 -1.01308e-05 0
5.85924 -1.01415e-05 0
5.86804 -1.01525e-05 0
5.87683 -1.01661e-05 0
5.88563 -1.01826e-05 0
5.89443 -1.01973e-05 0
5.90323 -1.02139e-05 0
5.91202 -1.02303e-05 0
5.92082 -1.02447e-05 0
5.92962 -1.02633e-05 0
5.93842 -1.02797e-05 0
5.94721 -1.02963e-05 0
5.95601 -1.0312e-05 0
5.96481 -1.03306e-05 0
5.97361 -1.03462e-05 0
5.9824 -1.03625e-05 0
5.9912 -1.03789e-05 0
6 -1.03944e-05 0
