-2 0 0
-1.99316 0 0
-1.98631 0 0
-1.97947 2.8026e-45 0
-1.97263 5.60519e-45 0
-1.96579 1.26117e-44 0
-1.95894 2.10195e-44 0
-1.9521 4.48416e-44 0
-1.94526 8.68805e-44 0
-1.93842 1.70958e-43 0
-1.93157 3.39114e-43 0
-1.92473 6.74025e-43 0
-1.91789 1.33263e-42 0
-1.91105 2.64425e-42 0
-1.9042 5.24226e-42 0
-1.89736 1.03878e-41 0
-1.89052 2.05935e-41 0
-1.88368 4.08212e-41 0
-1.87683 8.09222e-41 0
-1.86999 1.60414e-40 0
-1.86315 3.1799e-40 0
-1.85631 6.3035e-40 0
-1.84946 1.24955e-39 0
-1.84262 2.47707e-39 0
-1.83578 4.91031e-39 0
-1.82893 9.73375e-39 0
-1.82209 1.92953e-38 0
-1.81525 3.82492e-38 0
-1.80841 7.58216e-38 0
-1.80156 1.50302e-37 0
-1.79472 2.97944e-37 0
-1.78788 5.90617e-37 0
-1.78104 1.17078e-36 0
-1.77419 2.32085e-36 0
-1.76735 4.60064e-36 0
-1.76051 9.11989e-36 0
-1.75367 1.80784e-35 0
-1.74682 3.5837e-35 0
-1.73998 7.10398e-35 0
-1.73314 1.40823e-34 0
-1.7263 2.79154e-34 0
-1.71945 5.53369e-34 0
-1.71261 1.09695e-33 0
-1.70577 2.17449e-33 0
-1.69892 4.3105e-33 0
-1.69208 8.54474e-33 0
-1.68524 1.69383e-32 0
-1.6784 3.35769e-32 0
-1.67155 6.65597e-32 0
-1.66471 1.31942e-31 0
-1.65787 2.61549e-31 0
-1.65103 5.18471e-31 0
-1.64418 1.02777e-30 0
-1.63734 2.03735e-30 0
-1.6305 4.03865e-30 0
-1.62366 8.00586e-30 0
-1.61681 1.58701e-29 0
-1.60997 3.14593e-29 0
-1.60313 6.2362e-29 0
-1.59629 1.23621e-28 0
-1.58944 2.45054e-28 0
-1.5826 4.85773e-28 0
-1.57576 9.6295e-28 0
-1.56892 1.90886e-27 0
-1.56207 3.78395e-27 0
-1.55523 7.50095e-27 0
-1.54839 1.48692e-26 0
-1.54154 2.94753e-26 0
-1.5347 5.84291e-26 0
-1.52786 1.15824e-25 0
-1.52102 2.29599e-25 0
-1.51417 4.55137e-25 0
-1.50733 9.02221e-25 0
-1.50049 1.78853e-24 0
-1.49365 3.54542e-24 0
-1.4868 7.0281e-24 0
-1.47996 1.39319e-23 0
-1.47312 2.76172e-23 0
-1.46628 5.47458e-23 0
-1.45943 1.08523e-22 0
-1.45259 2.15126e-22 0
-1.44575 4.26445e-22 0
-1.43891 8.45347e-22 0
-1.43206 1.67574e-21 0
-1.42522 3.32182e-21 0
-1.41838 6.58487e-21 0
-1.41153 1.30532e-20 0
-1.40469 2.58755e-20 0
-1.39785 5.12933e-20 0
-1.39101 1.01679e-19 0
-1.38416 2.01559e-19 0
-1.37732 3.99551e-19 0
-1.37048 7.92035e-19 0
-1.36364 1.57005e-18 0
-1.35679 3.11233e-18 0
-1.34995 6.16959e-18 0
-1.34311 1.223e-17 0
-1.33627 2.42437e-17 0
-1.32942 4.80584e-17 0
-1.32258 9.52665e-17 0
-1.31574 1.88847e-16 0
-1.3089 3.74353e-16 0
-1.30205 7.42084e-16 0
-1.29521 1.47104e-15 0
-1.28837 2.91605e-15 0
-1.28152 5.78051e-15 0
-1.27468 1.14587e-14 0
-1.26784 2.27148e-14 0
-1.261 4.50276e-14 0
-1.25415 8.92585e-14 0
-1.24731 1.76938e-13 0
-1.24047 3.50756e-13 0
-1.23363 6.95306e-13 0
-1.22678 1.37831e-12 0
-1.21994 2.73223e-12 0
-1.2131 5.41612e-12 0
-1.20626 1.07364e-11 0
-1.19941 2.12829e-11 0
-1.19257 4.21892e-11 0
-1.18573 8.36319e-11 0
-1.17889 1.65784e-10 0
-1.17204 3.28635e-10 0
-1.1652 6.51456e-10 0
-1.15836 1.29139e-09 0
-1.15152 2.55992e-09 0
-1.14467 5.07455e-09 0
-1.13783 1.00593e-08 0
-1.13099 1.99407e-08 0
-1.12414 3.95285e-08 0
-1.1173 7.83576e-08 0
-1.11046 1.55329e-07 0
-1.10362 3.07909e-07 0
-1.09677 6.10369e-07 0
-1.08993 1.20994e-06 0
-1.08309 2.39845e-06 0
-1.07625 4.75443e-06 0
-1.0694 9.42456e-06 0
-1.06256 1.86817e-05 0
-1.05572 3.703e-05 0
-1.04888 7.33939e-05 0
-1.04203 0.000145446 0
-1.03519 0.000288151 0
-1.02835 0.000570545 0
-1.02151 0.00112842 0
-1.01466 0.00222681 0
-1.00782 0.00437534 0
-1.00098 0.00852514 0
-0.994135 0.0163513 0
-0.987292 0.0304871 0
-0.98045 0.0542347 0
-0.973607 0.0900194 0
-0.966764 0.136825 0
-0.959922 0.188863 0
-0.953079 0.237296 0
-0.946237 0.274332 0
-0.939394 0.296814 0
-0.932551 0.306039 0
-0.925709 0.306102 0
-0.918866 0.30342 0
-0.912023 0.304368 0
-0.905181 0.311006 0
-0.898338 0.320182 0
-0.891496 0.327483 0
-0.884653 0.330959 0
-0.87781 0.330751 0
-0.870968 0.327621 0
-0.864125 0.323722 0
-0.857283 0.322641 0
-0.85044 0.326219 0
-0.843597 0.333588 0
-0.836755 0.344065 0
-0.829912 0.357195 0
-0.823069 0.369894 0
-0.816227 0.377885 0
-0.809384 0.379263 0
-0.802541 0.375864 0
-0.795699 0.372211 0
-0.788856 0.372629 0
-0.782014 0.379354 0
-0.775171 0.391804 0
-0.768328 0.406704 0
-0.761486 0.42002 0
-0.754643 0.430863 0
-0.747801 0.441997 0
-0.740958 0.455348 0
-0.734115 0.470383 0
-0.727273 0.486497 0
-0.72043 0.502946 0
-0.713587 0.517765 0
-0.706745 0.530026 0
-0.699902 0.542127 0
-0.69306 0.557608 0
-0.686217 0.576681 0
-0.679374 0.595906 0
-0.672532 0.612028 0
-0.665689 0.624493 0
-0.658847 0.635615 0
-0.652004 0.647865 0
-0.645161 0.660735 0
-0.638319 0.671963 0
-0.631476 0.680846 0
-0.624633 0.689064 0
-0.617791 0.699 0
-0.610948 0.711279 0
-0.604105 0.724268 0
-0.597263 0.735409 0
-0.59042 0.7417 0
-0.583578 0.741604 0
-0.576735 0.738524 0
-0.569892 0.73958 0
-0.56305 0.7491 0
-0.556207 0.764883 0
-0.549365 0.781456 0
-0.542522 0.795406 0
-0.535679 0.806644 0
-0.528837 0.815656 0
-0.521994 0.822119 0
-0.515152 0.825967 0
-0.508309 0.827698 0
-0.501466 0.828524 0
-0.494624 0.830342 0
-0.487781 0.833315 0
-0.480938 0.83536 0
-0.474096 0.836115 0
-0.467253 0.838768 0
-0.46041 0.846 0
-0.453568 0.856103 0
-0.446725 0.864617 0
-0.439883 0.869327 0
-0.43304 0.872048 0
-0.426197 0.874754 0
-0.419355 0.877025 0
-0.412512 0.878295 0
-0.40567 0.880162 0
-0.398827 0.885295 0
-0.391984 0.894078 0
-0.385142 0.904318 0
-0.378299 0.914558 0
-0.371457 0.925359 0
-0.364614 0.937218 0
-0.357771 0.949048 0
-0.350929 0.959593 0
-0.344086 0.969034 0
-0.337243 0.978218 0
-0.330401 0.98723 0
-0.323558 0.995607 0
-0.316715 1.00332 0
-0.309873 1.01086 0
-0.30303 1.01842 0
-0.296188 1.0253 0
-0.289345 1.03016 0
-0.282502 1.03208 0
-0.27566 1.03205 0
-0.268817 1.03283 0
-0.261975 1.03647 0
-0.255132 1.04268 0
-0.248289 1.05012 0
-0.241447 1.05764 0
-0.234604 1.06458 0
-0.227761 1.07091 0
-0.220919 1.07683 0
-0.214076 1.08255 0
-0.207234 1.08838 0
-0.200391 1.09476 0
-0.193548 1.10211 0
-0.186706 1.11039 0
-0.179863 1.1191 0
-0.173021 1.12782 0
-0.166178 1.13656 0
-0.159335 1.14565 0
-0.152493 1.15505 0
-0.14565 1.16406 0
-0.138807 1.17214 0
-0.131965 1.17962 0
-0.125122 1.18714 0
-0.11828 1.19503 0
-0.111437 1.20334 0
-0.104594 1.21211 0
-0.0977517 1.22149 0
-0.0909091 1.23169 0
-0.0840665 1.24272 0
-0.0772238 1.25412 0
-0.0703812 1.26504 0
-0.0635386 1.27437 0
-0.056696 1.28096 0
-0.0498534 1.28454 0
-0.0430108 1.28609 0
-0.0361682 1.28673 0
-0.0293255 1.28701 0
-0.0224829 1.28717 0
-0.0156403 1.28726 0
-0.00879756 1.28732 0
-0.00195494 1.28737 0
0.00488767 1.2874 0
0.0117303 1.28743 0
0.0185729 1.28746 0
0.0254155 1.28748 0
0.0322581 1.2875 0
0.0391007 1.28752 0
0.0459433 1.28753 0
0.052786 1.28755 0
0.0596286 1.28756 0
0.0664712 1.28757 0
0.0733138 1.28759 0
0.0801564 1.2876 0
0.086999 1.28761 0
0.0938416 1.28762 0
0.100684 1.28763 0
0.107527 1.28763 0
0.114369 1.28764 0
0.121212 1.28765 0
0.128055 1.28765 0
0.134897 1.28766 0
0.14174 1.28767 0
0.148583 1.28767 0
0.155425 1.28768 0
0.162268 1.28768 0
0.169111 1.28769 0
0.175953 1.28769 0
0.182796 1.2877 0
0.189638 1.2877 0
0.196481 1.28771 0
0.203324 1.28771 0
0.210166 1.28772 0
0.217009 1.28772 0
0.223851 1.28772 0
0.230694 1.28773 0
0.237537 1.28773 0
0.244379 1.28774 0
0.251222 1.28774 0
0.258065 1.28774 0
0.264907 1.28775 0
0.27175 1.28775 0
0.278592 1.28775 0
0.285435 1.28775 0
0.292278 1.28775 0
0.29912 1.28775 0
0.305963 1.28776 0
0.312806 1.28776 0
0.319648 1.28776 0
0.326491 1.28776 0
0.333333 1.28776 0
0.340176 1.28777 0
0.347019 1.28777 0
0.353861 1.28777 0
0.360704 1.28777 0
0.367546 1.28777 0
0.374389 1.28777 0
0.381232 1.28777 0
0.388074 1.28778 0
0.394917 1.28778 0
0.40176 1.28778 0
0.408602 1.28778 0
0.415445 1.28778 0
0.422287 1.28778 0
0.42913 1.28778 0
0.435973 1.28778 0
0.442815 1.28778 0
0.449658 1.28778 0
0.4565 1.28779 0
0.463343 1.28779 0
0.470186 1.28779 0
0.477028 1.28779 0
0.483871 1.28779 0
0.490714 1.28779 0
0.497556 1.28779 0
0.504399 1.28779 0
0.511241 1.28779 0
0.518084 1.28779 0
0.524927 1.28779 0
0.531769 1.28779 0
0.538612 1.28779 0
0.545455 1.28779 0
0.552297 1.28779 0
0.55914 1.28779 0
0.565982 1.28779 0
0.572825 1.28779 0
0.579668 1.2878 0
0.58651 1.2878 0
0.593353 1.2878 0
0.600195 1.2878 0
0.607038 1.2878 0
0.613881 1.2878 0
0.620723 1.2878 0
0.627566 1.2878 0
0.634409 1.2878 0
0.641251 1.2878 0
0.648094 1.2878 0
0.654936 1.2878 0
0.661779 1.2878 0
0.668622 1.2878 0
0.675464 1.2878 0
0.682307 1.2878 0
0.689149 1.2878 0
0.695992 1.2878 0
0.702835 1.2878 0
0.709678 1.2878 0
0.71652 1.2878 0
0.723363 1.2878 0
0.730205 1.2878 0
0.737048 1.2878 0
0.743891 1.2878 0
0.750733 1.2878 0
0.757576 1.2878 0
0.764418 1.2878 0
0.771261 1.2878 0
0.778104 1.2878 0
0.784946 1.2878 0
0.791789 1.2878 0
0.798632 1.2878 0
0.805474 1.2878 0
0.812317 1.2878 0
0.819159 1.2878 0
0.826002 1.28779 0
0.832845 1.2878 0
0.839687 1.28779 0
0.84653 1.28779 0
0.853372 1.28779 0
0.860215 1.28779 0
0.867058 1.28779 0
0.8739 1.28779 0
0.880743 1.28779 0
0.887586 1.28779 0
0.894428 1.28779 0
0.901271 1.28779 0
0.908113 1.28779 0
0.914956 1.28779 0
0.921799 1.28779 0
0.928641 1.28779 0
0.935484 1.28779 0
0.942326 1.28778 0
0.949169 1.28778 0
0.956012 1.28778 0
0.962854 1.28778 0
0.969697 1.28778 0
0.976539 1.28778 0
0.983382 1.28778 0
0.990225 1.28778 0
0.997067 1.28778 0
1.00391 1.28778 0
1.01075 1.28778 0
1.0176 1.28778 0
1.02444 1.28778 0
1.03128 1.28778 0
1.03812 1.28778 0
1.04497 1.28778 0
1.05181 1.28777 0
1.05865 1.28777 0
1.06549 1.28777 0
1.07234 1.28777 0
1.07918 1.28777 0
1.08602 1.28777 0
1.09286 1.28777 0
1.09971 1.28777 0
1.10655 1.28777 0
1.11339 1.28777 0
1.12023 1.28777 0
1.12708 1.28776 0
1.13392 1.28776 0
1.14076 1.28776 0
1.14761 1.28776 0
1.15445 1.28776 0
1.16129 1.28776 0
1.16813 1.28775 0
1.17498 1.28775 0
1.18182 1.28775 0
1.18866 1.28775 0
1.1955 1.28775 0
1.20235 1.28775 0
1.20919 1.28775 0
1.21603 1.28774 0
1.22287 1.28774 0
1.22972 1.28774 0
1.23656 1.28774 0
1.2434 1.28773 0
1.25024 1.28773 0
1.25709 1.28773 0
1.26393 1.28773 0
1.27077 1.28773 0
1.27761 1.28772 0
1.28446 1.28772 0
1.2913 1.28772 0
1.29814 1.28772 0
1.30499 1.28771 0
1.31183 1.28771 0
1.31867 1.28771 0
1.32551 1.28771 0
1.33236 1.2877 0
1.3392 1.2877 0
1.34604 1.2877 0
1.35288 1.28769 0
1.35973 1.28769 0
1.36657 1.28769 0
1.37341 1.28768 0
1.38025 1.28768 0
1.3871 1.28768 0
1.39394 1.28767 0
1.40078 1.28767 0
1.40762 1.28766 0
1.41447 1.28766 0
1.42131 1.28766 0
1.42815 1.28765 0
1.435 1.28765 0
1.44184 1.28764 0
1.44868 1.28764 0
1.45552 1.28763 0
1.46237 1.28763 0
1.46921 1.28762 0
1.47605 1.28762 0
1.48289 1.28761 0
1.48974 1.28761 0
1.49658 1.2876 0
1.50342 1.28759 0
1.51026 1.28759 0
1.51711 1.28758 0
1.52395 1.28757 0
1.53079 1.28757 0
1.53763 1.28756 0
1.54448 1.28755 0
1.55132 1.28754 0
1.55816 1.28753 0
1.565 1.28753 0
1.57185 1.28752 0
1.57869 1.28751 0
1.58553 1.2875 0
1.59238 1.2875 0
1.59922 1.28749 0
1.60606 1.28748 0
1.6129 1.28747 0
1.61975 1.28746 0
1.62659 1.28746 0
1.63343 1.28745 0
1.64027 1.28745 0
1.64712 1.28745 0
1.65396 1.28745 0
1.6608 1.28746 0
1.66764 1.28747 0
1.67449 1.28749 0
1.68133 1.28751 0
1.68817 1.28754 0
1.69501 1.28759 0
1.70186 1.28762 0
1.7087 1.28762 0
1.71554 1.2875 0
1.72239 1.28709 0
1.72923 1.28598 0
1.73607 1.28336 0
1.74291 1.27791 0
1.74976 1.26852 0
1.7566 1.25555 0
1.76344 1.24088 0
1.77028 1.22647 0
1.77713 1.21363 0
1.78397 1.20301 0
1.79081 1.1948 0
1.79765 1.18904 0
1.8045 1.18564 0
1.81134 1.1839 0
1.81818 1.18267 0
1.82502 1.18132 0
1.83187 1.17965 0
1.83871 1.17726 0
1.84555 1.17409 0
1.85239 1.17076 0
1.85924 1.16749 0
1.86608 1.16391 0
1.87292 1.15965 0
1.87977 1.15413 0
1.88661 1.14681 0
1.89345 1.13764 0
1.90029 1.12705 0
1.90714 1.11582 0
1.91398 1.10436 0
1.92082 1.09226 0
1.92766 1.07917 0
1.93451 1.0652 0
1.94135 1.0505 0
1.94819 1.03558 0
1.95503 1.02188 0
1.96188 1.01059 0
1.96872 1.00146 0
1.97556 0.993301 0
1.9824 0.985756 0
1.98925 0.979906 0
1.99609 0.977538 0
2.00293 0.979768 0
2.00978 0.985721 0
2.01662 0.992321 0
2.02346 0.995996 0
2.0303 0.995748 0
2.03715 0.993644 0
2.04399 0.991412 0
2.05083 0.987568 0
2.05767 0.978965 0
2.06452 0.964684 0
2.07136 0.946801 0
2.0782 0.92847 0
2.08504 0.912158 0
2.09189 0.899519 0
2.09873 0.891569 0
2.10557 0.887642 0
2.11241 0.885052 0
2.11926 0.880804 0
2.1261 0.874244 0
2.13294 0.867467 0
2.13978 0.863281 0
2.14663 0.863268 0
2.15347 0.866569 0
2.16031 0.870353 0
2.16716 0.871342 0
2.174 0.86787 0
2.18084 0.861548 0
2.18768 0.855559 0
2.19453 0.851183 0
2.20137 0.847042 0
2.20821 0.841351 0
2.21505 0.832992 0
2.2219 0.821115 0
2.22874 0.806563 0
2.23558 0.792444 0
2.24242 0.781744 0
2.24927 0.775271 0
2.25611 0.771259 0
2.26295 0.766704 0
2.26979 0.760382 0
2.27664 0.753898 0
2.28348 0.749054 0
2.29032 0.745848 0
2.29716 0.742751 0
2.30401 0.737683 0
2.31085 0.730762 0
2.31769 0.725318 0
2.32454 0.723862 0
2.33138 0.724784 0
2.33822 0.724776 0
2.34506 0.722915 0
2.35191 0.720649 0
2.35875 0.717903 0
2.36559 0.7121 0
2.37243 0.701858 0
2.37928 0.69004 0
2.38612 0.681642 0
2.39296 0.679065 0
2.3998 0.680459 0
2.40665 0.682721 0
2.41349 0.685092 0
2.42033 0.687017 0
2.42718 0.686278 0
2.43402 0.682381 0
2.44086 0.677133 0
2.4477 0.671296 0
2.45455 0.663967 0
2.46139 0.654619 0
2.46823 0.644321 0
2.47507 0.635018 0
2.48192 0.628401 0
2.48876 0.625935 0
2.4956 0.6288 0
2.50244 0.637253 0
2.50929 0.64921 0
2.51613 0.660114 0
2.52297 0.666099 0
2.52981 0.666226 0
2.53666 0.6612 0
2.5435 0.653035 0
2.55034 0.645272 0
2.55718 0.641284 0
2.56403 0.643336 0
2.57087 0.650596 0
2.57771 0.658674 0
2.58456 0.664439 0
2.5914 0.669482 0
2.59824 0.677352 0
2.60508 0.689048 0
2.61193 0.702606 0
2.61877 0.716535 0
2.62561 0.730808 0
2.63245 0.744349 0
2.6393 0.755409 0
2.64614 0.764676 0
2.65298 0.775536 0
2.65982 0.790778 0
2.66667 0.809552 0
2.67351 0.827773 0
2.68035 0.842597 0
2.68719 0.856403 0
2.69404 0.874489 0
2.70088 0.899484 0
2.70772 0.92966 0
2.71457 0.962851 0
2.72141 0.999362 0
2.72825 1.04147 0
2.73509 1.09167 0
2.74194 1.15038 0
2.74878 1.21425 0
2.75562 1.27779 0
2.76246 1.33886 0
2.76931 1.39925 0
2.77615 1.45852 0
2.78299 1.51123 0
2.78983 1.55211 0
2.79668 1.5815 0
2.80352 1.60355 0
2.81036 1.62261 0
2.8172 1.64216 0
2.82405 1.66184 0
2.83089 1.67825 0
2.83773 1.69037 0
2.84457 1.6993 0
2.85142 1.70464 0
2.85826 1.70557 0
2.8651 1.70346 0
2.87195 1.69883 0
2.87879 1.68745 0
2.88563 1.66387 0
2.89247 1.62868 0
2.89932 1.59022 0
2.90616 1.5578 0
2.913 1.53764 0
2.91984 1.53528 0
2.92669 1.55584 0
2.93353 1.60152 0
2.94037 1.66966 0
2.94721 1.75072 0
2.95406 1.82908 0
2.9609 1.89113 0
2.96774 1.93223 0
2.97458 1.95479 0
2.98143 1.96331 0
2.98827 1.96179 0
2.99511 1.95432 0
3.00196 1.94562 0
3.0088 1.93942 0
3.01564 1.93658 0
3.02248 1.93541 0
3.02933 1.93351 0
3.03617 1.92876 0
3.04301 1.91938 0
3.04985 1.90561 0
3.0567 1.89092 0
3.06354 1.87962 0
3.07038 1.87292 0
3.07722 1.86781 0
3.08407 1.86007 0
3.09091 1.84818 0
3.09775 1.83503 0
3.10459 1.82534 0
3.11144 1.82137 0
3.11828 1.82165 0
3.12512 1.82357 0
3.13196 1.82625 0
3.13881 1.83126 0
3.14565 1.84032 0
3.15249 1.85228 0
3.15934 1.8632 0
3.16618 1.87035 0
3.17302 1.87435 0
3.17986 1.87794 0
3.18671 1.88355 0
3.19355 1.89158 0
3.20039 1.90032 0
3.20723 1.90796 0
3.21408 1.91467 0
3.22092 1.92269 0
3.22776 1.93454 0
3.2346 1.95076 0
3.24145 1.96985 0
3.24829 1.99036 0
3.25513 2.01267 0
3.26197 2.03839 0
3.26882 2.06871 0
3.27566 2.10317 0
3.2825 2.13851 0
3.28934 2.16795 0
3.29619 2.18176 0
3.30303 2.17029 0
3.30987 2.12844 0
3.31672 2.05851 0
3.32356 1.97088 0
3.3304 1.8805 0
3.33724 1.80005 0
3.34409 1.73583 0
3.35093 1.68766 0
3.35777 1.65133 0
3.36461 1.6225 0
3.37146 1.59917 0
3.3783 1.58061 0
3.38514 1.56576 0
3.39198 1.55344 0
3.39883 1.54347 0
3.40567 1.53636 0
3.41251 1.53247 0
3.41936 1.53124 0
3.4262 1.53118 0
3.43304 1.531 0
3.43988 1.5305 0
3.44673 1.52875 0
3.45357 1.52373 0
3.46041 1.51556 0
3.46725 1.50747 0
3.4741 1.50247 0
3.48094 1.5003 0
3.48778 1.49842 0
3.49462 1.49436 0
3.50147 1.48682 0
3.50831 1.47603 0
3.51515 1.46339 0
3.52199 1.45071 0
3.52884 1.43959 0
3.53568 1.43041 0
3.54252 1.42227 0
3.54936 1.41401 0
3.55621 1.40411 0
3.56305 1.38877 0
3.56989 1.36166 0
3.57674 1.31646 0
3.58358 1.24987 0
3.59042 1.16128 0
3.59726 1.05096 0
3.60411 0.922342 0
3.61095 0.785145 0
3.61779 0.653936 0
3.62463 0.54105 0
3.63148 0.450489 0
3.63832 0.379612 0
3.64516 0.32349 0
3.652 0.27722 0
3.65885 0.238165 0
3.66569 0.206873 0
3.67253 0.184244 0
3.67937 0.167354 0
3.68622 0.149327 0
3.69306 0.124556 0
3.6999 0.0938204 0
3.70674 0.0626279 0
3.71359 0.0349361 0
3.72043 0.0109344 0
3.72727 -0.0109193 0
3.73412 -0.0312926 0
3.74096 -0.0482303 0
3.7478 -0.0593527 0
3.75464 -0.0649391 0
3.76149 -0.0680827 0
3.76833 -0.0727751 0
3.77517 -0.0809692 0
3.78201 -0.0916744 0
3.78886 -0.102216 0
3.7957 -0.109765 0
3.80254 -0.113202 0
3.80938 -0.113954 0
3.81623 -0.114146 0
3.82307 -0.11453 0
3.82991 -0.114626 0
3.83675 -0.114107 0
3.8436 -0.113349 0
3.85044 -0.112607 0
3.85728 -0.111694 0
3.86413 -0.110632 0
3.87097 -0.109801 0
3.87781 -0.109519 0
3.88465 -0.109792 0
3.8915 -0.11024 0
3.89834 -0.110346 0
3.90518 -0.109901 0
3.91202 -0.109091 0
3.91887 -0.108228 0
3.92571 -0.107548 0
3.93255 -0.107138 0
3.93939 -0.106944 0
3.94624 -0.106865 0
3.95308 -0.106834 0
3.95992 -0.106821 0
3.96676 -0.106819 0
3.97361 -0.106823 0
3.98045 -0.106829 0
3.98729 -0.106836 0
3.99413 -0.10684 0
4.00098 -0.106843 0
4.00782 -0.106845 0
4.01466 -0.106846 0
4.0215 -0.106846 0
4.02835 -0.106846 0
4.03519 -0.106846 0
4.04203 -0.106847 0
4.04888 -0.106847 0
4.05572 -0.106847 0
4.06256 -0.106847 0
4.0694 -0.106847 0
4.07625 -0.106847 0
4.08309 -0.106847 0
4.08993 -0.106847 0
4.09677 -0.106847 0
4.10362 -0.106847 0
4.11046 -0.106847 0
4.1173 -0.106847 0
4.12415 -0.106847 0
4.13099 -0.106847 0
4.13783 -0.106847 0
4.14467 -0.106847 0
4.15152 -0.106847 0
4.15836 -0.106847 0
4.1652 -0.106847 0
4.17204 -0.106847 0
4.17889 -0.106847 0
4.18573 -0.106847 0
4.19257 -0.106847 0
4.19941 -0.106847 0
4.20626 -0.106847 0
4.2131 -0.106847 0
4.21994 -0.106847 0
4.22678 -0.106847 0
4.23363 -0.106847 0
4.24047 -0.106847 0
4.24731 -0.106847 0
4.25415 -0.106847 0
4.261 -0.106847 0
4.26784 -0.106847 0
4.27468 -0.106847 0
4.28153 -0.106847 0
4.28837 -0.106847 0
4.29521 -0.106847 0
4.30205 -0.106847 0
4.3089 -0.106847 0
4.31574 -0.106847 0
4.32258 -0.106847 0
4.32942 -0.106847 0
4.33627 -0.106847 0
4.34311 -0.106847 0
4.34995 -0.106847 0
4.35679 -0.106847 0
4.36364 -0.106847 0
4.37048 -0.106847 0
4.37732 -0.106847 0
4.38416 -0.106847 0
4.39101 -0.106847 0
4.39785 -0.106847 0
4.40469 -0.106847 0
4.41153 -0.106847 0
4.41838 -0.106847 0
4.42522 -0.106847 0
4.43206 -0.106847 0
4.43891 -0.106847 0
4.44575 -0.106847 0
4.45259 -0.106847 0
4.45943 -0.106847 0
4.46628 -0.106847 0
4.47312 -0.106847 0
4.47996 -0.106847 0
4.4868 -0.106847 0
4.49365 -0.106847 0
4.50049 -0.106847 0
4.50733 -0.106847 0
4.51417 -0.106847 0
4.52102 -0.106847 0
4.52786 -0.106847 0
4.5347 -0.106847 0
4.54154 -0.106847 0
4.54839 -0.106847 0
4.55523 -0.106847 0
4.56207 -0.106847 0
4.56891 -0.106847 0
4.57576 -0.106847 0
4.5826 -0.106847 0
4.58944 -0.106847 0
4.59629 -0.106847 0
4.60313 -0.106847 0
4.60997 -0.106847 0
4.61681 -0.106847 0
4.62366 -0.106847 0
4.6305 -0.106847 0
4.63734 -0.106847 0
4.64418 -0.106847 0
4.65103 -0.106847 0
4.65787 -0.106847 0
4.66471 -0.106847 0
4.67155 -0.106847 0
4.6784 -0.106847 0
4.68524 -0.106847 0
4.69208 -0.106847 0
4.69893 -0.106847 0
4.70577 -0.106847 0
4.71261 -0.106847 0
4.71945 -0.106847 0
4.7263 -0.106847 0
4.73314 -0.106847 0
4.73998 -0.106847 0
4.74682 -0.106847 0
4.75367 -0.106847 0
4.76051 -0.106847 0
4.76735 -0.106847 0
4.77419 -0.106847 0
4.78104 -0.106847 0
4.78788 -0.106847 0
4.79472 -0.106847 0
4.80156 -0.106847 0
4.80841 -0.106847 0
4.81525 -0.106847 0
4.82209 -0.106847 0
4.82893 -0.106847 0
4.83578 -0.106847 0
4.84262 -0.106847 0
4.84946 -0.106847 0
4.85631 -0.106847 0
4.86315 -0.106847 0
4.86999 -0.106847 0
4.87683 -0.106847 0
4.88368 -0.106847 0
4.89052 -0.106847 0
4.89736 -0.106847 0
4.9042 -0.106847 0
4.91105 -0.106847 0
4.91789 -0.106847 0
4.92473 -0.106847 0
4.93157 -0.106847 0
4.93842 -0.106847 0
4.94526 -0.106847 0
4.9521 -0.106847 0
4.95894 -0.106847 0
4.96579 -0.106847 0
4.97263 -0.106847 0
4.97947 -0.106847 0
4.98631 -0.106847 0
4.99316 -0.106847 0
5 -0.106847 0
