-1 0.00177466 0
-0.997998 0.00215317 0
-0.995996 0.00260875 0
-0.993994 0.00315538 0
-0.991992 0.00380895 0
-0.98999 0.00458717 0
-0.987988 0.00550937 0
-0.985986 0.00659627 0
-0.983984 0.00786912 0
-0.981982 0.00934944 0
-0.97998 0.0110578 0
-0.977978 0.0130129 0
-0.975976 0.0152307 0
-0.973974 0.0177229 0
-0.971972 0.020497 0
-0.96997 0.0235558 0
-0.967968 0.0268975 0
-0.965966 0.0305153 0
-0.963964 0.0343992 0
-0.961962 0.0385362 0
-0.95996 0.0429107 0
-0.957958 0.0475054 0
-0.955956 0.0523003 0
-0.953954 0.0572746 0
-0.951952 0.0624055 0
-0.94995 0.0676686 0
-0.947948 0.0730384 0
-0.945946 0.0784871 0
-0.943944 0.0839875 0
-0.941942 0.0895124 0
-0.93994 0.0950357 0
-0.937938 0.100534 0
-0.935936 0.105985 0
-0.933934 0.111372 0
-0.931932 0.11668 0
-0.92993 0.121901 0
-0.927928 0.127027 0
-0.925926 0.132054 0
-0.923924 0.136982 0
-0.921922 0.141811 0
-0.91992 0.146543 0
-0.917918 0.151181 0
-0.915916 0.155728 0
-0.913914 0.160188 0
-0.911912 0.164563 0
-0.90991 0.168859 0
-0.907908 0.173077 0
-0.905906 0.177221 0
-0.903904 0.181296 0
-0.901902 0.185304 0
-0.8999 0.189249 0
-0.897898 0.193136 0
-0.895896 0.196967 0
-0.893894 0.200749 0
-0.891892 0.204484 0
-0.88989 0.208177 0
-0.887888 0.211833 0
-0.885886 0.215456 0
-0.883884 0.219048 0
-0.881882 0.222614 0
-0.87988 0.226155 0
-0.877878 0.229674 0
-0.875876 0.233171 0
-0.873874 0.236648 0
-0.871872 0.240105 0
-0.86987 0.243545 0
-0.867868 0.246966 0
-0.865866 0.250371 0
-0.863864 0.253761 0
-0.861862 0.257137 0
-0.85986 0.260501 0
-0.857858 0.263854 0
-0.855856 0.267199 0
-0.853854 0.270537 0
-0.851852 0.27387 0
-0.84985 0.2772 0
-0.847848 0.280528 0
-0.845846 0.283857 0
-0.843844 0.287188 0
-0.841842 0.290522 0
-0.83984 0.293859 0
-0.837838 0.297202 0
-0.835836 0.300549 0
-0.833834 0.303901 0
-0.831832 0.30726 0
-0.82983 0.310622 0
-0.827828 0.31399 0
-0.825826 0.317362 0
-0.823824 0.320737 0
-0.821822 0.324116 0
-0.81982 0.327497 0
-0.817818 0.330879 0
-0.815816 0.334263 0
-0.813814 0.337647 0
-0.811812 0.34103 0
-0.80981 0.344415 0
-0.807808 0.347801 0
-0.805806 0.351191 0
-0.803804 0.354587 0
-0.801802 0.357989 0
-0.7998 0.361401 0
-0.797798 0.364825 0
-0.795796 0.368263 0
-0.793794 0.371718 0
-0.791792 0.37519 0
-0.78979 0.37868 0
-0.787788 0.382188 0
-0.785786 0.385714 0
-0.783784 0.389258 0
-0.781782 0.392818 0
-0.77978 0.396394 0
-0.777778 0.399984 0
-0.775776 0.40359 0
-0.773774 0.407211 0
-0.771772 0.410849 0
-0.76977 0.414508 0
-0.767768 0.41819 0
-0.765766 0.421901 0
-0.763764 0.425643 0
-0.761762 0.429421 0
-0.75976 0.433238 0
-0.757758 0.437095 0
-0.755756 0.440992 0
-0.753754 0.444928 0
-0.751752 0.448902 0
-0.74975 0.452911 0
-0.747748 0.456955 0
-0.745746 0.461036 0
-0.743744 0.465157 0
-0.741742 0.469326 0
-0.73974 0.473553 0
-0.737738 0.477852 0
-0.735736 0.48224 0
-0.733734 0.486732 0
-0.731732 0.491345 0
-0.72973 0.496093 0
-0.727728 0.500983 0
-0.725726 0.506018 0
-0.723724 0.511194 0
-0.721722 0.516504 0
-0.71972 0.521934 0
-0.717718 0.52747 0
-0.715716 0.533097 0
-0.713714 0.538802 0
-0.711712 0.544574 0
-0.70971 0.550405 0
-0.707708 0.556285 0
-0.705706 0.562209 0
-0.703704 0.568171 0
-0.701702 0.574164 0
-0.6997 0.580185 0
-0.697698 0.586227 0
-0.695696 0.592281 0
-0.693694 0.598335 0
-0.691692 0.604372 0
-0.68969 0.610367 0
-0.687688 0.616293 0
-0.685686 0.622121 0
-0.683684 0.627821 0
-0.681682 0.633373 0
-0.67968 0.638761 0
-0.677678 0.643979 0
-0.675676 0.649027 0
-0.673674 0.653914 0
-0.671672 0.658651 0
-0.66967 0.663253 0
-0.667668 0.667731 0
-0.665666 0.672099 0
-0.663664 0.676367 0
-0.661662 0.680543 0
-0.65966 0.684635 0
-0.657658 0.688647 0
-0.655656 0.692586 0
-0.653654 0.696458 0
-0.651652 0.700266 0
-0.64965 0.704018 0
-0.647648 0.707717 0
-0.645646 0.711369 0
-0.643644 0.714979 0
-0.641642 0.718552 0
-0.63964 0.722095 0
-0.637638 0.72561 0
-0.635636 0.729101 0
-0.633634 0.732572 0
-0.631632 0.736021 0
-0.62963 0.739448 0
-0.627628 0.74285 0
-0.625626 0.746224 0
-0.623624 0.749565 0
-0.621621 0.752869 0
-0.61962 0.75613 0
-0.617618 0.759346 0
-0.615616 0.762512 0
-0.613614 0.765626 0
-0.611611 0.768686 0
-0.60961 0.77169 0
-0.607608 0.774642 0
-0.605606 0.777544 0
-0.603604 0.780399 0
-0.601601 0.783214 0
-0.5996 0.785993 0
-0.597598 0.788741 0
-0.595596 0.791466 0
-0.593594 0.794171 0
-0.591591 0.79686 0
-0.58959 0.799533 0
-0.587588 0.802191 0
-0.585586 0.804835 0
-0.583584 0.807467 0
-0.581581 0.810085 0
-0.57958 0.81269 0
-0.577578 0.815283 0
-0.575576 0.817862 0
-0.573573 0.820423 0
-0.571571 0.822963 0
-0.56957 0.825477 0
-0.567568 0.827961 0
-0.565566 0.830411 0
-0.563563 0.832827 0
-0.561561 0.835209 0
-0.55956 0.837558 0
-0.557558 0.839878 0
-0.555556 0.842171 0
-0.553553 0.844439 0
-0.551551 0.846685 0
-0.54955 0.848908 0
-0.547548 0.851111 0
-0.545546 0.853296 0
-0.543543 0.855465 0
-0.541541 0.857623 0
-0.53954 0.859775 0
-0.537538 0.861927 0
-0.535536 0.86408 0
-0.533533 0.866241 0
-0.531531 0.86841 0
-0.52953 0.870588 0
-0.527528 0.872773 0
-0.525526 0.874965 0
-0.523523 0.87716 0
-0.521521 0.879355 0
-0.51952 0.881544 0
-0.517518 0.883726 0
-0.515515 0.885896 0
-0.513513 0.888053 0
-0.511511 0.890193 0
-0.50951 0.892316 0
-0.507508 0.894421 0
-0.505505 0.896507 0
-0.503503 0.898577 0
-0.501501 0.900629 0
-0.499499 0.902667 0
-0.497498 0.904694 0
-0.495495 0.906711 0
-0.493493 0.908723 0
-0.491491 0.910732 0
-0.489489 0.912744 0
-0.487488 0.914766 0
-0.485485 0.916805 0
-0.483483 0.918866 0
-0.481481 0.920957 0
-0.479479 0.92308 0
-0.477478 0.925237 0
-0.475475 0.927425 0
-0.473473 0.929638 0
-0.471471 0.931868 0
-0.469469 0.934104 0
-0.467467 0.93633 0
-0.465465 0.938531 0
-0.463463 0.940693 0
-0.461461 0.942801 0
-0.459459 0.944846 0
-0.457457 0.946822 0
-0.455455 0.94873 0
-0.453453 0.95058 0
-0.451451 0.952382 0
-0.449449 0.954154 0
-0.447447 0.955916 0
-0.445445 0.957686 0
-0.443443 0.959484 0
-0.441441 0.961321 0
-0.439439 0.963203 0
-0.437437 0.965134 0
-0.435435 0.967107 0
-0.433433 0.969114 0
-0.431431 0.971142 0
-0.429429 0.973177 0
-0.427427 0.975207 0
-0.425425 0.977222 0
-0.423423 0.979217 0
-0.421421 0.981188 0
-0.419419 0.983137 0
-0.417417 0.98507 0
-0.415415 0.986991 0
-0.413413 0.988904 0
-0.411411 0.990817 0
-0.409409 0.992733 0
-0.407407 0.994655 0
-0.405405 0.99658 0
-0.403403 0.998509 0
-0.401401 1.00044 0
-0.399399 1.00236 0
-0.397397 1.00426 0
-0.395395 1.00614 0
-0.393393 1.00798 0
-0.391391 1.00977 0
-0.389389 1.0115 0
-0.387387 1.01317 0
-0.385385 1.01477 0
-0.383383 1.01631 0
-0.381381 1.01778 0
-0.379379 1.01921 0
-0.377377 1.0206 0
-0.375375 1.02198 0
-0.373373 1.02336 0
-0.371371 1.02476 0
-0.369369 1.02619 0
-0.367367 1.02765 0
-0.365365 1.02914 0
-0.363363 1.03068 0
-0.361361 1.03225 0
-0.359359 1.03387 0
-0.357357 1.03553 0
-0.355355 1.03723 0
-0.353353 1.03899 0
-0.351351 1.0408 0
-0.349349 1.04266 0
-0.347347 1.04457 0
-0.345345 1.04653 0
-0.343343 1.04852 0
-0.341341 1.05056 0
-0.339339 1.05264 0
-0.337337 1.05475 0
-0.335335 1.05691 0
-0.333333 1.05911 0
-0.331331 1.06136 0
-0.329329 1.06366 0
-0.327327 1.06601 0
-0.325325 1.06842 0
-0.323323 1.07088 0
-0.321321 1.07338 0
-0.319319 1.07594 0
-0.317317 1.07852 0
-0.315315 1.08113 0
-0.313313 1.08374 0
-0.311311 1.08635 0
-0.309309 1.08892 0
-0.307307 1.09144 0
-0.305305 1.09389 0
-0.303303 1.09627 0
-0.301301 1.09857 0
-0.299299 1.1008 0
-0.297297 1.10295 0
-0.295295 1.10504 0
-0.293293 1.10708 0
-0.291291 1.10908 0
-0.289289 1.11106 0
-0.287287 1.11301 0
-0.285285 1.11494 0
-0.283283 1.11686 0
-0.281281 1.11876 0
-0.279279 1.12064 0
-0.277277 1.1225 0
-0.275275 1.12435 0
-0.273273 1.12616 0
-0.271271 1.12795 0
-0.269269 1.12969 0
-0.267267 1.1314 0
-0.265265 1.13306 0
-0.263263 1.13467 0
-0.261261 1.13623 0
-0.259259 1.13774 0
-0.257257 1.13919 0
-0.255255 1.14059 0
-0.253253 1.14194 0
-0.251251 1.14326 0
-0.249249 1.14456 0
-0.247247 1.14583 0
-0.245245 1.1471 0
-0.243243 1.14837 0
-0.241241 1.14964 0
-0.239239 1.15092 0
-0.237237 1.15223 0
-0.235235 1.15355 0
-0.233233 1.15489 0
-0.231231 1.15624 0
-0.229229 1.1576 0
-0.227227 1.15897 0
-0.225225 1.16034 0
-0.223223 1.16171 0
-0.221221 1.16308 0
-0.219219 1.16447 0
-0.217217 1.16587 0
-0.215215 1.1673 0
-0.213213 1.16877 0
-0.211211 1.17029 0
-0.209209 1.17188 0
-0.207207 1.17354 0
-0.205205 1.17528 0
-0.203203 1.17712 0
-0.201201 1.17904 0
-0.199199 1.18105 0
-0.197197 1.18315 0
-0.195195 1.18532 0
-0.193193 1.18756 0
-0.191191 1.18986 0
-0.189189 1.19222 0
-0.187187 1.19462 0
-0.185185 1.19706 0
-0.183183 1.19953 0
-0.181181 1.20202 0
-0.179179 1.20453 0
-0.177177 1.20703 0
-0.175175 1.20954 0
-0.173173 1.21204 0
-0.171171 1.21453 0
-0.169169 1.21701 0
-0.167167 1.21948 0
-0.165165 1.22194 0
-0.163163 1.22441 0
-0.161161 1.22689 0
-0.159159 1.22938 0
-0.157157 1.23191 0
-0.155155 1.23446 0
-0.153153 1.23706 0
-0.151151 1.23969 0
-0.149149 1.24237 0
-0.147147 1.24509 0
-0.145145 1.24784 0
-0.143143 1.25064 0
-0.141141 1.25347 0
-0.139139 1.25633 0
-0.137137 1.25922 0
-0.135135 1.26214 0
-0.133133 1.26509 0
-0.131131 1.26805 0
-0.129129 1.27102 0
-0.127127 1.27401 0
-0.125125 1.27699 0
-0.123123 1.27996 0
-0.121121 1.28292 0
-0.119119 1.28587 0
-0.117117 1.2888 0
-0.115115 1.29172 0
-0.113113 1.29463 0
-0.111111 1.29753 0
-0.109109 1.30043 0
-0.107107 1.30334 0
-0.105105 1.30625 0
-0.103103 1.30916 0
-0.101101 1.31209 0
-0.099099 1.31502 0
-0.0970971 1.31798 0
-0.0950951 1.32096 0
-0.0930931 1.32398 0
-0.0910912 1.32702 0
-0.089089 1.33008 0
-0.0870871 1.33317 0
-0.0850851 1.33628 0
-0.0830831 1.33938 0
-0.0810812 1.34249 0
-0.079079 1.34557 0
-0.0770771 1.34862 0
-0.0750751 1.35163 0
-0.0730731 1.35456 0
-0.0710711 1.35741 0
-0.069069 1.36013 0
-0.0670671 1.3627 0
-0.0650651 1.36507 0
-0.0630631 1.36722 0
-0.061061 1.36912 0
-0.059059 1.37075 0
-0.0570571 1.3721 0
-0.0550551 1.37317 0
-0.0530531 1.374 0
-0.051051 1.37461 0
-0.049049 1.37504 0
-0.047047 1.37531 0
-0.0450451 1.37548 0
-0.0430431 1.37556 0
-0.041041 1.37559 0
-0.039039 1.37559 0
-0.037037 1.37556 0
-0.0350351 1.37552 0
-0.0330331 1.37548 0
-0.031031 1.37543 0
-0.029029 1.37539 0
-0.027027 1.37535 0
-0.0250251 1.37531 0
-0.0230231 1.37528 0
-0.021021 1.37525 0
-0.019019 1.37523 0
-0.017017 1.3752 0
-0.0150151 1.37518 0
-0.0130131 1.37517 0
-0.011011 1.37515 0
-0.009009 1.37514 0
-0.00700703 1.37513 0
-0.00500506 1.37512 0
-0.00300294 1.37511 0
-0.00100097 1.37511 0
0.001001 1.3751 0
0.00300297 1.37509 0
0.00500494 1.37509 0
0.00700706 1.37509 0
0.00900903 1.37508 0
0.011011 1.37508 0
0.013013 1.37508 0
0.0150149 1.37507 0
0.0170171 1.37507 0
0.019019 1.37507 0
0.021021 1.37507 0
0.023023 1.37506 0
0.025025 1.37506 0
0.0270271 1.37506 0
0.029029 1.37506 0
0.031031 1.37506 0
0.033033 1.37506 0
0.035035 1.37506 0
0.0370371 1.37506 0
0.039039 1.37506 0
0.041041 1.37506 0
0.043043 1.37505 0
0.0450451 1.37505 0
0.0470471 1.37505 0
0.049049 1.37505 0
0.051051 1.37505 0
0.053053 1.37505 0
0.0550551 1.37505 0
0.0570571 1.37505 0
0.0590591 1.37505 0
0.061061 1.37505 0
0.063063 1.37505 0
0.0650651 1.37505 0
0.0670671 1.37505 0
0.0690691 1.37505 0
0.071071 1.37505 0
0.073073 1.37505 0
0.0750751 1.37505 0
0.0770771 1.37506 0
0.0790791 1.37506 0
0.081081 1.37506 0
0.083083 1.37506 0
0.0850851 1.37506 0
0.0870871 1.37506 0
0.0890891 1.37506 0
0.091091 1.37506 0
0.0930932 1.37506 0
0.0950951 1.37506 0
0.0970971 1.37506 0
0.0990991 1.37506 0
0.101101 1.37506 0
0.103103 1.37506 0
0.105105 1.37506 0
0.107107 1.37506 0
0.109109 1.37506 0
0.111111 1.37506 0
0.113113 1.37506 0
0.115115 1.37506 0
0.117117 1.37506 0
0.119119 1.37506 0
0.121121 1.37506 0
0.123123 1.37506 0
0.125125 1.37506 0
0.127127 1.37506 0
0.129129 1.37506 0
0.131131 1.37506 0
0.133133 1.37506 0
0.135135 1.37506 0
0.137137 1.37506 0
0.139139 1.37506 0
0.141141 1.37506 0
0.143143 1.37506 0
0.145145 1.37506 0
0.147147 1.37506 0
0.149149 1.37506 0
0.151151 1.37506 0
0.153153 1.37506 0
0.155155 1.37506 0
0.157157 1.37506 0
0.159159 1.37506 0
0.161161 1.37506 0
0.163163 1.37506 0
0.165165 1.37506 0
0.167167 1.37506 0
0.169169 1.37506 0
0.171171 1.37506 0
0.173173 1.37506 0
0.175175 1.37506 0
0.177177 1.37506 0
0.179179 1.37507 0
0.181181 1.37507 0
0.183183 1.37507 0
0.185185 1.37507 0
0.187187 1.37507 0
0.189189 1.37507 0
0.191191 1.37507 0
0.193193 1.37507 0
0.195195 1.37507 0
0.197197 1.37507 0
0.199199 1.37507 0
0.201201 1.37507 0
0.203203 1.37507 0
0.205205 1.37507 0
0.207207 1.37507 0
0.209209 1.37507 0
0.211211 1.37507 0
0.213213 1.37507 0
0.215215 1.37507 0
0.217217 1.37507 0
0.219219 1.37507 0
0.221221 1.37507 0
0.223223 1.37508 0
0.225225 1.37507 0
0.227227 1.37508 0
0.229229 1.37508 0
0.231231 1.37508 0
0.233233 1.37508 0
0.235235 1.37508 0
0.237237 1.37508 0
0.239239 1.37508 0
0.241241 1.37508 0
0.243243 1.37508 0
0.245245 1.37508 0
0.247247 1.37508 0
0.249249 1.37508 0
0.251251 1.37508 0
0.253253 1.37508 0
0.255255 1.37508 0
0.257257 1.37508 0
0.259259 1.37508 0
0.261261 1.37508 0
0.263263 1.37508 0
0.265265 1.37508 0
0.267267 1.37507 0
0.269269 1.37508 0
0.271271 1.37507 0
0.273273 1.37507 0
0.275275 1.37507 0
0.277277 1.37507 0
0.279279 1.37507 0
0.281281 1.37507 0
0.283283 1.37507 0
0.285285 1.37507 0
0.287287 1.37507 0
0.289289 1.37507 0
0.291291 1.37507 0
0.293293 1.37507 0
0.295295 1.37507 0
0.297297 1.37507 0
0.299299 1.37507 0
0.301301 1.37507 0
0.303303 1.37507 0
0.305305 1.37507 0
0.307307 1.37507 0
0.309309 1.37507 0
0.311311 1.37507 0
0.313313 1.37507 0
0.315315 1.37507 0
0.317317 1.37507 0
0.319319 1.37507 0
0.321321 1.37507 0
0.323323 1.37507 0
0.325325 1.37507 0
0.327327 1.37507 0
0.329329 1.37507 0
0.331331 1.37507 0
0.333333 1.37507 0
0.335335 1.37507 0
0.337337 1.37507 0
0.339339 1.37507 0
0.341341 1.37507 0
0.343343 1.37507 0
0.345345 1.37507 0
0.347347 1.37507 0
0.349349 1.37507 0
0.351351 1.37507 0
0.353353 1.37507 0
0.355355 1.37507 0
0.357357 1.37507 0
0.359359 1.37507 0
0.361361 1.37507 0
0.363363 1.37507 0
0.365365 1.37507 0
0.367367 1.37507 0
0.369369 1.37507 0
0.371371 1.37507 0
0.373373 1.37507 0
0.375375 1.37507 0
0.377377 1.37507 0
0.379379 1.37507 0
0.381381 1.37507 0
0.383383 1.37507 0
0.385385 1.37507 0
0.387387 1.37507 0
0.389389 1.37507 0
0.391391 1.37507 0
0.393393 1.37507 0
0.395395 1.37507 0
0.397397 1.37507 0
0.399399 1.37507 0
0.401401 1.37507 0
0.403403 1.37507 0
0.405405 1.37507 0
0.407407 1.37507 0
0.409409 1.37507 0
0.411411 1.37507 0
0.413413 1.37507 0
0.415415 1.37507 0
0.417417 1.37507 0
0.419419 1.37506 0
0.421421 1.37506 0
0.423423 1.37506 0
0.425425 1.37506 0
0.427427 1.37506 0
0.429429 1.37506 0
0.431431 1.37506 0
0.433433 1.37506 0
0.435435 1.37506 0
0.437437 1.37506 0
0.439439 1.37506 0
0.441441 1.37506 0
0.443443 1.37506 0
0.445445 1.37506 0
0.447447 1.37506 0
0.449449 1.37506 0
0.451451 1.37506 0
0.453453 1.37506 0
0.455455 1.37506 0
0.457457 1.37506 0
0.459459 1.37506 0
0.461461 1.37506 0
0.463463 1.37506 0
0.465465 1.37506 0
0.467467 1.37506 0
0.46947 1.37506 0
0.471471 1.37506 0
0.473473 1.37506 0
0.475475 1.37506 0
0.477477 1.37506 0
0.47948 1.37506 0
0.481481 1.37506 0
0.483483 1.37506 0
0.485485 1.37506 0
0.487487 1.37506 0
0.48949 1.37506 0
0.491491 1.37506 0
0.493493 1.37505 0
0.495495 1.37505 0
0.497497 1.37505 0
0.4995 1.37506 0
0.501502 1.37505 0
0.503503 1.37505 0
0.505505 1.37505 0
0.507508 1.37505 0
0.50951 1.37505 0
0.511512 1.37505 0
0.513513 1.37505 0
0.515516 1.37505 0
0.517518 1.37505 0
0.51952 1.37505 0
0.521522 1.37506 0
0.523523 1.37505 0
0.525526 1.37505 0
0.527528 1.37505 0
0.52953 1.37505 0
0.531532 1.37505 0
0.533533 1.37505 0
0.535536 1.37505 0
0.537538 1.37506 0
0.53954 1.37505 0
0.541542 1.37505 0
0.543543 1.37505 0
0.545546 1.37505 0
0.547548 1.37505 0
0.54955 1.37505 0
0.551552 1.37505 0
0.553553 1.37506 0
0.555556 1.37506 0
0.557558 1.37506 0
0.55956 1.37505 0
0.561562 1.37505 0
0.563564 1.37506 0
0.565566 1.37506 0
0.567568 1.37506 0
0.56957 1.37506 0
0.571572 1.37506 0
0.573574 1.37506 0
0.575576 1.37506 0
0.577578 1.37506 0
0.57958 1.37506 0
0.581582 1.37506 0
0.583584 1.37506 0
0.585586 1.37506 0
0.587588 1.37506 0
0.58959 1.37506 0
0.591592 1.37505 0
0.593594 1.37506 0
0.595596 1.37505 0
0.597598 1.37505 0
0.5996 1.37505 0
0.601602 1.37505 0
0.603604 1.37505 0
0.605606 1.37505 0
0.607608 1.37505 0
0.60961 1.37505 0
0.611612 1.37505 0
0.613614 1.37505 0
0.615616 1.37505 0
0.617618 1.37505 0
0.61962 1.37505 0
0.621622 1.37505 0
0.623624 1.37505 0
0.625626 1.37505 0
0.627628 1.37505 0
0.62963 1.37505 0
0.631632 1.37505 0
0.633634 1.37505 0
0.635636 1.37505 0
0.637638 1.37505 0
0.63964 1.37505 0
0.641642 1.37505 0
0.643644 1.37505 0
0.645646 1.37505 0
0.647648 1.37505 0
0.64965 1.37505 0
0.651652 1.37505 0
0.653654 1.37505 0
0.655656 1.37505 0
0.657658 1.37505 0
0.65966 1.37505 0
0.661662 1.37505 0
0.663664 1.37505 0
0.665666 1.37505 0
0.667668 1.37504 0
0.66967 1.37504 0
0.671672 1.37504 0
0.673674 1.37504 0
0.675676 1.37504 0
0.677678 1.37504 0
0.67968 1.37504 0
0.681682 1.37504 0
0.683684 1.37504 0
0.685686 1.37504 0
0.687688 1.37504 0
0.68969 1.37504 0
0.691692 1.37504 0
0.693694 1.37504 0
0.695696 1.37504 0
0.697698 1.37504 0
0.6997 1.37504 0
0.701702 1.37504 0
0.703704 1.37504 0
0.705706 1.37504 0
0.707708 1.37504 0
0.70971 1.37504 0
0.711712 1.37504 0
0.713714 1.37503 0
0.715716 1.37503 0
0.717718 1.37503 0
0.71972 1.37503 0
0.721722 1.37503 0
0.723724 1.37503 0
0.725726 1.37503 0
0.727728 1.37503 0
0.72973 1.37503 0
0.731732 1.37503 0
0.733734 1.37503 0
0.735736 1.37503 0
0.737738 1.37503 0
0.73974 1.37503 0
0.741742 1.37503 0
0.743744 1.37503 0
0.745746 1.37503 0
0.747748 1.37503 0
0.74975 1.37503 0
0.751752 1.37503 0
0.753754 1.37503 0
0.755756 1.37503 0
0.757758 1.37503 0
0.75976 1.37503 0
0.761762 1.37503 0
0.763764 1.37503 0
0.765766 1.37502 0
0.767768 1.37502 0
0.76977 1.37502 0
0.771772 1.37502 0
0.773774 1.37502 0
0.775776 1.37502 0
0.777778 1.37502 0
0.77978 1.37502 0
0.781782 1.37502 0
0.783784 1.37502 0
0.785786 1.37502 0
0.787788 1.37502 0
0.78979 1.37502 0
0.791792 1.37502 0
0.793794 1.37502 0
0.795796 1.37502 0
0.797798 1.37502 0
0.7998 1.37502 0
0.801802 1.37502 0
0.803804 1.37502 0
0.805806 1.37502 0
0.807808 1.37502 0
0.80981 1.37502 0
0.811812 1.37502 0
0.813814 1.37501 0
0.815816 1.37501 0
0.817818 1.37501 0
0.81982 1.37501 0
0.821822 1.37501 0
0.823824 1.37501 0
0.825826 1.37501 0
0.827828 1.37501 0
0.82983 1.37501 0
0.831832 1.37501 0
0.833834 1.37501 0
0.835836 1.37501 0
0.837838 1.37501 0
0.83984 1.37501 0
0.841842 1.37501 0
0.843844 1.37501 0
0.845846 1.37501 0
0.847848 1.37501 0
0.84985 1.37501 0
0.851852 1.37501 0
0.853854 1.37501 0
0.855856 1.37501 0
0.857858 1.37501 0
0.85986 1.37501 0
0.861862 1.37501 0
0.863864 1.37501 0
0.865866 1.375 0
0.867868 1.375 0
0.86987 1.375 0
0.871872 1.375 0
0.873874 1.375 0
0.875876 1.375 0
0.877878 1.375 0
0.87988 1.375 0
0.881882 1.375 0
0.883884 1.375 0
0.885886 1.375 0
0.887888 1.375 0
0.88989 1.375 0
0.891892 1.375 0
0.893894 1.375 0
0.895896 1.375 0
0.897898 1.375 0
0.8999 1.375 0
0.901902 1.375 0
0.903904 1.375 0
0.905906 1.375 0
0.907908 1.375 0
0.90991 1.37499 0
0.911912 1.37499 0
0.913914 1.37499 0
0.915916 1.37499 0
0.917918 1.37499 0
0.91992 1.37499 0
0.921922 1.37499 0
0.923924 1.37499 0
0.925926 1.37499 0
0.927928 1.37499 0
0.92993 1.37499 0
0.931932 1.37499 0
0.933934 1.37499 0
0.935936 1.37499 0
0.937938 1.37499 0
0.93994 1.37499 0
0.941942 1.37498 0
0.943944 1.37498 0
0.945946 1.37498 0
0.947948 1.37498 0
0.94995 1.37498 0
0.951952 1.37498 0
0.953954 1.37498 0
0.955956 1.37498 0
0.957958 1.37498 0
0.95996 1.37498 0
0.961962 1.37498 0
0.963964 1.37498 0
0.965966 1.37498 0
0.967968 1.37498 0
0.96997 1.37498 0
0.971972 1.37497 0
0.973974 1.37497 0
0.975976 1.37497 0
0.977978 1.37497 0
0.97998 1.37497 0
0.981982 1.37497 0
0.983984 1.37497 0
0.985986 1.37497 0
0.987988 1.37497 0
0.98999 1.37497 0
0.991992 1.37497 0
0.993994 1.37496 0
0.995996 1.37496 0
0.997998 1.37496 0
1 1.37496 0
