-2 1.78366e-07 0
-1.99413 3.14401e-07 0
-1.98827 5.45977e-07 0
-1.9824 9.24492e-07 0
-1.97654 1.50227e-06 0
-1.97067 2.29187e-06 0
-1.96481 3.19666e-06 0
-1.95894 3.96312e-06 0
-1.95308 4.23297e-06 0
-1.94721 3.68496e-06 0
-1.94135 2.15154e-06 0
-1.93548 -3.57258e-07 0
-1.92962 -3.69095e-06 0
-1.92375 -7.61247e-06 0
-1.91789 -1.18449e-05 0
-1.91202 -1.61068e-05 0
-1.90616 -2.01417e-05 0
-1.90029 -2.37437e-05 0
-1.89443 -2.67834e-05 0
-1.88856 -2.92272e-05 0
-1.8827 -3.11387e-05 0
-1.87683 -3.26476e-05 0
-1.87097 -3.38984e-05 0
-1.8651 -3.50057e-05 0
-1.85924 -3.60372e-05 0
-1.85337 -3.70233e-05 0
-1.84751 -3.79797e-05 0
-1.84164 -3.89218e-05 0
-1.83578 -3.98628e-05 0
-1.82991 -4.08055e-05 0
-1.82405 -4.17421e-05 0
-1.81818 -4.26607e-05 0
-1.81232 -4.35501e-05 0
-1.80645 -4.43994e-05 0
-1.80059 -4.51956e-05 0
-1.79472 -4.59192e-05 0
-1.78886 -4.6541e-05 0
-1.78299 -4.70236e-05 0
-1.77713 -4.73349e-05 0
-1.77126 -4.74665e-05 0
-1.7654 -4.74429e-05 0
-1.75953 -4.73124e-05 0
-1.75367 -4.71268e-05 0
-1.7478 -4.69229e-05 0
-1.74194 -4.67159e-05 0
-1.73607 -4.65028e-05 0
-1.73021 -4.62733e-05 0
-1.72434 -4.60196e-05 0
-1.71847 -4.57418e-05 0
-1.71261 -4.54504e-05 0
-1.70674 -4.51645e-05 0
-1.70088 -4.49067e-05 0
-1.69501 -4.4696e-05 0
-1.68915 -4.45426e-05 0
-1.68328 -4.44485e-05 0
-1.67742 -4.44121e-05 0
-1.67155 -4.44309e-05 0
-1.66569 -4.45002e-05 0
-1.65982 -4.46099e-05 0
-1.65396 -4.47443e-05 0
-1.64809 -4.48849e-05 0
-1.64223 -4.50164e-05 0
-1.63636 -4.51307e-05 0
-1.6305 -4.52269e-05 0
-1.62463 -4.53079e-05 0
-1.61877 -4.53755e-05 0
-1.6129 -4.54286e-05 0
-1.60704 -4.54642e-05 0
-1.60117 -4.54784e-05 0
-1.59531 -4.54688e-05 0
-1.58944 -4.54339e-05 0
-1.58358 -4.53723e-05 0
-1.57771 -4.5282e-05 0
-1.57185 -4.51638e-05 0
-1.56598 -4.50255e-05 0
-1.56012 -4.48844e-05 0
-1.55425 -4.47643e-05 0
-1.54839 -4.46893e-05 0
-1.54252 -4.4676e-05 0
-1.53666 -4.47285e-05 0
-1.53079 -4.48373e-05 0
-1.52493 -4.49804e-05 0
-1.51906 -4.51308e-05 0
-1.5132 -4.52666e-05 0
-1.50733 -4.53758e-05 0
-1.50147 -4.54561e-05 0
-1.4956 -4.5512e-05 0
-1.48974 -4.55552e-05 0
-1.48387 -4.56027e-05 0
-1.47801 -4.56738e-05 0
-1.47214 -4.57837e-05 0
-1.46628 -4.59393e-05 0
-1.46041 -4.61393e-05 0
-1.45455 -4.63754e-05 0
-1.44868 -4.66334e-05 0
-1.44282 -4.68972e-05 0
-1.43695 -4.71533e-05 0
-1.43109 -4.7393e-05 0
-1.42522 -4.76118e-05 0
-1.41935 -4.78102e-05 0
-1.41349 -4.79952e-05 0
-1.40762 -4.81802e-05 0
-1.40176 -4.83823e-05 0
-1.39589 -4.86158e-05 0
-1.39003 -4.88859e-05 0
-1.38416 -4.91889e-05 0
-1.3783 -4.95155e-05 0
-1.37243 -4.98566e-05 0
-1.36657 -5.02053e-05 0
-1.3607 -5.05562e-05 0
-1.35484 -5.09042e-05 0
-1.34897 -5.12469e-05 0
-1.34311 -5.15882e-05 0
-1.33724 -5.19362e-05 0
-1.33138 -5.22982e-05 0
-1.32551 -5.26768e-05 0
-1.31965 -5.30689e-05 0
-1.31378 -5.34661e-05 0
-1.30792 -5.38572e-05 0
-1.30205 -5.42333e-05 0
-1.29619 -5.4591e-05 0
-1.29032 -5.49313e-05 0
-1.28446 -5.52579e-05 0
-1.27859 -5.55741e-05 0
-1.27273 -5.58787e-05 0
-1.26686 -5.61635e-05 0
-1.261 -5.64172e-05 0
-1.25513 -5.66329e-05 0
-1.24927 -5.68137e-05 0
-1.2434 -5.69746e-05 0
-1.23754 -5.71384e-05 0
-1.23167 -5.73308e-05 0
-1.22581 -5.75742e-05 0
-1.21994 -5.78839e-05 0
-1.21408 -5.82656e-05 0
-1.20821 -5.87145e-05 0
-1.20235 -5.92183e-05 0
-1.19648 -5.97626e-05 0
-1.19062 -6.03344e-05 0
-1.18475 -6.09192e-05 0
-1.17889 -6.14862e-05 0
-1.17302 -6.1972e-05 0
-1.16716 -6.2265e-05 0
-1.16129 -6.21806e-05 0
-1.15543 -6.13979e-05 0
-1.14956 -5.9336e-05 0
-1.14369 -5.4933e-05 0
-1.13783 -4.62611e-05 0
-1.13196 -2.98372e-05 0
-1.1261 6.16886e-07 0
-1.12023 5.63952e-05 0
-1.11437 0.000157763 0
-1.1085 0.000341065 0
-1.10264 0.00067129 0
-1.09677 0.0012641 0
-1.09091 0.0023237 0
-1.08504 0.00420574 0
-1.07918 0.00751466 0
-1.07331 0.0132415 0
-1.06745 0.02292 0
-1.06158 0.0387359 0
-1.05572 0.0634679 0
-1.04985 0.10014 0
-1.04399 0.151373 0
-1.03812 0.21863 0
-1.03226 0.301757 0
-1.02639 0.398955 0
-1.02053 0.507118 0
-1.01466 0.622351 0
-1.0088 0.740694 0
-1.00293 0.858861 0
-0.997067 0.97462 0
-0.991202 1.08634 0
-0.985337 1.19217 0
-0.979472 1.28976 0
-0.973607 1.37678 0
-0.967742 1.45165 0
-0.961877 1.51385 0
-0.956012 1.5636 0
-0.950147 1.60141 0
-0.944282 1.6278 0
-0.938417 1.64342 0
-0.932551 1.64959 0
-0.926686 1.64874 0
-0.920821 1.64434 0
-0.914956 1.63985 0
-0.909091 1.63752 0
-0.903226 1.63771 0
-0.89736 1.63911 0
-0.891495 1.63932 0
-0.88563 1.63588 0
-0.879765 1.62787 0
-0.8739 1.61655 0
-0.868035 1.60437 0
-0.86217 1.59306 0
-0.856305 1.58265 0
-0.85044 1.57234 0
-0.844575 1.56195 0
-0.83871 1.55224 0
-0.832845 1.54358 0
-0.82698 1.53544 0
-0.821114 1.5279 0
-0.815249 1.52307 0
-0.809384 1.52403 0
-0.803519 1.53228 0
-0.797654 1.54643 0
-0.791789 1.56319 0
-0.785924 1.57946 0
-0.780058 1.59381 0
-0.774193 1.60661 0
-0.768328 1.61957 0
-0.762463 1.63517 0
-0.756598 1.65547 0
-0.750733 1.68088 0
-0.744868 1.71007 0
-0.739003 1.74123 0
-0.733138 1.77271 0
-0.727273 1.803 0
-0.721408 1.8305 0
-0.715543 1.85339 0
-0.709677 1.86945 0
-0.703812 1.87615 0
-0.697947 1.8712 0
-0.692082 1.85302 0
-0.686217 1.82094 0
-0.680352 1.77551 0
-0.674487 1.71914 0
-0.668621 1.65649 0
-0.662756 1.59326 0
-0.656891 1.53397 0
-0.651026 1.48075 0
-0.645161 1.43343 0
-0.639296 1.39025 0
-0.633431 1.34907 0
-0.627566 1.30887 0
-0.621701 1.27044 0
-0.615836 1.23509 0
-0.609971 1.20289 0
-0.604106 1.17256 0
-0.59824 1.14314 0
-0.592375 1.1151 0
-0.58651 1.08965 0
-0.580645 1.06753 0
-0.57478 1.04844 0
-0.568915 1.03149 0
-0.56305 1.01607 0
-0.557185 1.00222 0
-0.551319 0.990373 0
-0.545454 0.981016 0
-0.539589 0.97453 0
-0.533724 0.970827 0
-0.527859 0.968764 0
-0.521994 0.966323 0
-0.516129 0.961642 0
-0.510264 0.95396 0
-0.504399 0.943971 0
-0.498534 0.933695 0
-0.492669 0.925905 0
-0.486804 0.922884 0
-0.480938 0.925074 0
-0.475073 0.930918 0
-0.469208 0.937891 0
-0.463343 0.943696 0
-0.457478 0.947114 0
-0.451613 0.948701 0
-0.445748 0.95081 0
-0.439883 0.955944 0
-0.434017 0.964526 0
-0.428152 0.974674 0
-0.422287 0.984245 0
-0.416422 0.992741 0
-0.410557 1.00119 0
-0.404692 1.01066 0
-0.398827 1.02121 0
-0.392962 1.03191 0
-0.387097 1.04103 0
-0.381232 1.04652 0
-0.375367 1.04726 0
-0.369501 1.04413 0
-0.363636 1.03957 0
-0.357771 1.03597 0
-0.351906 1.03425 0
-0.346041 1.03377 0
-0.340176 1.03377 0
-0.334311 1.03428 0
-0.328446 1.0356 0
-0.322581 1.0376 0
-0.316715 1.03978 0
-0.31085 1.04233 0
-0.304985 1.04676 0
-0.29912 1.05483 0
-0.293255 1.067 0
-0.28739 1.08225 0
-0.281525 1.0988 0
-0.27566 1.11441 0
-0.269795 1.127 0
-0.26393 1.1358 0
-0.258064 1.14169 0
-0.252199 1.14626 0
-0.246334 1.15057 0
-0.240469 1.15505 0
-0.234604 1.16012 0
-0.228739 1.16649 0
-0.222874 1.17477 0
-0.217009 1.18456 0
-0.211144 1.1941 0
-0.205279 1.2012 0
-0.199413 1.2047 0
-0.193548 1.20531 0
-0.187683 1.20516 0
-0.181818 1.2066 0
-0.175953 1.21101 0
-0.170088 1.21826 0
-0.164223 1.22717 0
-0.158358 1.23669 0
-0.152493 1.2466 0
-0.146627 1.25686 0
-0.140762 1.26685 0
-0.134897 1.27559 0
-0.129032 1.28242 0
-0.123167 1.28765 0
-0.117302 1.29254 0
-0.111437 1.29828 0
-0.105572 1.30519 0
-0.0997066 1.31296 0
-0.0938416 1.32146 0
-0.0879765 1.33068 0
-0.0821115 1.34022 0
-0.0762464 1.34935 0
-0.070381 1.35762 0
-0.0645159 1.36506 0
-0.0586509 1.37195 0
-0.0527859 1.37826 0
-0.0469208 1.38359 0
-0.0410558 1.38749 0
-0.0351908 1.38993 0
-0.0293253 1.39126 0
-0.0234603 1.39193 0
-0.0175952 1.39225 0
-0.0117302 1.39238 0
-0.00586516 1.39242 0
-1.19209e-07 1.39242 0
0.00586534 1.39239 0
0.0117304 1.39236 0
0.0175954 1.39233 0
0.0234604 1.3923 0
0.0293255 1.39227 0
0.0351905 1.39225 0
0.041056 1.39222 0
0.046921 1.3922 0
0.0527861 1.39219 0
0.0586511 1.39217 0
0.0645161 1.39216 0
0.0703812 1.39214 0
0.0762462 1.39213 0
0.0821117 1.39212 0
0.0879767 1.39211 0
0.0938417 1.3921 0
0.0997068 1.3921 0
0.105572 1.39209 0
0.111437 1.39208 0
0.117302 1.39207 0
0.123167 1.39207 0
0.129032 1.39206 0
0.134897 1.39206 0
0.140762 1.39205 0
0.146627 1.39205 0
0.152493 1.39204 0
0.158358 1.39204 0
0.164223 1.39203 0
0.170088 1.39203 0
0.175953 1.39203 0
0.181818 1.39203 0
0.187683 1.39202 0
0.193549 1.39202 0
0.199414 1.39202 0
0.205279 1.39201 0
0.211144 1.39201 0
0.217009 1.39201 0
0.222874 1.39201 0
0.228739 1.392 0
0.234604 1.392 0
0.240469 1.392 0
0.246334 1.392 0
0.252199 1.392 0
0.258064 1.39199 0
0.263929 1.39199 0
0.269795 1.39199 0
0.27566 1.39199 0
0.281525 1.39199 0
0.28739 1.39198 0
0.293255 1.39198 0
0.29912 1.39198 0
0.304986 1.39198 0
0.310851 1.39198 0
0.316716 1.39198 0
0.322581 1.39198 0
0.328446 1.39198 0
0.334311 1.39197 0
0.340176 1.39197 0
0.346041 1.39197 0
0.351906 1.39197 0
0.357771 1.39197 0
0.363636 1.39197 0
0.369501 1.39197 0
0.375366 1.39197 0
0.381232 1.39197 0
0.387097 1.39197 0
0.392962 1.39196 0
0.398827 1.39196 0
0.404692 1.39196 0
0.410557 1.39196 0
0.416423 1.39196 0
0.422288 1.39196 0
0.428153 1.39196 0
0.434018 1.39196 0
0.439883 1.39196 0
0.445748 1.39196 0
0.451613 1.39196 0
0.457478 1.39196 0
0.463343 1.39196 0
0.469208 1.39196 0
0.475073 1.39196 0
0.480938 1.39196 0
0.486803 1.39196 0
0.492669 1.39196 0
0.498534 1.39196 0
0.504399 1.39195 0
0.510264 1.39195 0
0.516129 1.39195 0
0.521994 1.39195 0
0.527859 1.39195 0
0.533724 1.39195 0
0.53959 1.39195 0
0.545455 1.39195 0
0.55132 1.39195 0
0.557185 1.39195 0
0.56305 1.39195 0
0.568915 1.39195 0
0.57478 1.39195 0
0.580645 1.39195 0
0.58651 1.39195 0
0.592375 1.39195 0
0.598241 1.39195 0
0.604106 1.39195 0
0.609971 1.39195 0
0.615836 1.39195 0
0.621701 1.39195 0
0.627566 1.39195 0
0.633431 1.39195 0
0.639296 1.39195 0
0.645161 1.39195 0
0.651027 1.39195 0
0.656892 1.39195 0
0.662757 1.39195 0
0.668622 1.39195 0
0.674487 1.39195 0
0.680352 1.39195 0
0.686217 1.39195 0
0.692082 1.39195 0
0.697947 1.39195 0
0.703812 1.39195 0
0.709678 1.39195 0
0.715543 1.39195 0
0.721408 1.39195 0
0.727273 1.39195 0
0.733138 1.39195 0
0.739003 1.39195 0
0.744868 1.39195 0
0.750733 1.39195 0
0.756598 1.39195 0
0.762464 1.39195 0
0.768329 1.39194 0
0.774194 1.39194 0
0.780059 1.39194 0
0.785924 1.39194 0
0.791789 1.39194 0
0.797654 1.39195 0
0.803519 1.39195 0
0.809384 1.39194 0
0.815249 1.39194 0
0.821115 1.39194 0
0.82698 1.39194 0
0.832845 1.39194 0
0.83871 1.39194 0
0.844575 1.39194 0
0.85044 1.39194 0
0.856305 1.39194 0
0.86217 1.39194 0
0.868035 1.39194 0
0.8739 1.39194 0
0.879766 1.39194 0
0.885631 1.39194 0
0.891496 1.39194 0
0.897361 1.39194 0
0.903226 1.39194 0
0.909091 1.39194 0
0.914956 1.39194 0
0.920821 1.39194 0
0.926686 1.39194 0
0.932552 1.39194 0
0.938416 1.39194 0
0.944282 1.39194 0
0.950147 1.39194 0
0.956012 1.39194 0
0.961877 1.39194 0
0.967742 1.39194 0
0.973607 1.39194 0
0.979472 1.39194 0
0.985337 1.39194 0
0.991202 1.39194 0
0.997068 1.39194 0
1.00293 1.39194 0
1.0088 1.39194 0
1.01466 1.39194 0
1.02053 1.39194 0
1.02639 1.39194 0
1.03226 1.39195 0
1.03812 1.39195 0
1.04399 1.39195 0
1.04985 1.39195 0
1.05572 1.39195 0
1.06158 1.39195 0
1.06745 1.39195 0
1.07331 1.39195 0
1.07918 1.39195 0
1.08504 1.39195 0
1.09091 1.39195 0
1.09677 1.39195 0
1.10264 1.39195 0
1.1085 1.39195 0
1.11437 1.39195 0
1.12023 1.39195 0
1.1261 1.39195 0
1.13196 1.39195 0
1.13783 1.39195 0
1.1437 1.39195 0
1.14956 1.39195 0
1.15543 1.39195 0
1.16129 1.39195 0
1.16716 1.39195 0
1.17302 1.39195 0
1.17889 1.39195 0
1.18475 1.39195 0
1.19062 1.39196 0
1.19648 1.39196 0
1.20235 1.39196 0
1.20821 1.39196 0
1.21408 1.39196 0
1.21994 1.39196 0
1.22581 1.39196 0
1.23167 1.39196 0
1.23754 1.39196 0
1.2434 1.39196 0
1.24927 1.39196 0
1.25513 1.39196 0
1.261 1.39196 0
1.26686 1.39196 0
1.27273 1.39196 0
1.27859 1.39196 0
1.28446 1.39196 0
1.29032 1.39196 0
1.29619 1.39197 0
1.30205 1.39197 0
1.30792 1.39197 0
1.31378 1.39197 0
1.31965 1.39197 0
1.32551 1.39197 0
1.33138 1.39197 0
1.33724 1.39197 0
1.34311 1.39197 0
1.34897 1.39197 0
1.35484 1.39197 0
1.3607 1.39198 0
1.36657 1.39198 0
1.37243 1.39198 0
1.3783 1.39198 0
1.38416 1.39198 0
1.39003 1.39198 0
1.39589 1.39198 0
1.40176 1.39198 0
1.40762 1.39199 0
1.41349 1.39199 0
1.41935 1.39199 0
1.42522 1.39199 0
1.43109 1.39199 0
1.43695 1.39199 0
1.44282 1.392 0
1.44868 1.392 0
1.45455 1.392 0
1.46041 1.392 0
1.46628 1.392 0
1.47214 1.39201 0
1.47801 1.39201 0
1.48387 1.39201 0
1.48974 1.39201 0
1.4956 1.39202 0
1.50147 1.39202 0
1.50733 1.39202 0
1.5132 1.39203 0
1.51906 1.39203 0
1.52493 1.39203 0
1.53079 1.39204 0
1.53666 1.39204 0
1.54252 1.39205 0
1.54839 1.39205 0
1.55425 1.39206 0
1.56012 1.39206 0
1.56598 1.39207 0
1.57185 1.39207 0
1.57771 1.39208 0
1.58358 1.39209 0
1.58944 1.39209 0
1.59531 1.3921 0
1.60117 1.39211 0
1.60704 1.39212 0
1.6129 1.39213 0
1.61877 1.39215 0
1.62463 1.39216 0
1.6305 1.39217 0
1.63636 1.39219 0
1.64223 1.39221 0
1.64809 1.39223 0
1.65396 1.39225 0
1.65982 1.39229 0
1.66569 1.39232 0
1.67155 1.39236 0
1.67742 1.39241 0
1.68328 1.39248 0
1.68915 1.39256 0
1.69501 1.39267 0
1.70088 1.39282 0
1.70674 1.39301 0
1.71261 1.39325 0
1.71848 1.39352 0
1.72434 1.3936 0
1.73021 1.39303 0
1.73607 1.39128 0
1.74194 1.38798 0
1.7478 1.3831 0
1.75367 1.37692 0
1.75953 1.36994 0
1.7654 1.36271 0
1.77126 1.35586 0
1.77713 1.34998 0
1.78299 1.34539 0
1.78886 1.34196 0
1.79472 1.33925 0
1.80059 1.33663 0
1.80645 1.33339 0
1.81232 1.32885 0
1.81818 1.3228 0
1.82405 1.31557 0
1.82991 1.30795 0
1.83578 1.30094 0
1.84164 1.29529 0
1.84751 1.29085 0
1.85337 1.28644 0
1.85924 1.2807 0
1.8651 1.2733 0
1.87097 1.26518 0
1.87683 1.25811 0
1.8827 1.254 0
1.88856 1.25406 0
1.89443 1.25789 0
1.90029 1.26319 0
1.90616 1.26689 0
1.91202 1.26675 0
1.91789 1.26195 0
1.92375 1.25269 0
1.92962 1.23994 0
1.93548 1.22556 0
1.94135 1.21176 0
1.94721 1.20009 0
1.95308 1.19132 0
1.95894 1.18597 0
1.96481 1.18424 0
1.97067 1.18514 0
1.97654 1.18666 0
1.9824 1.18691 0
1.98827 1.18484 0
1.99413 1.1802 0
2 1.17369 0
2.00587 1.16694 0
2.01173 1.16144 0
2.0176 1.1572 0
2.02346 1.1527 0
2.02933 1.14605 0
2.03519 1.13624 0
2.04106 1.12366 0
2.04692 1.10971 0
2.05279 1.0964 0
2.05865 1.08604 0
2.06452 1.0805 0
2.07038 1.08056 0
2.07625 1.08593 0
2.08211 1.09519 0
2.08798 1.10547 0
2.09384 1.11316 0
2.09971 1.11593 0
2.10557 1.11341 0
2.11144 1.10603 0
2.1173 1.0942 0
2.12317 1.07932 0
2.12903 1.06453 0
2.1349 1.05321 0
2.14076 1.04694 0
2.14663 1.04477 0
2.15249 1.04406 0
2.15836 1.04228 0
2.16422 1.03853 0
2.17009 1.0336 0
2.17595 1.02933 0
2.18182 1.02785 0
2.18768 1.03037 0
2.19355 1.03591 0
2.19941 1.0415 0
2.20528 1.04403 0
2.21114 1.04188 0
2.21701 1.03572 0
2.22287 1.0281 0
2.22874 1.02191 0
2.2346 1.01865 0
2.24047 1.01788 0
2.24633 1.01818 0
2.2522 1.01788 0
2.25806 1.01489 0
2.26393 1.00755 0
2.26979 0.996797 0
2.27566 0.986192 0
2.28152 0.979021 0
2.28739 0.975993 0
2.29326 0.975569 0
2.29912 0.975688 0
2.30499 0.97507 0
2.31085 0.973261 0
2.31672 0.969792 0
2.32258 0.964023 0
2.32845 0.956341 0
2.33431 0.948517 0
2.34018 0.942019 0
2.34604 0.937098 0
2.35191 0.934303 0
2.35777 0.935413 0
2.36364 0.941768 0
2.3695 0.952222 0
2.37537 0.963295 0
2.38123 0.971352 0
2.3871 0.974511 0
2.39296 0.972545 0
2.39883 0.966004 0
2.40469 0.95608 0
2.41056 0.944529 0
2.41642 0.933048 0
2.42229 0.922669 0
2.42815 0.913579 0
2.43402 0.905333 0
2.43988 0.897436 0
2.44575 0.889858 0
2.45161 0.882869 0
2.45748 0.876567 0
2.46334 0.871552 0
2.46921 0.870268 0
2.47507 0.876078 0
2.48094 0.890051 0
2.4868 0.909562 0
2.49267 0.930202 0
2.49853 0.947884 0
2.5044 0.959503 0
2.51026 0.963508 0
2.51613 0.96063 0
2.52199 0.953491 0
2.52786 0.94488 0
2.53372 0.936225 0
2.53959 0.92752 0
2.54545 0.91837 0
2.55132 0.908731 0
2.55718 0.899155 0
2.56305 0.890978 0
2.56892 0.886028 0
2.57478 0.885954 0
2.58065 0.891824 0
2.58651 0.903874 0
2.59238 0.921393 0
2.59824 0.942873 0
2.60411 0.966086 0
2.60997 0.988364 0
2.61584 1.00796 0
2.6217 1.02559 0
2.62757 1.0442 0
2.63343 1.06723 0
2.6393 1.09719 0
2.64516 1.13541 0
2.65103 1.18218 0
2.65689 1.23689 0
2.66276 1.29781 0
2.66862 1.36169 0
2.67449 1.42417 0
2.68035 1.4815 0
2.68622 1.53208 0
2.69208 1.57589 0
2.69795 1.61244 0
2.70381 1.63975 0
2.70968 1.65492 0
2.71554 1.65558 0
2.72141 1.6412 0
2.72727 1.61276 0
2.73314 1.57186 0
2.739 1.52047 0
2.74487 1.46137 0
2.75073 1.39792 0
2.7566 1.3329 0
2.76246 1.26743 0
2.76833 1.20071 0
2.77419 1.13092 0
2.78006 1.05659 0
2.78592 0.977818 0
2.79179 0.896861 0
2.79765 0.817686 0
2.80352 0.744077 0
2.80938 0.676813 0
2.81525 0.612619 0
2.82111 0.5465 0
2.82698 0.475432 0
2.83284 0.400097 0
2.83871 0.323717 0
2.84457 0.249775 0
2.85044 0.180785 0
2.85631 0.118458 0
2.86217 0.0639991 0
2.86804 0.0178274 0
2.8739 -0.020649 0
2.87977 -0.0524949 0
2.88563 -0.0785121 0
2.8915 -0.0990466 0
2.89736 -0.114031 0
2.90323 -0.122919 0
2.90909 -0.124855 0
2.91496 -0.119215 0
2.92082 -0.105879 0
2.92669 -0.0849773 0
2.93255 -0.0565767 0
2.93842 -0.0205329 0
2.94428 0.0233869 0
2.95015 0.0750487 0
2.95601 0.133698 0
2.96188 0.198358 0
2.96774 0.268367 0
2.97361 0.343193 0
2.97947 0.421669 0
2.98534 0.501574 0
2.9912 0.580242 0
2.99707 0.655946 0
3.00293 0.728571 0
3.0088 0.798637 0
3.01466 0.866005 0
3.02053 0.929809 0
3.02639 0.989392 0
3.03226 1.04485 0
3.03812 1.09656 0
3.04399 1.14451 0
3.04985 1.18864 0
3.05572 1.22961 0
3.06158 1.26897 0
3.06745 1.30845 0
3.07331 1.3493 0
3.07918 1.39182 0
3.08504 1.43481 0
3.09091 1.47555 0
3.09677 1.51112 0
3.10264 1.53999 0
3.1085 1.56256 0
3.11437 1.5802 0
3.12023 1.59466 0
3.1261 1.60811 0
3.13196 1.62282 0
3.13783 1.64 0
3.1437 1.65883 0
3.14956 1.67746 0
3.15543 1.69498 0
3.16129 1.71193 0
3.16716 1.729 0
3.17302 1.74608 0
3.17889 1.76249 0
3.18475 1.77768 0
3.19062 1.79172 0
3.19648 1.80539 0
3.20235 1.81974 0
3.20821 1.83528 0
3.21408 1.85149 0
3.21994 1.86741 0
3.22581 1.88319 0
3.23167 1.90057 0
3.23754 1.92156 0
3.2434 1.94691 0
3.24927 1.97625 0
3.25513 2.00909 0
3.261 2.04505 0
3.26686 2.0836 0
3.27273 2.1236 0
3.27859 2.16318 0
3.28446 2.19924 0
3.29032 2.22709 0
3.29619 2.24085 0
3.30205 2.23567 0
3.30792 2.20979 0
3.31378 2.16541 0
3.31965 2.10846 0
3.32551 2.04701 0
3.33138 1.98862 0
3.33724 1.93785 0
3.34311 1.89556 0
3.34897 1.86002 0
3.35484 1.82889 0
3.3607 1.80042 0
3.36657 1.77376 0
3.37243 1.74856 0
3.3783 1.72461 0
3.38416 1.70205 0
3.39003 1.68131 0
3.39589 1.66279 0
3.40176 1.64673 0
3.40762 1.63358 0
3.41349 1.62393 0
3.41935 1.618 0
3.42522 1.61523 0
3.43109 1.61436 0
3.43695 1.61401 0
3.44282 1.61372 0
3.44868 1.61409 0
3.45455 1.61526 0
3.46041 1.61567 0
3.46628 1.61299 0
3.47214 1.60611 0
3.47801 1.59605 0
3.48387 1.58513 0
3.48974 1.57534 0
3.4956 1.5672 0
3.50147 1.5599 0
3.50733 1.55222 0
3.5132 1.54314 0
3.51906 1.53191 0
3.52493 1.51786 0
3.53079 1.5004 0
3.53666 1.47911 0
3.54252 1.45378 0
3.54839 1.42418 0
3.55425 1.3897 0
3.56012 1.34943 0
3.56598 1.30279 0
3.57185 1.25016 0
3.57771 1.19298 0
3.58358 1.1331 0
3.58944 1.07163 0
3.59531 1.00832 0
3.60117 0.942424 0
3.60704 0.874192 0
3.6129 0.805713 0
3.61877 0.740165 0
3.62463 0.680308 0
3.6305 0.627448 0
3.63636 0.581223 0
3.64223 0.540057 0
3.64809 0.502097 0
3.65396 0.466026 0
3.65982 0.431118 0
3.66569 0.396848 0
3.67155 0.362644 0
3.67742 0.328086 0
3.68328 0.293409 0
3.68915 0.259529 0
3.69501 0.227329 0
3.70088 0.197048 0
3.70674 0.168617 0
3.71261 0.142314 0
3.71848 0.11883 0
3.72434 0.0989 0
3.73021 0.0830269 0
3.73607 0.0712601 0
3.74194 0.0629763 0
3.7478 0.0569853 0
3.75367 0.0519757 0
3.75953 0.04699 0
3.7654 0.0416869 0
3.77126 0.0362689 0
3.77713 0.0310653 0
3.78299 0.0261645 0
3.78886 0.0214829 0
3.79472 0.0170214 0
3.80059 0.0128864 0
3.80645 0.00915574 0
3.81232 0.00576305 0
3.81818 0.00239336 0
3.82405 -0.00138609 0
3.82991 -0.00552091 0
3.83578 -0.00908117 0
3.84164 -0.0109924 0
3.84751 -0.0111723 0
3.85337 -0.0106497 0
3.85924 -0.0106463 0
3.8651 -0.0117098 0
3.87097 -0.0135742 0
3.87683 -0.0155567 0
3.8827 -0.0170049 0
3.88856 -0.0175063 0
3.89443 -0.0169543 0
3.90029 -0.0155778 0
3.90616 -0.0138027 0
3.91202 -0.0119796 0
3.91789 -0.0102031 0
3.92375 -0.00836103 0
3.92962 -0.00637467 0
3.93548 -0.0043885 0
3.94135 -0.00268687 0
3.94721 -0.00146278 0
3.95308 -0.000726066 0
3.95894 -0.00037116 0
3.96481 -0.000257159 0
3.97067 -0.000255332 0
3.97654 -0.000279979 0
3.9824 -0.000295156 0
3.98827 -0.000296942 0
3.99413 -0.0002917 0
4 -0.000284944 0
