-1 1.23369 0
-0.995112 1.26155 0
-0.990225 1.2888 0
-0.985337 1.31525 0
-0.98045 1.34085 0
-0.975562 1.36563 0
-0.970674 1.38956 0
-0.965787 1.41246 0
-0.960899 1.43413 0
-0.956012 1.45443 0
-0.951124 1.47344 0
-0.946236 1.49148 0
-0.941349 1.50893 0
-0.936461 1.52599 0
-0.931574 1.54261 0
-0.926686 1.5586 0
-0.921799 1.57378 0
-0.916911 1.58802 0
-0.912023 1.60119 0
-0.907136 1.61323 0
-0.902248 1.62414 0
-0.897361 1.63396 0
-0.892473 1.64272 0
-0.887586 1.65038 0
-0.882698 1.6569 0
-0.87781 1.66247 0
-0.872923 1.66763 0
-0.868035 1.67323 0
-0.863148 1.68005 0
-0.85826 1.68838 0
-0.853372 1.69788 0
-0.848485 1.70785 0
-0.843597 1.71761 0
-0.83871 1.72682 0
-0.833822 1.73552 0
-0.828935 1.74411 0
-0.824047 1.7531 0
-0.819159 1.76285 0
-0.814272 1.77323 0
-0.809384 1.78362 0
-0.804497 1.79314 0
-0.799609 1.80112 0
-0.794721 1.80751 0
-0.789834 1.81299 0
-0.784946 1.81856 0
-0.780059 1.82498 0
-0.775171 1.83229 0
-0.770284 1.83989 0
-0.765396 1.84699 0
-0.760508 1.85314 0
-0.755621 1.85835 0
-0.750733 1.86287 0
-0.745846 1.86669 0
-0.740958 1.86952 0
-0.73607 1.87093 0
-0.731183 1.87066 0
-0.726295 1.86884 0
-0.721408 1.86596 0
-0.71652 1.86266 0
-0.711632 1.85932 0
-0.706745 1.85582 0
-0.701857 1.85142 0
-0.69697 1.84506 0
-0.692082 1.83581 0
-0.687195 1.82328 0
-0.682307 1.80766 0
-0.677419 1.78957 0
-0.672532 1.76985 0
-0.667644 1.74931 0
-0.662757 1.72861 0
-0.657869 1.70806 0
-0.652982 1.68758 0
-0.648094 1.66675 0
-0.643206 1.64507 0
-0.638319 1.6222 0
-0.633431 1.59813 0
-0.628544 1.57319 0
-0.623656 1.54786 0
-0.618768 1.5226 0
-0.613881 1.49772 0
-0.608993 1.47352 0
-0.604106 1.45038 0
-0.599218 1.42878 0
-0.594331 1.40903 0
-0.589443 1.39087 0
-0.584555 1.37331 0
-0.579668 1.355 0
-0.57478 1.33494 0
-0.569893 1.31289 0
-0.565005 1.28936 0
-0.560117 1.26524 0
-0.55523 1.24131 0
-0.550342 1.21807 0
-0.545455 1.19588 0
-0.540567 1.17515 0
-0.53568 1.15633 0
-0.530792 1.13968 0
-0.525904 1.12516 0
-0.521017 1.1124 0
-0.516129 1.10079 0
-0.511241 1.08968 0
-0.506354 1.07876 0
-0.501466 1.06812 0
-0.496579 1.0581 0
-0.491691 1.04901 0
-0.486804 1.04115 0
-0.481916 1.03489 0
-0.477028 1.03061 0
-0.472141 1.02842 0
-0.467253 1.02796 0
-0.462366 1.02857 0
-0.457478 1.02963 0
-0.452591 1.03093 0
-0.447703 1.03258 0
-0.442815 1.03469 0
-0.437928 1.03706 0
-0.43304 1.03917 0
-0.428152 1.04049 0
-0.423265 1.04078 0
-0.418377 1.04016 0
-0.41349 1.03898 0
-0.408602 1.03766 0
-0.403715 1.03656 0
-0.398827 1.03584 0
-0.393939 1.03545 0
-0.389052 1.03514 0
-0.384164 1.03465 0
-0.379277 1.03396 0
-0.374389 1.03337 0
-0.369502 1.0333 0
-0.364614 1.03409 0
-0.359726 1.03598 0
-0.354839 1.03911 0
-0.349951 1.04328 0
-0.345064 1.04784 0
-0.340176 1.05183 0
-0.335288 1.0545 0
-0.330401 1.05562 0
-0.325513 1.05558 0
-0.320626 1.05526 0
-0.315738 1.05578 0
-0.31085 1.05812 0
-0.305963 1.06261 0
-0.301075 1.0687 0
-0.296188 1.07533 0
-0.2913 1.0816 0
-0.286413 1.08723 0
-0.281525 1.09243 0
-0.276637 1.09745 0
-0.27175 1.10229 0
-0.266862 1.10685 0
-0.261975 1.1112 0
-0.257087 1.11569 0
-0.252199 1.12069 0
-0.247312 1.12614 0
-0.242424 1.13152 0
-0.237537 1.13618 0
-0.232649 1.13981 0
-0.227762 1.1426 0
-0.222874 1.14508 0
-0.217986 1.14781 0
-0.213099 1.15119 0
-0.208211 1.15538 0
-0.203324 1.16041 0
-0.198436 1.1663 0
-0.193548 1.17293 0
-0.188661 1.17992 0
-0.183773 1.18662 0
-0.178886 1.19241 0
-0.173998 1.19692 0
-0.169111 1.20019 0
-0.164223 1.20263 0
-0.159335 1.20483 0
-0.154448 1.20728 0
-0.14956 1.21026 0
-0.144673 1.21399 0
-0.139785 1.21883 0
-0.134897 1.22523 0
-0.13001 1.23344 0
-0.125122 1.24317 0
-0.120235 1.25365 0
-0.115347 1.264 0
-0.11046 1.27356 0
-0.105572 1.28202 0
-0.100684 1.28932 0
-0.0957967 1.29559 0
-0.0909091 1.30111 0
-0.0860216 1.30641 0
-0.081134 1.31208 0
-0.0762464 1.31859 0
-0.0713588 1.32607 0
-0.0664712 1.33437 0
-0.0615836 1.3432 0
-0.0566961 1.35209 0
-0.0518085 1.36043 0
-0.0469208 1.3676 0
-0.0420333 1.37317 0
-0.0371457 1.37711 0
-0.0322581 1.37971 0
-0.0273706 1.38134 0
-0.0224829 1.38237 0
-0.0175953 1.38303 0
-0.0127078 1.38347 0
-0.0078202 1.38376 0
-0.00293264 1.38395 0
0.00195493 1.38406 0
0.0068426 1.38413 0
0.0117302 1.38417 0
0.0166177 1.38419 0
0.0215053 1.3842 0
0.0263929 1.3842 0
0.0312805 1.3842 0
0.0361681 1.3842 0
0.0410557 1.3842 0
0.0459432 1.3842 0
0.0508308 1.3842 0
0.0557184 1.3842 0
0.060606 1.3842 0
0.0654936 1.3842 0
0.0703812 1.3842 0
0.0752687 1.3842 0
0.0801563 1.38419 0
0.085044 1.38419 0
0.0899315 1.38419 0
0.0948191 1.38419 0
0.0997067 1.38419 0
0.104594 1.38419 0
0.109482 1.38419 0
0.114369 1.38419 0
0.119257 1.38419 0
0.124145 1.38419 0
0.129032 1.38419 0
0.13392 1.38419 0
0.138807 1.38418 0
0.143695 1.38418 0
0.148583 1.38418 0
0.15347 1.38418 0
0.158358 1.38418 0
0.163245 1.38418 0
0.168133 1.38418 0
0.17302 1.38418 0
0.177908 1.38418 0
0.182796 1.38418 0
0.187683 1.38418 0
0.192571 1.38418 0
0.197458 1.38418 0
0.202346 1.38418 0
0.207234 1.38418 0
0.212121 1.38418 0
0.217009 1.38418 0
0.221896 1.38418 0
0.226784 1.38418 0
0.231671 1.38418 0
0.236559 1.38418 0
0.241447 1.38418 0
0.246334 1.38418 0
0.251222 1.38418 0
0.256109 1.38418 0
0.260997 1.38417 0
0.265885 1.38417 0
0.270772 1.38417 0
0.27566 1.38417 0
0.280547 1.38417 0
0.285435 1.38417 0
0.290323 1.38417 0
0.29521 1.38417 0
0.300098 1.38417 0
0.304985 1.38417 0
0.309873 1.38417 0
0.31476 1.38417 0
0.319648 1.38417 0
0.324536 1.38417 0
0.329423 1.38417 0
0.334311 1.38417 0
0.339198 1.38417 0
0.344086 1.38417 0
0.348974 1.38417 0
0.353861 1.38417 0
0.358749 1.38417 0
0.363636 1.38417 0
0.368524 1.38417 0
0.373412 1.38417 0
0.378299 1.38417 0
0.383187 1.38417 0
0.388074 1.38417 0
0.392962 1.38417 0
0.397849 1.38417 0
0.402737 1.38417 0
0.407625 1.38417 0
0.412512 1.38417 0
0.4174 1.38417 0
0.422287 1.38417 0
0.427175 1.38417 0
0.432063 1.38417 0
0.43695 1.38417 0
0.441838 1.38417 0
0.446725 1.38417 0
0.451613 1.38417 0
0.4565 1.38417 0
0.461388 1.38417 0
0.466276 1.38417 0
0.471163 1.38417 0
0.476051 1.38417 0
0.480938 1.38417 0
0.485826 1.38417 0
0.490714 1.38417 0
0.495601 1.38417 0
0.500489 1.38417 0
0.505376 1.38417 0
0.510264 1.38417 0
0.515151 1.38417 0
0.520039 1.38417 0
0.524927 1.38417 0
0.529814 1.38417 0
0.534702 1.38417 0
0.539589 1.38417 0
0.544477 1.38417 0
0.549365 1.38417 0
0.554252 1.38417 0
0.55914 1.38417 0
0.564027 1.38417 0
0.568915 1.38417 0
0.573802 1.38417 0
0.57869 1.38417 0
0.583578 1.38417 0
0.588465 1.38417 0
0.593353 1.38417 0
0.59824 1.38417 0
0.603128 1.38417 0
0.608016 1.38416 0
0.612903 1.38416 0
0.617791 1.38416 0
0.622678 1.38417 0
0.627566 1.38416 0
0.632454 1.38416 0
0.637341 1.38416 0
0.642229 1.38416 0
0.647116 1.38416 0
0.652004 1.38416 0
0.656891 1.38416 0
0.661779 1.38416 0
0.666667 1.38416 0
0.671554 1.38416 0
0.676442 1.38416 0
0.681329 1.38416 0
0.686217 1.38416 0
0.691105 1.38416 0
0.695992 1.38416 0
0.70088 1.38416 0
0.705767 1.38416 0
0.710655 1.38416 0
0.715542 1.38416 0
0.72043 1.38416 0
0.725318 1.38416 0
0.730205 1.38416 0
0.735093 1.38416 0
0.73998 1.38416 0
0.744868 1.38416 0
0.749756 1.38416 0
0.754643 1.38416 0
0.759531 1.38416 0
0.764418 1.38416 0
0.769306 1.38416 0
0.774194 1.38416 0
0.779081 1.38416 0
0.783969 1.38416 0
0.788856 1.38416 0
0.793744 1.38416 0
0.798631 1.38416 0
0.803519 1.38416 0
0.808407 1.38416 0
0.813294 1.38416 0
0.818182 1.38416 0
0.823069 1.38416 0
0.827957 1.38416 0
0.832845 1.38416 0
0.837732 1.38416 0
0.84262 1.38416 0
0.847507 1.38416 0
0.852395 1.38416 0
0.857283 1.38416 0
0.86217 1.38416 0
0.867058 1.38416 0
0.871945 1.38416 0
0.876833 1.38416 0
0.88172 1.38416 0
0.886608 1.38416 0
0.891496 1.38416 0
0.896383 1.38416 0
0.901271 1.38416 0
0.906158 1.38416 0
0.911046 1.38416 0
0.915933 1.38416 0
0.920821 1.38416 0
0.925709 1.38416 0
0.930596 1.38416 0
0.935484 1.38416 0
0.940371 1.38416 0
0.945259 1.38416 0
0.950147 1.38416 0
0.955034 1.38416 0
0.959922 1.38416 0
0.964809 1.38416 0
0.969697 1.38416 0
0.974585 1.38416 0
0.979472 1.38416 0
0.98436 1.38416 0
0.989247 1.38416 0
0.994135 1.38416 0
0.999022 1.38416 0
1.00391 1.38416 0
1.0088 1.38416 0
1.01369 1.38416 0
1.01857 1.38416 0
1.02346 1.38416 0
1.02835 1.38416 0
1.03324 1.38416 0
1.03812 1.38416 0
1.04301 1.38416 0
1.0479 1.38416 0
1.05279 1.38416 0
1.05767 1.38416 0
1.06256 1.38416 0
1.06745 1.38416 0
1.07234 1.38416 0
1.07722 1.38416 0
1.08211 1.38416 0
1.087 1.38416 0
1.09189 1.38416 0
1.09677 1.38416 0
1.10166 1.38416 0
1.10655 1.38416 0
1.11144 1.38416 0
1.11632 1.38416 0
1.12121 1.38416 0
1.1261 1.38416 0
1.13099 1.38416 0
1.13587 1.38416 0
1.14076 1.38416 0
1.14565 1.38416 0
1.15054 1.38416 0
1.15543 1.38416 0
1.16031 1.38416 0
1.1652 1.38416 0
1.17009 1.38416 0
1.17498 1.38416 0
1.17986 1.38416 0
1.18475 1.38416 0
1.18964 1.38416 0
1.19453 1.38416 0
1.19941 1.38416 0
1.2043 1.38416 0
1.20919 1.38416 0
1.21408 1.38416 0
1.21896 1.38416 0
1.22385 1.38416 0
1.22874 1.38416 0
1.23363 1.38416 0
1.23851 1.38416 0
1.2434 1.38416 0
1.24829 1.38416 0
1.25318 1.38416 0
1.25806 1.38416 0
1.26295 1.38416 0
1.26784 1.38416 0
1.27273 1.38416 0
1.27761 1.38416 0
1.2825 1.38416 0
1.28739 1.38416 0
1.29228 1.38416 0
1.29717 1.38416 0
1.30205 1.38416 0
1.30694 1.38417 0
1.31183 1.38416 0
1.31672 1.38417 0
1.3216 1.38416 0
1.32649 1.38417 0
1.33138 1.38417 0
1.33627 1.38417 0
1.34115 1.38417 0
1.34604 1.38417 0
1.35093 1.38417 0
1.35582 1.38417 0
1.3607 1.38417 0
1.36559 1.38417 0
1.37048 1.38417 0
1.37537 1.38417 0
1.38025 1.38417 0
1.38514 1.38417 0
1.39003 1.38417 0
1.39492 1.38417 0
1.3998 1.38417 0
1.40469 1.38417 0
1.40958 1.38417 0
1.41447 1.38417 0
1.41935 1.38417 0
1.42424 1.38417 0
1.42913 1.38417 0
1.43402 1.38417 0
1.43891 1.38417 0
1.44379 1.38417 0
1.44868 1.38417 0
1.45357 1.38417 0
1.45846 1.38417 0
1.46334 1.38417 0
1.46823 1.38417 0
1.47312 1.38417 0
1.47801 1.38417 0
1.48289 1.38417 0
1.48778 1.38417 0
1.49267 1.38417 0
1.49756 1.38417 0
1.50244 1.38417 0
1.50733 1.38417 0
1.51222 1.38417 0
1.51711 1.38417 0
1.52199 1.38417 0
1.52688 1.38418 0
1.53177 1.38418 0
1.53666 1.38418 0
1.54154 1.38418 0
1.54643 1.38418 0
1.55132 1.38418 0
1.55621 1.38418 0
1.56109 1.38418 0
1.56598 1.38418 0
1.57087 1.38418 0
1.57576 1.38418 0
1.58065 1.38418 0
1.58553 1.38419 0
1.59042 1.38419 0
1.59531 1.38419 0
1.6002 1.38419 0
1.60508 1.38419 0
1.60997 1.38419 0
1.61486 1.38419 0
1.61975 1.3842 0
1.62463 1.3842 0
1.62952 1.3842 0
1.63441 1.3842 0
1.6393 1.3842 0
1.64418 1.3842 0
1.64907 1.3842 0
1.65396 1.3842 0
1.65885 1.38418 0
1.66373 1.38415 0
1.66862 1.38411 0
1.67351 1.38402 0
1.6784 1.38388 0
1.68328 1.38366 0
1.68817 1.38333 0
1.69306 1.38288 0
1.69795 1.38231 0
1.70283 1.38165 0
1.70772 1.38091 0
1.71261 1.38012 0
1.7175 1.37924 0
1.72239 1.37822 0
1.72727 1.377 0
1.73216 1.37558 0
1.73705 1.37405 0
1.74194 1.37249 0
1.74682 1.37105 0
1.75171 1.36984 0
1.7566 1.36892 0
1.76149 1.36816 0
1.76637 1.36726 0
1.77126 1.36579 0
1.77615 1.36336 0
1.78104 1.35978 0
1.78592 1.35518 0
1.79081 1.35002 0
1.7957 1.34485 0
1.80059 1.34023 0
1.80547 1.33669 0
1.81036 1.33455 0
1.81525 1.33384 0
1.82014 1.33423 0
1.82502 1.33514 0
1.82991 1.33604 0
1.8348 1.33667 0
1.83969 1.33701 0
1.84457 1.337 0
1.84946 1.33646 0
1.85435 1.33519 0
1.85924 1.33319 0
1.86413 1.33065 0
1.86901 1.32781 0
1.8739 1.32479 0
1.87879 1.32148 0
1.88368 1.31764 0
1.88856 1.31316 0
1.89345 1.30822 0
1.89834 1.30325 0
1.90323 1.29876 0
1.90811 1.29509 0
1.913 1.29226 0
1.91789 1.28989 0
1.92278 1.28744 0
1.92766 1.28471 0
1.93255 1.28206 0
1.93744 1.28025 0
1.94233 1.27986 0
1.94721 1.28098 0
1.9521 1.28329 0
1.95699 1.28632 0
1.96188 1.28951 0
1.96676 1.29208 0
1.97165 1.2931 0
1.97654 1.29173 0
1.98143 1.28776 0
1.98631 1.28184 0
1.9912 1.27514 0
1.99609 1.26868 0
2.00098 1.26278 0
2.00587 1.25703 0
2.01075 1.25084 0
2.01564 1.24412 0
2.02053 1.23736 0
2.02542 1.23132 0
2.0303 1.22648 0
2.03519 1.22288 0
2.04008 1.2201 0
2.04497 1.21754 0
2.04985 1.21465 0
2.05474 1.21129 0
2.05963 1.20772 0
2.06452 1.20431 0
2.0694 1.20116 0
2.07429 1.19805 0
2.07918 1.19465 0
2.08407 1.19093 0
2.08895 1.18718 0
2.09384 1.18372 0
2.09873 1.18073 0
2.10362 1.17843 0
2.1085 1.17728 0
2.11339 1.17787 0
2.11828 1.18038 0
2.12317 1.1843 0
2.12805 1.18855 0
2.13294 1.19205 0
2.13783 1.19418 0
2.14272 1.19492 0
2.1476 1.19474 0
2.15249 1.19431 0
2.15738 1.19422 0
2.16227 1.19469 0
2.16716 1.19541 0
2.17204 1.19561 0
2.17693 1.19466 0
2.18182 1.19258 0
2.18671 1.19009 0
2.19159 1.18815 0
2.19648 1.18746 0
2.20137 1.18813 0
2.20626 1.18965 0
2.21114 1.19101 0
2.21603 1.191 0
2.22092 1.18872 0
2.22581 1.18407 0
2.23069 1.1779 0
2.23558 1.17145 0
2.24047 1.16567 0
2.24536 1.16079 0
2.25024 1.15656 0
2.25513 1.15285 0
2.26002 1.1499 0
2.26491 1.14816 0
2.26979 1.14787 0
2.27468 1.1488 0
2.27957 1.15022 0
2.28446 1.15122 0
2.28935 1.15098 0
2.29423 1.1492 0
2.29912 1.14627 0
2.30401 1.14301 0
2.3089 1.1403 0
2.31378 1.13874 0
2.31867 1.13853 0
2.32356 1.13942 0
2.32845 1.14077 0
2.33333 1.14186 0
2.33822 1.14229 0
2.34311 1.14207 0
2.348 1.14136 0
2.35288 1.14001 0
2.35777 1.1373 0
2.36266 1.13244 0
2.36755 1.12536 0
2.37243 1.11717 0
2.37732 1.10985 0
2.38221 1.10535 0
2.3871 1.10454 0
2.39198 1.10697 0
2.39687 1.11128 0
2.40176 1.11593 0
2.40665 1.11985 0
2.41153 1.12273 0
2.41642 1.12491 0
2.42131 1.12695 0
2.4262 1.12895 0
2.43109 1.13026 0
2.43597 1.12972 0
2.44086 1.12644 0
2.44575 1.12025 0
2.45064 1.11178 0
2.45552 1.10215 0
2.46041 1.09255 0
2.4653 1.08398 0
2.47019 1.07717 0
2.47507 1.0727 0
2.47996 1.07111 0
2.48485 1.0728 0
2.48974 1.07775 0
2.49462 1.08538 0
2.49951 1.09469 0
2.5044 1.10473 0
2.50929 1.11494 0
2.51417 1.12509 0
2.51906 1.13483 0
2.52395 1.14367 0
2.52884 1.15141 0
2.53372 1.15847 0
2.53861 1.16559 0
2.5435 1.1732 0
2.54839 1.18094 0
2.55327 1.18772 0
2.55816 1.19204 0
2.56305 1.19252 0
2.56794 1.18837 0
2.57282 1.17957 0
2.57771 1.16675 0
2.5826 1.15087 0
2.58749 1.13275 0
2.59238 1.11299 0
2.59726 1.09196 0
2.60215 1.06998 0
2.60704 1.0472 0
2.61193 1.02342 0
2.61681 0.998283 0
2.6217 0.971592 0
2.62659 0.943591 0
2.63148 0.914979 0
2.63636 0.88669 0
2.64125 0.85952 0
2.64614 0.833797 0
2.65103 0.809272 0
2.65591 0.785354 0
2.6608 0.761523 0
2.66569 0.73771 0
2.67058 0.714348 0
2.67546 0.692051 0
2.68035 0.671239 0
2.68524 0.651963 0
2.69013 0.633911 0
2.69501 0.616506 0
2.6999 0.599101 0
2.70479 0.581273 0
2.70968 0.562955 0
2.71457 0.544215 0
2.71945 0.524988 0
2.72434 0.505147 0
2.72923 0.484821 0
2.73412 0.464545 0
2.739 0.445069 0
2.74389 0.427047 0
2.74878 0.410781 0
2.75367 0.396131 0
2.75855 0.382564 0
2.76344 0.369406 0
2.76833 0.356116 0
2.77322 0.342411 0
2.7781 0.328231 0
2.78299 0.313675 0
2.78788 0.298931 0
2.79277 0.284199 0
2.79765 0.269622 0
2.80254 0.255228 0
2.80743 0.240922 0
2.81232 0.226588 0
2.8172 0.212219 0
2.82209 0.198039 0
2.82698 0.184588 0
2.83187 0.172659 0
2.83675 0.162998 0
2.84164 0.155959 0
2.84653 0.151455 0
2.85142 0.149181 0
2.8563 0.148795 0
2.86119 0.149888 0
2.86608 0.151877 0
2.87097 0.154037 0
2.87585 0.155705 0
2.88074 0.156507 0
2.88563 0.156547 0
2.89052 0.156427 0
2.89541 0.157079 0
2.90029 0.159448 0
2.90518 0.164165 0
2.91007 0.17133 0
2.91496 0.18048 0
2.91984 0.190777 0
2.92473 0.20134 0
2.92962 0.211593 0
2.93451 0.22149 0
2.93939 0.231474 0
2.94428 0.242111 0
2.94917 0.253671 0
2.95406 0.266002 0
2.95894 0.278803 0
2.96383 0.291981 0
2.96872 0.305741 0
2.97361 0.320468 0
2.97849 0.336621 0
2.98338 0.354652 0
2.98827 0.374829 0
2.99316 0.396999 0
2.99804 0.420531 0
3.00293 0.444562 0
3.00782 0.468329 0
3.01271 0.491431 0
3.0176 0.513892 0
3.02248 0.536094 0
3.02737 0.558557 0
3.03226 0.581696 0
3.03715 0.605714 0
3.04203 0.630686 0
3.04692 0.656682 0
3.05181 0.683751 0
3.0567 0.711754 0
3.06158 0.74024 0
3.06647 0.768552 0
3.07136 0.796169 0
3.07625 0.82298 0
3.08113 0.849298 0
3.08602 0.875631 0
3.09091 0.902373 0
3.0958 0.929586 0
3.10068 0.956996 0
3.10557 0.984277 0
3.11046 1.01129 0
3.11535 1.03808 0
3.12023 1.06463 0
3.12512 1.09085 0
3.13001 1.11668 0
3.1349 1.14229 0
3.13978 1.16794 0
3.14467 1.19369 0
3.14956 1.21923 0
3.15445 1.2441 0
3.15934 1.26792 0
3.16422 1.29081 0
3.16911 1.31338 0
3.174 1.33643 0
3.17889 1.36048 0
3.18377 1.38552 0
3.18866 1.41114 0
3.19355 1.43685 0
3.19844 1.46241 0
3.20332 1.48797 0
3.20821 1.51405 0
3.2131 1.5415 0
3.21799 1.5711 0
3.22287 1.60314 0
3.22776 1.6371 0
3.23265 1.67172 0
3.23754 1.70553 0
3.24242 1.73743 0
3.24731 1.76706 0
3.2522 1.79482 0
3.25709 1.82155 0
3.26197 1.84802 0
3.26686 1.87462 0
3.27175 1.90108 0
3.27664 1.92642 0
3.28152 1.94906 0
3.28641 1.96722 0
3.2913 1.97933 0
3.29619 1.98445 0
3.30107 1.98249 0
3.30596 1.97406 0
3.31085 1.96016 0
3.31574 1.94203 0
3.32063 1.92105 0
3.32551 1.89858 0
3.3304 1.87575 0
3.33529 1.85325 0
3.34018 1.83131 0
3.34506 1.80997 0
3.34995 1.78922 0
3.35484 1.76914 0
3.35973 1.74982 0
3.36461 1.73141 0
3.3695 1.71418 0
3.37439 1.69867 0
3.37928 1.68548 0
3.38416 1.67505 0
3.38905 1.66725 0
3.39394 1.66134 0
3.39883 1.65612 0
3.40371 1.65047 0
3.4086 1.6436 0
3.41349 1.63522 0
3.41838 1.62538 0
3.42326 1.61425 0
3.42815 1.60191 0
3.43304 1.58831 0
3.43793 1.57352 0
3.44282 1.55797 0
3.4477 1.54238 0
3.45259 1.52748 0
3.45748 1.51369 0
3.46237 1.50112 0
3.46725 1.4895 0
3.47214 1.47817 0
3.47703 1.46621 0
3.48192 1.45278 0
3.4868 1.43748 0
3.49169 1.42041 0
3.49658 1.40182 0
3.50147 1.38169 0
3.50635 1.35961 0
3.51124 1.33513 0
3.51613 1.30818 0
3.52102 1.27924 0
3.5259 1.24931 0
3.53079 1.21965 0
3.53568 1.19139 0
3.54057 1.16516 0
3.54545 1.14085 0
3.55034 1.11782 0
3.55523 1.09531 0
3.56012 1.07273 0
3.565 1.04987 0
3.56989 1.02676 0
3.57478 1.00346 0
3.57967 0.979941 0
3.58455 0.956043 0
3.58944 0.931637 0
3.59433 0.906726 0
3.59922 0.881402 0
3.60411 0.855759 0
3.60899 0.829826 0
3.61388 0.803522 0
3.61877 0.776698 0
3.62366 0.749268 0
3.62854 0.721336 0
3.63343 0.693233 0
3.63832 0.665462 0
3.64321 0.63856 0
3.64809 0.612863 0
3.65298 0.588366 0
3.65787 0.564759 0
3.66276 0.541579 0
3.66764 0.518381 0
3.67253 0.494878 0
3.67742 0.470999 0
3.68231 0.446857 0
3.68719 0.422651 0
3.69208 0.398639 0
3.69697 0.375095 0
3.70186 0.35223 0
3.70674 0.33009 0
3.71163 0.308551 0
3.71652 0.287453 0
3.72141 0.266708 0
3.72629 0.24638 0
3.73118 0.226722 0
3.73607 0.208107 0
3.74096 0.190831 0
3.74585 0.174923 0
3.75073 0.160155 0
3.75562 0.146181 0
3.76051 0.132676 0
3.7654 0.119456 0
3.77028 0.106558 0
3.77517 0.0942586 0
3.78006 0.0829638 0
3.78495 0.0730307 0
3.78983 0.0646026 0
3.79472 0.0575403 0
3.79961 0.0515268 0
3.8045 0.0462612 0
3.80938 0.0415564 0
3.81427 0.0372874 0
3.81916 0.0333124 0
3.82405 0.0294586 0
3.82893 0.0255294 0
3.83382 0.0213162 0
3.83871 0.0166728 0
3.8436 0.0116452 0
3.84848 0.00653342 0
3.85337 0.00177893 0
3.85826 -0.0022347 0
3.86315 -0.00530716 0
3.86804 -0.00740027 0
3.87292 -0.0085654 0
3.87781 -0.00892938 0
3.8827 -0.00873666 0
3.88759 -0.00834408 0
3.89247 -0.00810342 0
3.89736 -0.00820758 0
3.90225 -0.00862402 0
3.90714 -0.00915227 0
3.91202 -0.00955182 0
3.91691 -0.00965681 0
3.9218 -0.00942544 0
3.92669 -0.00893095 0
3.93157 -0.00832688 0
3.93646 -0.00779538 0
3.94135 -0.00747489 0
3.94624 -0.00739864 0
3.95112 -0.00748588 0
3.95601 -0.0076025 0
3.9609 -0.0076549 0
3.96579 -0.00762843 0
3.97067 -0.00751678 0
3.97556 -0.00723127 0
3.98045 -0.00662308 0
3.98534 -0.00560645 0
3.99022 -0.00425069 0
3.99511 -0.00276764 0
4 -0.00142226 0
