-1 2.10289e-07 0
-0.995112 3.35151e-07 0
-0.990225 5.27621e-07 0
-0.985337 8.16221e-07 0
-0.98045 1.23346e-06 0
-0.975562 1.81046e-06 0
-0.970675 2.56928e-06 0
-0.965787 3.51442e-06 0
-0.960899 4.62495e-06 0
-0.956012 5.85047e-06 0
-0.951124 7.11595e-06 0
-0.946237 8.33598e-06 0
-0.941349 9.43268e-06 0
-0.936461 1.03495e-05 0
-0.931574 1.10566e-05 0
-0.926686 1.1549e-05 0
-0.921799 1.18404e-05 0
-0.916911 1.19564e-05 0
-0.912023 1.19289e-05 0
-0.907136 1.17913e-05 0
-0.902248 1.1576e-05 0
-0.897361 1.13118e-05 0
-0.892473 1.10225e-05 0
-0.887586 1.07267e-05 0
-0.882698 1.04375e-05 0
-0.87781 1.01639e-05 0
-0.872923 9.91e-06 0
-0.868035 9.67476e-06 0
-0.863148 9.45235e-06 0
-0.85826 9.23316e-06 0
-0.853372 9.00591e-06 0
-0.848485 8.76017e-06 0
-0.843597 8.48889e-06 0
-0.83871 8.18989e-06 0
-0.833822 7.86626e-06 0
-0.828935 7.52567e-06 0
-0.824047 7.17841e-06 0
-0.819159 6.83487e-06 0
-0.814272 6.50364e-06 0
-0.809384 6.19194e-06 0
-0.804497 5.90754e-06 0
-0.799609 5.66115e-06 0
-0.794721 5.46796e-06 0
-0.789834 5.34924e-06 0
-0.784946 5.3352e-06 0
-0.780059 5.47081e-06 0
-0.775171 5.82672e-06 0
-0.770283 6.5182e-06 0
-0.765396 7.73607e-06 0
-0.760508 9.79572e-06 0
-0.755621 1.32147e-05 0
-0.750733 1.88366e-05 0
-0.745845 2.80288e-05 0
-0.740958 4.30019e-05 0
-0.73607 6.73181e-05 0
-0.731183 0.000106692 0
-0.726295 0.000170222 0
-0.721408 0.000272247 0
-0.71652 0.000435016 0
-0.711632 0.000692398 0
-0.706745 0.00109474 0
-0.701857 0.00171478 0
-0.69697 0.00265403 0
-0.692082 0.00404813 0
-0.687195 0.00606902 0
-0.682307 0.00892214 0
-0.677419 0.0128381 0
-0.672532 0.0180591 0
-0.667644 0.0248224 0
-0.662757 0.0333419 0
-0.657869 0.0437913 0
-0.652981 0.0562898 0
-0.648094 0.0708911 0
-0.643206 0.0875803 0
-0.638319 0.106287 0
-0.633431 0.126897 0
-0.628544 0.149262 0
-0.623656 0.173204 0
-0.618768 0.198549 0
-0.613881 0.225157 0
-0.608993 0.252919 0
-0.604106 0.281735 0
-0.599218 0.311481 0
-0.59433 0.341998 0
-0.589443 0.373105 0
-0.584555 0.404645 0
-0.579668 0.436518 0
-0.57478 0.46871 0
-0.569892 0.50126 0
-0.565005 0.534219 0
-0.560117 0.567587 0
-0.55523 0.601284 0
-0.550342 0.635162 0
-0.545455 0.669063 0
-0.540567 0.702887 0
-0.535679 0.736617 0
-0.530792 0.77028 0
-0.525904 0.803885 0
-0.521017 0.837389 0
-0.516129 0.870698 0
-0.511241 0.903699 0
-0.506354 0.936298 0
-0.501466 0.968447 0
-0.496579 1.00016 0
-0.491691 1.03151 0
-0.486804 1.0626 0
-0.481916 1.09352 0
-0.477028 1.12429 0
-0.472141 1.15479 0
-0.467253 1.18477 0
-0.462366 1.21391 0
-0.457478 1.24189 0
-0.45259 1.26857 0
-0.447703 1.29398 0
-0.442815 1.31821 0
-0.437928 1.34131 0
-0.43304 1.36323 0
-0.428152 1.38384 0
-0.423265 1.4031 0
-0.418377 1.42103 0
-0.41349 1.43768 0
-0.408602 1.45311 0
-0.403715 1.4673 0
-0.398827 1.48022 0
-0.393939 1.49187 0
-0.389052 1.50219 0
-0.384164 1.51108 0
-0.379277 1.51834 0
-0.374389 1.52374 0
-0.369501 1.52706 0
-0.364614 1.52819 0
-0.359726 1.52713 0
-0.354839 1.52402 0
-0.349951 1.51908 0
-0.345064 1.51243 0
-0.340176 1.50405 0
-0.335288 1.49383 0
-0.330401 1.4817 0
-0.325513 1.46774 0
-0.320626 1.4521 0
-0.315738 1.43496 0
-0.310851 1.41641 0
-0.305963 1.39649 0
-0.301075 1.37526 0
-0.296188 1.35282 0
-0.2913 1.3294 0
-0.286413 1.30529 0
-0.281525 1.2808 0
-0.276637 1.25625 0
-0.27175 1.23199 0
-0.266862 1.20842 0
-0.261975 1.18588 0
-0.257087 1.16465 0
-0.252199 1.1449 0
-0.247312 1.12683 0
-0.242424 1.11069 0
-0.237537 1.09681 0
-0.232649 1.08547 0
-0.227761 1.07683 0
-0.222874 1.07081 0
-0.217986 1.0672 0
-0.213099 1.06578 0
-0.208211 1.06648 0
-0.203324 1.06938 0
-0.198436 1.07449 0
-0.193548 1.08158 0
-0.188661 1.09004 0
-0.183773 1.09909 0
-0.178886 1.1081 0
-0.173998 1.11689 0
-0.16911 1.1259 0
-0.164223 1.13586 0
-0.159335 1.14738 0
-0.154448 1.16071 0
-0.14956 1.1756 0
-0.144672 1.19154 0
-0.139785 1.20798 0
-0.134897 1.2246 0
-0.13001 1.24134 0
-0.125122 1.25843 0
-0.120235 1.27617 0
-0.115347 1.29474 0
-0.110459 1.31394 0
-0.105572 1.3332 0
-0.100684 1.35177 0
-0.0957966 1.36928 0
-0.0909091 1.38592 0
-0.0860215 1.40234 0
-0.0811339 1.41908 0
-0.0762463 1.4363 0
-0.0713587 1.4538 0
-0.0664712 1.47143 0
-0.0615836 1.4891 0
-0.056696 1.50673 0
-0.0518084 1.52404 0
-0.0469208 1.54068 0
-0.0420333 1.55645 0
-0.0371457 1.57138 0
-0.0322581 1.58573 0
-0.0273705 1.5998 0
-0.0224829 1.61381 0
-0.0175954 1.62786 0
-0.0127078 1.642 0
-0.00782019 1.65634 0
-0.00293261 1.67095 0
0.00195497 1.6858 0
0.00684255 1.70067 0
0.0117301 1.71535 0
0.0166177 1.72966 0
0.0215053 1.74348 0
0.0263929 1.75675 0
0.0312805 1.76944 0
0.036168 1.78156 0
0.0410556 1.79316 0
0.0459432 1.8043 0
0.0508308 1.81509 0
0.0557185 1.82565 0
0.0606061 1.83599 0
0.0654937 1.84592 0
0.0703813 1.85509 0
0.0752688 1.86312 0
0.0801564 1.86973 0
0.085044 1.87487 0
0.0899316 1.87865 0
0.0948192 1.88129 0
0.0997067 1.88307 0
0.104594 1.88423 0
0.109482 1.88497 0
0.114369 1.88543 0
0.119257 1.88572 0
0.124145 1.8859 0
0.129032 1.886 0
0.13392 1.88607 0
0.138808 1.88611 0
0.143695 1.88614 0
0.148583 1.88615 0
0.15347 1.88616 0
0.158358 1.88617 0
0.163245 1.88617 0
0.168133 1.88617 0
0.173021 1.88618 0
0.177908 1.88618 0
0.182796 1.88618 0
0.187683 1.88618 0
0.192571 1.88618 0
0.197459 1.88618 0
0.202346 1.88618 0
0.207234 1.88618 0
0.212121 1.88618 0
0.217009 1.88618 0
0.221896 1.88618 0
0.226784 1.88618 0
0.231672 1.88618 0
0.236559 1.88618 0
0.241447 1.88618 0
0.246334 1.88618 0
0.251222 1.88618 0
0.256109 1.88618 0
0.260997 1.88618 0
0.265885 1.88618 0
0.270772 1.88618 0
0.27566 1.88618 0
0.280547 1.88618 0
0.285435 1.88618 0
0.290323 1.88618 0
0.29521 1.88618 0
0.300098 1.88618 0
0.304985 1.88618 0
0.309873 1.88618 0
0.31476 1.88618 0
0.319648 1.88618 0
0.324536 1.88618 0
0.329423 1.88618 0
0.334311 1.88618 0
0.339198 1.88618 0
0.344086 1.88618 0
0.348974 1.88618 0
0.353861 1.88618 0
0.358749 1.88618 0
0.363636 1.88618 0
0.368524 1.88618 0
0.373412 1.88618 0
0.378299 1.88618 0
0.383187 1.88618 0
0.388074 1.88618 0
0.392962 1.88618 0
0.397849 1.88618 0
0.402737 1.88618 0
0.407625 1.88618 0
0.412512 1.88618 0
0.4174 1.88618 0
0.422287 1.88618 0
0.427175 1.88618 0
0.432063 1.88618 0
0.43695 1.88618 0
0.441838 1.88618 0
0.446725 1.88618 0
0.451613 1.88618 0
0.4565 1.88618 0
0.461388 1.88618 0
0.466276 1.88618 0
0.471163 1.88618 0
0.476051 1.88618 0
0.480938 1.88618 0
0.485826 1.88618 0
0.490714 1.88618 0
0.495601 1.88618 0
0.500489 1.88618 0
0.505376 1.88618 0
0.510264 1.88618 0
0.515152 1.88618 0
0.520039 1.88618 0
0.524927 1.88618 0
0.529814 1.88618 0
0.534702 1.88618 0
0.539589 1.88618 0
0.544477 1.88618 0
0.549365 1.88618 0
0.554252 1.88618 0
0.55914 1.88618 0
0.564027 1.88618 0
0.568915 1.88618 0
0.573803 1.88618 0
0.57869 1.88618 0
0.583578 1.88618 0
0.588465 1.88618 0
0.593353 1.88618 0
0.59824 1.88618 0
0.603128 1.88618 0
0.608016 1.88618 0
0.612903 1.88618 0
0.617791 1.88618 0
0.622678 1.88618 0
0.627566 1.88618 0
0.632454 1.88617 0
0.637341 1.88618 0
0.642229 1.88618 0
0.647116 1.88618 0
0.652004 1.88617 0
0.656892 1.88618 0
0.661779 1.88618 0
0.666667 1.88618 0
0.671554 1.88618 0
0.676442 1.88618 0
0.681329 1.88618 0
0.686217 1.88618 0
0.691105 1.88618 0
0.695992 1.88617 0
0.70088 1.88617 0
0.705767 1.88618 0
0.710655 1.88618 0
0.715543 1.88617 0
0.72043 1.88617 0
0.725318 1.88618 0
0.730205 1.88618 0
0.735093 1.88618 0
0.73998 1.88618 0
0.744868 1.88617 0
0.749756 1.88617 0
0.754643 1.88618 0
0.759531 1.88618 0
0.764418 1.88617 0
0.769306 1.88618 0
0.774194 1.88618 0
0.779081 1.88617 0
0.783969 1.88617 0
0.788856 1.88617 0
0.793744 1.88617 0
0.798632 1.88617 0
0.803519 1.88617 0
0.808407 1.88617 0
0.813294 1.88617 0
0.818182 1.88617 0
0.823069 1.88617 0
0.827957 1.88617 0
0.832845 1.88617 0
0.837732 1.88617 0
0.84262 1.88617 0
0.847507 1.88617 0
0.852395 1.88617 0
0.857283 1.88617 0
0.86217 1.88617 0
0.867058 1.88617 0
0.871945 1.88617 0
0.876833 1.88617 0
0.88172 1.88617 0
0.886608 1.88617 0
0.891496 1.88617 0
0.896383 1.88617 0
0.901271 1.88617 0
0.906158 1.88617 0
0.911046 1.88617 0
0.915933 1.88617 0
0.920821 1.88617 0
0.925709 1.88617 0
0.930596 1.88617 0
0.935484 1.88617 0
0.940371 1.88617 0
0.945259 1.88617 0
0.950147 1.88617 0
0.955034 1.88617 0
0.959922 1.88617 0
0.964809 1.88617 0
0.969697 1.88617 0
0.974585 1.88617 0
0.979472 1.88617 0
0.98436 1.88617 0
0.989247 1.88617 0
0.994135 1.88617 0
0.999022 1.88617 0
1.00391 1.88617 0
1.0088 1.88617 0
1.01369 1.88617 0
1.01857 1.88617 0
1.02346 1.88617 0
1.02835 1.88616 0
1.03324 1.88616 0
1.03812 1.88616 0
1.04301 1.88615 0
1.0479 1.88615 0
1.05279 1.88614 0
1.05767 1.88613 0
1.06256 1.88611 0
1.06745 1.88607 0
1.07234 1.88602 0
1.07722 1.88593 0
1.08211 1.88579 0
1.087 1.88558 0
1.09189 1.88526 0
1.09677 1.88477 0
1.10166 1.88408 0
1.10655 1.8831 0
1.11144 1.88179 0
1.11632 1.88004 0
1.12121 1.87778 0
1.1261 1.87493 0
1.13099 1.8715 0
1.13587 1.86766 0
1.14076 1.86373 0
1.14565 1.8601 0
1.15054 1.85701 0
1.15543 1.85431 0
1.16031 1.85147 0
1.1652 1.84781 0
1.17009 1.84291 0
1.17498 1.83677 0
1.17986 1.82971 0
1.18475 1.82225 0
1.18964 1.81482 0
1.19453 1.80763 0
1.19941 1.80062 0
1.2043 1.79352 0
1.20919 1.7862 0
1.21408 1.77885 0
1.21896 1.77193 0
1.22385 1.76591 0
1.22874 1.76108 0
1.23363 1.75754 0
1.23851 1.7552 0
1.2434 1.75384 0
1.24829 1.75313 0
1.25318 1.75272 0
1.25806 1.75227 0
1.26295 1.75145 0
1.26784 1.75 0
1.27273 1.74781 0
1.27761 1.74493 0
1.2825 1.74158 0
1.28739 1.738 0
1.29228 1.73437 0
1.29717 1.73068 0
1.30205 1.72677 0
1.30694 1.72239 0
1.31183 1.71737 0
1.31672 1.71176 0
1.3216 1.70593 0
1.32649 1.70038 0
1.33138 1.69548 0
1.33627 1.69128 0
1.34115 1.68771 0
1.34604 1.68472 0
1.35093 1.68222 0
1.35582 1.67991 0
1.3607 1.67733 0
1.36559 1.67405 0
1.37048 1.66987 0
1.37537 1.66493 0
1.38025 1.65971 0
1.38514 1.65486 0
1.39003 1.65099 0
1.39492 1.64831 0
1.3998 1.64644 0
1.40469 1.64452 0
1.40958 1.64147 0
1.41447 1.63653 0
1.41935 1.62968 0
1.42424 1.62164 0
1.42913 1.61355 0
1.43402 1.60633 0
1.43891 1.60031 0
1.44379 1.59523 0
1.44868 1.59062 0
1.45357 1.586 0
1.45846 1.58089 0
1.46334 1.57477 0
1.46823 1.56734 0
1.47312 1.55886 0
1.47801 1.55026 0
1.48289 1.54264 0
1.48778 1.53675 0
1.49267 1.53258 0
1.49756 1.52961 0
1.50244 1.52723 0
1.50733 1.52504 0
1.51222 1.52278 0
1.51711 1.52015 0
1.52199 1.51689 0
1.52688 1.51306 0
1.53177 1.50911 0
1.53666 1.50577 0
1.54154 1.50363 0
1.54643 1.50293 0
1.55132 1.50359 0
1.55621 1.50521 0
1.56109 1.5071 0
1.56598 1.50839 0
1.57087 1.50837 0
1.57576 1.50676 0
1.58065 1.5037 0
1.58553 1.49971 0
1.59042 1.49557 0
1.59531 1.49204 0
1.6002 1.48948 0
1.60508 1.48759 0
1.60997 1.48565 0
1.61486 1.48318 0
1.61975 1.48037 0
1.62463 1.47802 0
1.62952 1.47714 0
1.63441 1.47847 0
1.6393 1.48236 0
1.64418 1.48875 0
1.64907 1.4973 0
1.65396 1.50751 0
1.65885 1.51878 0
1.66373 1.53041 0
1.66862 1.54171 0
1.67351 1.55225 0
1.6784 1.5619 0
1.68328 1.57074 0
1.68817 1.57879 0
1.69306 1.586 0
1.69795 1.59246 0
1.70283 1.59852 0
1.70772 1.60473 0
1.71261 1.61147 0
1.7175 1.61859 0
1.72239 1.62539 0
1.72727 1.63088 0
1.73216 1.63425 0
1.73705 1.63513 0
1.74194 1.63356 0
1.74682 1.62983 0
1.75171 1.62442 0
1.7566 1.6179 0
1.76149 1.61099 0
1.76637 1.60434 0
1.77126 1.59834 0
1.77615 1.59299 0
1.78104 1.58795 0
1.78592 1.58279 0
1.79081 1.57693 0
1.7957 1.56962 0
1.80059 1.56014 0
1.80547 1.54836 0
1.81036 1.53522 0
1.81525 1.5224 0
1.82014 1.51145 0
1.82502 1.50319 0
1.82991 1.49784 0
1.8348 1.4954 0
1.83969 1.49575 0
1.84457 1.49841 0
1.84946 1.50222 0
1.85435 1.50559 0
1.85924 1.50706 0
1.86413 1.50603 0
1.86901 1.50291 0
1.8739 1.4989 0
1.87879 1.49538 0
1.88368 1.49338 0
1.88856 1.49331 0
1.89345 1.49496 0
1.89834 1.49749 0
1.90323 1.49973 0
1.90811 1.50064 0
1.913 1.49993 0
1.91789 1.49806 0
1.92278 1.49598 0
1.92766 1.49467 0
1.93255 1.49485 0
1.93744 1.49677 0
1.94233 1.50009 0
1.94721 1.50411 0
1.9521 1.50796 0
1.95699 1.51098 0
1.96188 1.51292 0
1.96676 1.51393 0
1.97165 1.51441 0
1.97654 1.5148 0
1.98143 1.51547 0
1.98631 1.51658 0
1.9912 1.51816 0
1.99609 1.52025 0
2.00098 1.52308 0
2.00587 1.52702 0
2.01075 1.53233 0
2.01564 1.53887 0
2.02053 1.5462 0
2.02542 1.5538 0
2.0303 1.56109 0
2.03519 1.56728 0
2.04008 1.57142 0
2.04497 1.57291 0
2.04985 1.57201 0
2.05474 1.56991 0
2.05963 1.56813 0
2.06452 1.56776 0
2.0694 1.569 0
2.07429 1.57153 0
2.07918 1.5749 0
2.08407 1.57876 0
2.08895 1.5827 0
2.09384 1.58642 0
2.09873 1.58997 0
2.10362 1.59401 0
2.1085 1.59961 0
2.11339 1.60783 0
2.11828 1.61899 0
2.12317 1.6322 0
2.12805 1.64561 0
2.13294 1.65725 0
2.13783 1.66575 0
2.14272 1.67061 0
2.1476 1.67218 0
2.15249 1.67159 0
2.15738 1.67055 0
2.16227 1.6709 0
2.16716 1.67416 0
2.17204 1.6811 0
2.17693 1.69148 0
2.18182 1.70425 0
2.18671 1.71807 0
2.19159 1.73176 0
2.19648 1.74455 0
2.20137 1.75604 0
2.20626 1.76627 0
2.21114 1.77559 0
2.21603 1.78452 0
2.22092 1.79367 0
2.22581 1.80375 0
2.23069 1.81506 0
2.23558 1.82718 0
2.24047 1.83908 0
2.24536 1.84988 0
2.25024 1.85932 0
2.25513 1.8675 0
2.26002 1.87435 0
2.26491 1.87944 0
2.26979 1.88249 0
2.27468 1.88378 0
2.27957 1.88421 0
2.28446 1.88497 0
2.28935 1.88713 0
2.29423 1.89152 0
2.29912 1.89876 0
2.30401 1.90943 0
2.3089 1.92383 0
2.31378 1.94161 0
2.31867 1.96141 0
2.32356 1.98106 0
2.32845 1.99831 0
2.33333 2.01165 0
2.33822 2.02081 0
2.34311 2.02681 0
2.348 2.03148 0
2.35288 2.03664 0
2.35777 2.04338 0
2.36266 2.05198 0
2.36755 2.06215 0
2.37243 2.07339 0
2.37732 2.085 0
2.38221 2.0962 0
2.3871 2.1063 0
2.39198 2.11489 0
2.39687 2.12204 0
2.40176 2.12833 0
2.40665 2.13474 0
2.41153 2.14235 0
2.41642 2.15186 0
2.42131 2.16321 0
2.4262 2.17573 0
2.43109 2.1885 0
2.43597 2.20065 0
2.44086 2.21155 0
2.44575 2.22105 0
2.45064 2.2296 0
2.45552 2.23808 0
2.46041 2.24736 0
2.4653 2.2577 0
2.47019 2.26848 0
2.47507 2.27833 0
2.47996 2.28569 0
2.48485 2.28938 0
2.48974 2.28884 0
2.49462 2.28428 0
2.49951 2.27646 0
2.5044 2.26632 0
2.50929 2.25462 0
2.51417 2.24188 0
2.51906 2.22858 0
2.52395 2.21524 0
2.52884 2.20243 0
2.53372 2.19054 0
2.53861 2.17952 0
2.5435 2.16874 0
2.54839 2.15716 0
2.55327 2.1436 0
2.55816 2.12699 0
2.56305 2.10658 0
2.56794 2.08201 0
2.57282 2.05342 0
2.57771 2.02142 0
2.5826 1.98682 0
2.58749 1.95037 0
2.59238 1.91261 0
2.59726 1.87364 0
2.60215 1.83314 0
2.60704 1.79071 0
2.61193 1.74623 0
2.61681 1.70004 0
2.6217 1.65279 0
2.62659 1.60521 0
2.63148 1.55785 0
2.63636 1.51106 0
2.64125 1.46492 0
2.64614 1.41938 0
2.65103 1.3743 0
2.65591 1.3296 0
2.6608 1.28535 0
2.66569 1.24158 0
2.67058 1.1982 0
2.67546 1.15487 0
2.68035 1.11118 0
2.68524 1.06672 0
2.69013 1.02128 0
2.69501 0.974856 0
2.6999 0.927652 0
2.70479 0.880097 0
2.70968 0.832734 0
2.71457 0.786057 0
2.71945 0.740358 0
2.72434 0.695687 0
2.72923 0.651936 0
2.73412 0.608922 0
2.739 0.566429 0
2.74389 0.524199 0
2.74878 0.481969 0
2.75367 0.439586 0
2.75855 0.397102 0
2.76344 0.354769 0
2.76833 0.312902 0
2.77322 0.271702 0
2.7781 0.23121 0
2.78299 0.191373 0
2.78788 0.152105 0
2.79277 0.113275 0
2.79765 0.0746994 0
2.80254 0.0361667 0
2.80743 -0.00254363 0
2.81232 -0.0416813 0
2.8172 -0.0814954 0
2.82209 -0.122102 0
2.82698 -0.163354 0
2.83187 -0.204888 0
2.83675 -0.246355 0
2.84164 -0.287568 0
2.84653 -0.328472 0
2.85142 -0.369058 0
2.8563 -0.409349 0
2.86119 -0.449462 0
2.86608 -0.489591 0
2.87097 -0.529877 0
2.87586 -0.570261 0
2.88074 -0.610493 0
2.88563 -0.650334 0
2.89052 -0.689793 0
2.89541 -0.729167 0
2.90029 -0.768801 0
2.90518 -0.80876 0
2.91007 -0.848759 0
2.91496 -0.888434 0
2.91984 -0.927705 0
2.92473 -0.966889 0
2.92962 -1.0065 0
2.93451 -1.04693 0
2.93939 -1.08823 0
2.94428 -1.12998 0
2.94917 -1.17148 0
2.95406 -1.21199 0
2.95894 -1.25108 0
2.96383 -1.28879 0
2.96872 -1.32541 0
2.97361 -1.36122 0
2.97849 -1.3963 0
2.98338 -1.43048 0
2.98827 -1.4634 0
2.99316 -1.49456 0
2.99804 -1.52354 0
3.00293 -1.55028 0
3.00782 -1.57518 0
3.01271 -1.59892 0
3.0176 -1.62219 0
3.02248 -1.64544 0
3.02737 -1.66869 0
3.03226 -1.69155 0
3.03715 -1.71342 0
3.04203 -1.73381 0
3.04692 -1.75252 0
3.05181 -1.76966 0
3.0567 -1.78565 0
3.06158 -1.801 0
3.06647 -1.81618 0
3.07136 -1.83137 0
3.07625 -1.84655 0
3.08113 -1.86155 0
3.08602 -1.87613 0
3.09091 -1.8901 0
3.0958 -1.90338 0
3.10068 -1.91614 0
3.10557 -1.92859 0
3.11046 -1.94076 0
3.11535 -1.95245 0
3.12023 -1.96343 0
3.12512 -1.97379 0
3.13001 -1.98387 0
3.1349 -1.99411 0
3.13978 -2.00481 0
3.14467 -2.01599 0
3.14956 -2.02741 0
3.15445 -2.03853 0
3.15934 -2.04868 0
3.16422 -2.05737 0
3.16911 -2.06461 0
3.174 -2.0708 0
3.17889 -2.0764 0
3.18377 -2.08162 0
3.18866 -2.08629 0
3.19355 -2.09001 0
3.19844 -2.09234 0
3.20332 -2.09295 0
3.20821 -2.0918 0
3.2131 -2.08916 0
3.21799 -2.08549 0
3.22287 -2.0813 0
3.22776 -2.07704 0
3.23265 -2.07293 0
3.23754 -2.06892 0
3.24242 -2.06463 0
3.24731 -2.05958 0
3.2522 -2.05347 0
3.25709 -2.04629 0
3.26197 -2.03823 0
3.26686 -2.02943 0
3.27175 -2.01975 0
3.27664 -2.00875 0
3.28153 -1.99581 0
3.28641 -1.98034 0
3.2913 -1.96188 0
3.29619 -1.94025 0
3.30108 -1.91559 0
3.30596 -1.88821 0
3.31085 -1.85838 0
3.31574 -1.82606 0
3.32063 -1.79096 0
3.32551 -1.75272 0
3.3304 -1.71104 0
3.33529 -1.66574 0
3.34018 -1.61668 0
3.34506 -1.5637 0
3.34995 -1.50665 0
3.35484 -1.44545 0
3.35973 -1.3801 0
3.36461 -1.31072 0
3.3695 -1.23759 0
3.37439 -1.16117 0
3.37928 -1.08202 0
3.38416 -1.00072 0
3.38905 -0.917883 0
3.39394 -0.834258 0
3.39883 -0.750728 0
3.40371 -0.668256 0
3.4086 -0.587781 0
3.41349 -0.510185 0
3.41838 -0.436332 0
3.42326 -0.36712 0
3.42815 -0.303467 0
3.43304 -0.246181 0
3.43793 -0.195821 0
3.44282 -0.152611 0
3.4477 -0.116445 0
3.45259 -0.0869378 0
3.45748 -0.0634971 0
3.46237 -0.0453804 0
3.46725 -0.031762 0
3.47214 -0.0217971 0
3.47703 -0.0146886 0
3.48192 -0.00973404 0
3.4868 -0.00635395 0
3.49169 -0.00409454 0
3.49658 -0.00261286 0
3.50147 -0.00165827 0
3.50635 -0.0010529 0
3.51124 -0.000673559 0
3.51613 -0.000438177 0
3.52102 -0.000293247 0
3.5259 -0.000204002 0
3.53079 -0.000149517 0
3.53568 -0.000116148 0
3.54057 -9.58539e-05 0
3.54545 -8.32868e-05 0
3.55034 -7.57017e-05 0
3.55523 -7.10552e-05 0
3.56012 -6.81918e-05 0
3.56501 -6.65509e-05 0
3.56989 -6.55935e-05 0
3.57478 -6.50493e-05 0
3.57967 -6.47226e-05 0
3.58456 -6.45049e-05 0
3.58944 -6.4393e-05 0
3.59433 -6.4306e-05 0
3.59922 -6.42431e-05 0
3.60411 -6.41612e-05 0
3.60899 -6.41009e-05 0
3.61388 -6.40321e-05 0
3.61877 -6.39476e-05 0
3.62366 -6.38424e-05 0
3.62854 -6.37123e-05 0
3.63343 -6.356e-05 0
3.63832 -6.33848e-05 0
3.64321 -6.31834e-05 0
3.64809 -6.29585e-05 0
3.65298 -6.27108e-05 0
3.65787 -6.24421e-05 0
3.66276 -6.21553e-05 0
3.66764 -6.18545e-05 0
3.67253 -6.15445e-05 0
3.67742 -6.12313e-05 0
3.68231 -6.0921e-05 0
3.68719 -6.06192e-05 0
3.69208 -6.03315e-05 0
3.69697 -6.00621e-05 0
3.70186 -5.98147e-05 0
3.70674 -5.95911e-05 0
3.71163 -5.93921e-05 0
3.71652 -5.92176e-05 0
3.72141 -5.90667e-05 0
3.7263 -5.8938e-05 0
3.73118 -5.88299e-05 0
3.73607 -5.87402e-05 0
3.74096 -5.86674e-05 0
3.74585 -5.86103e-05 0
3.75073 -5.85679e-05 0
3.75562 -5.85393e-05 0
3.76051 -5.85234e-05 0
3.7654 -5.85189e-05 0
3.77028 -5.85249e-05 0
3.77517 -5.85421e-05 0
3.78006 -5.85723e-05 0
3.78495 -5.86194e-05 0
3.78983 -5.86897e-05 0
3.79472 -5.8791e-05 0
3.79961 -5.89308e-05 0
3.8045 -5.91153e-05 0
3.80938 -5.93478e-05 0
3.81427 -5.96287e-05 0
3.81916 -5.99554e-05 0
3.82405 -6.03221e-05 0
3.82893 -6.07198e-05 0
3.83382 -6.11373e-05 0
3.83871 -6.15619e-05 0
3.8436 -6.19815e-05 0
3.84848 -6.2386e-05 0
3.85337 -6.27697e-05 0
3.85826 -6.31325e-05 0
3.86315 -6.34801e-05 0
3.86804 -6.38218e-05 0
3.87292 -6.41692e-05 0
3.87781 -6.4533e-05 0
3.8827 -6.49202e-05 0
3.88759 -6.53319e-05 0
3.89247 -6.57602e-05 0
3.89736 -6.61871e-05 0
3.90225 -6.65866e-05 0
3.90714 -6.69288e-05 0
3.91202 -6.71847e-05 0
3.91691 -6.73309e-05 0
3.9218 -6.7352e-05 0
3.92669 -6.72448e-05 0
3.93157 -6.70198e-05 0
3.93646 -6.67017e-05 0
3.94135 -6.6323e-05 0
3.94624 -6.59162e-05 0
3.95112 -6.55081e-05 0
3.95601 -6.51175e-05 0
3.9609 -6.47578e-05 0
3.96579 -6.42178e-05 0
3.97067 -6.39473e-05 0
3.97556 -6.37284e-05 0
3.98045 -6.33392e-05 0
3.98534 -6.32171e-05 0
3.99022 -6.31325e-05 0
3.99511 -6.30761e-05 0
4 -6.30395e-05 0
