-3 2.03836e-07 0
-2.9912 2.41651e-07 0
-2.9824 2.86187e-07 0
-2.97361 3.38511e-07 0
-2.96481 3.99838e-07 0
-2.95601 4.71482e-07 0
-2.94721 5.54918e-07 0
-2.93842 6.51668e-07 0
-2.92962 7.63396e-07 0
-2.92082 8.91712e-07 0
-2.91202 1.0383e-06 0
-2.90323 1.20466e-06 0
-2.89443 1.39221e-06 0
-2.88563 1.60204e-06 0
-2.87683 1.83499e-06 0
-2.86804 2.09149e-06 0
-2.85924 2.37151e-06 0
-2.85044 2.67465e-06 0
-2.84164 3.00016e-06 0
-2.83284 3.34692e-06 0
-2.82405 3.71372e-06 0
-2.81525 4.09932e-06 0
-2.80645 4.50256e-06 0
-2.79765 4.92257e-06 0
-2.78886 5.35876e-06 0
-2.78006 5.81104e-06 0
-2.77126 6.27953e-06 0
-2.76246 6.76473e-06 0
-2.75367 7.26753e-06 0
-2.74487 7.78888e-06 0
-2.73607 8.33e-06 0
-2.72727 8.8923e-06 0
-2.71848 9.47739e-06 0
-2.70968 1.00871e-05 0
-2.70088 1.07238e-05 0
-2.69208 1.13902e-05 0
-2.68328 1.20899e-05 0
-2.67449 1.28272e-05 0
-2.66569 1.36072e-05 0
-2.65689 1.44362e-05 0
-2.64809 1.53218e-05 0
-2.6393 1.62729e-05 0
-2.6305 1.72998e-05 0
-2.6217 1.84148e-05 0
-2.6129 1.96322e-05 0
-2.60411 2.09684e-05 0
-2.59531 2.24427e-05 0
-2.58651 2.4078e-05 0
-2.57771 2.59005e-05 0
-2.56892 2.79407e-05 0
-2.56012 3.02352e-05 0
-2.55132 3.28258e-05 0
-2.54252 3.57627e-05 0
-2.53372 3.91047e-05 0
-2.52493 4.29213e-05 0
-2.51613 4.72944e-05 0
-2.50733 5.23215e-05 0
-2.49853 5.81192e-05 0
-2.48974 6.48234e-05 0
-2.48094 7.25978e-05 0
-2.47214 8.16362e-05 0
-2.46334 9.21688e-05 0
-2.45455 0.00010447 0
-2.44575 0.000118866 0
-2.43695 0.000135743 0
-2.42815 0.000155563 0
-2.41935 0.000178874 0
-2.41056 0.00020633 0
-2.40176 0.000238705 0
-2.39296 0.000276925 0
-2.38416 0.000322087 0
-2.37537 0.000375503 0
-2.36657 0.000438723 0
-2.35777 0.000513605 0
-2.34897 0.000602349 0
-2.34018 0.000707581 0
-2.33138 0.000832413 0
-2.32258 0.000980567 0
-2.31378 0.00115645 0
-2.30499 0.00136531 0
-2.29619 0.00161339 0
-2.28739 0.00190812 0
-2.27859 0.00225829 0
-2.26979 0.00267438 0
-2.261 0.00316881 0
-2.2522 0.00375634 0
-2.2434 0.00445438 0
-2.2346 0.00528369 0
-2.22581 0.00626864 0
-2.21701 0.0074382 0
-2.20821 0.00882635 0
-2.19941 0.0104734 0
-2.19062 0.0124264 0
-2.18182 0.0147407 0
-2.17302 0.0174808 0
-2.16422 0.0207221 0
-2.15543 0.0245517 0
-2.14663 0.0290704 0
-2.13783 0.0343945 0
-2.12903 0.0406559 0
-2.12023 0.0480044 0
-2.11144 0.0566088 0
-2.10264 0.0666575 0
-2.09384 0.0783574 0
-2.08504 0.0919338 0
-2.07625 0.107629 0
-2.06745 0.125702 0
-2.05865 0.146416 0
-2.04985 0.170043 0
-2.04106 0.196853 0
-2.03226 0.227107 0
-2.02346 0.261045 0
-2.01466 0.298885 0
-2.00587 0.340807 0
-1.99707 0.386961 0
-1.98827 0.437435 0
-1.97947 0.492277 0
-1.97067 0.551474 0
-1.96188 0.614968 0
-1.95308 0.682645 0
-1.94428 0.754347 0
-1.93548 0.829877 0
-1.92669 0.909 0
-1.91789 0.991459 0
-1.90909 1.07698 0
-1.90029 1.16526 0
-1.8915 1.25603 0
-1.8827 1.34897 0
-1.8739 1.44381 0
-1.8651 1.54028 0
-1.85631 1.63811 0
-1.84751 1.73706 0
-1.83871 1.8369 0
-1.82991 1.93743 0
-1.82111 2.03845 0
-1.81232 2.13982 0
-1.80352 2.24135 0
-1.79472 2.34291 0
-1.78592 2.44438 0
-1.77713 2.54566 0
-1.76833 2.64661 0
-1.75953 2.74717 0
-1.75073 2.84724 0
-1.74194 2.94675 0
-1.73314 3.0456 0
-1.72434 3.14376 0
-1.71554 3.24113 0
-1.70674 3.33766 0
-1.69795 3.4333 0
-1.68915 3.52802 0
-1.68035 3.62175 0
-1.67155 3.71448 0
-1.66276 3.80617 0
-1.65396 3.89679 0
-1.64516 3.98631 0
-1.63636 4.07469 0
-1.62757 4.16192 0
-1.61877 4.24798 0
-1.60997 4.33281 0
-1.60117 4.41644 0
-1.59238 4.49881 0
-1.58358 4.57991 0
-1.57478 4.65969 0
-1.56598 4.73815 0
-1.55719 4.81533 0
-1.54839 4.89113 0
-1.53959 4.96562 0
-1.53079 5.03878 0
-1.52199 5.11063 0
-1.5132 5.18118 0
-1.5044 5.25049 0
-1.4956 5.3185 0
-1.4868 5.3853 0
-1.47801 5.45091 0
-1.46921 5.51543 0
-1.46041 5.57877 0
-1.45161 5.64105 0
-1.44282 5.70231 0
-1.43402 5.76251 0
-1.42522 5.82174 0
-1.41642 5.88001 0
-1.40762 5.93723 0
-1.39883 5.99346 0
-1.39003 6.04867 0
-1.38123 6.10282 0
-1.37243 6.15585 0
-1.36364 6.20772 0
-1.35484 6.25838 0
-1.34604 6.30772 0
-1.33724 6.35577 0
-1.32845 6.4024 0
-1.31965 6.44763 0
-1.31085 6.49141 0
-1.30205 6.53373 0
-1.29326 6.57459 0
-1.28446 6.61406 0
-1.27566 6.65216 0
-1.26686 6.689 0
-1.25806 6.72471 0
-1.24927 6.75936 0
-1.24047 6.79316 0
-1.23167 6.82623 0
-1.22287 6.85883 0
-1.21408 6.89112 0
-1.20528 6.92338 0
-1.19648 6.95576 0
-1.18768 6.98854 0
-1.17889 7.02191 0
-1.17009 7.0561 0
-1.16129 7.09135 0
-1.15249 7.12775 0
-1.1437 7.1656 0
-1.1349 7.20499 0
-1.1261 7.24613 0
-1.1173 7.28914 0
-1.1085 7.33411 0
-1.09971 7.38118 0
-1.09091 7.43045 0
-1.08211 7.48198 0
-1.07331 7.53586 0
-1.06452 7.59215 0
-1.05572 7.65093 0
-1.04692 7.71213 0
-1.03812 7.77593 0
-1.02933 7.84225 0
-1.02053 7.91119 0
-1.01173 7.98269 0
-1.00293 8.05675 0
-0.994135 8.13336 0
-0.985337 8.21248 0
-0.97654 8.29404 0
-0.967742 8.37809 0
-0.958944 8.46443 0
-0.950147 8.55306 0
-0.941349 8.64385 0
-0.932552 8.73664 0
-0.923754 8.83136 0
-0.914956 8.92785 0
-0.906159 9.02604 0
-0.897361 9.12566 0
-0.888563 9.22657 0
-0.879766 9.32868 0
-0.870968 9.43172 0
-0.86217 9.53547 0
-0.853373 9.63982 0
-0.844575 9.74447 0
-0.835777 9.84916 0
-0.82698 9.95375 0
-0.818182 10.0579 0
-0.809384 10.1614 0
-0.800587 10.2641 0
-0.791789 10.3655 0
-0.782991 10.4656 0
-0.774194 10.5641 0
-0.765396 10.6608 0
-0.756598 10.7555 0
-0.747801 10.8481 0
-0.739003 10.9385 0
-0.730205 11.0267 0
-0.721408 11.1125 0
-0.71261 11.196 0
-0.703812 11.2772 0
-0.695015 11.3562 0
-0.686217 11.4331 0
-0.677419 11.5079 0
-0.668622 11.5809 0
-0.659824 11.6522 0
-0.651026 11.7219 0
-0.642229 11.7901 0
-0.633431 11.857 0
-0.624633 11.9228 0
-0.615836 11.9876 0
-0.607038 12.0516 0
-0.598241 12.1148 0
-0.589443 12.1773 0
-0.580646 12.2393 0
-0.571848 12.3007 0
-0.56305 12.3618 0
-0.554253 12.4225 0
-0.545455 12.4829 0
-0.536657 12.5431 0
-0.52786 12.603 0
-0.519062 12.6628 0
-0.510264 12.7222 0
-0.501467 12.7814 0
-0.492669 12.8402 0
-0.483871 12.8985 0
-0.475074 12.9562 0
-0.466276 13.0131 0
-0.457478 13.0693 0
-0.448681 13.1245 0
-0.439883 13.1784 0
-0.431085 13.2309 0
-0.422288 13.2819 0
-0.41349 13.331 0
-0.404692 13.378 0
-0.395895 13.423 0
-0.387097 13.4656 0
-0.378299 13.5058 0
-0.369502 13.5433 0
-0.360704 13.5783 0
-0.351906 13.6105 0
-0.343109 13.6398 0
-0.334311 13.6665 0
-0.325513 13.6902 0
-0.316716 13.7112 0
-0.307918 13.7293 0
-0.29912 13.7449 0
-0.290323 13.7577 0
-0.281525 13.7678 0
-0.272727 13.7752 0
-0.26393 13.7801 0
-0.255132 13.7823 0
-0.246334 13.7821 0
-0.237537 13.7793 0
-0.228739 13.774 0
-0.219941 13.7662 0
-0.211144 13.7559 0
-0.202346 13.7431 0
-0.193548 13.7279 0
-0.184751 13.7101 0
-0.175953 13.6897 0
-0.167155 13.6669 0
-0.158358 13.6415 0
-0.14956 13.6136 0
-0.140762 13.5831 0
-0.131965 13.55 0
-0.123167 13.5143 0
-0.114369 13.476 0
-0.105572 13.4351 0
-0.096774 13.3917 0
-0.0879769 13.3458 0
-0.0791792 13.2974 0
-0.0703816 13.2466 0
-0.0615839 13.1934 0
-0.0527863 13.138 0
-0.0439886 13.0806 0
-0.0351909 13.0211 0
-0.0263933 12.9598 0
-0.0175956 12.8969 0
-0.00879793 12.8326 0
-2.71201e-07 12.767 0
0.00879739 12.7004 0
0.0175951 12.6332 0
0.0263927 12.5653 0
0.0351904 12.4974 0
0.043988 12.4295 0
0.0527857 12.3621 0
0.0615834 12.2954 0
0.070381 12.2297 0
0.0791787 12.1654 0
0.0879764 12.1028 0
0.096774 12.042 0
0.105572 11.9833 0
0.114369 11.9272 0
0.123167 11.8734 0
0.131965 11.8222 0
0.140762 11.7737 0
0.14956 11.7278 0
0.158358 11.6843 0
0.167155 11.6431 0
0.175953 11.604 0
0.184751 11.5667 0
0.193548 11.5311 0
0.202346 11.4965 0
0.211144 11.4627 0
0.219941 11.4293 0
0.228739 11.3959 0
0.237537 11.362 0
0.246334 11.3275 0
0.255132 11.2918 0
0.26393 11.2546 0
0.272727 11.2158 0
0.281525 11.1749 0
0.290323 11.1318 0
0.29912 11.0863 0
0.307918 11.0383 0
0.316716 10.9876 0
0.325513 10.9342 0
0.334311 10.878 0
0.343109 10.8191 0
0.351906 10.7575 0
0.360704 10.6932 0
0.369502 10.6262 0
0.378299 10.5567 0
0.387097 10.4847 0
0.395895 10.4101 0
0.404692 10.3331 0
0.41349 10.2538 0
0.422288 10.172 0
0.431085 10.0879 0
0.439882 10.0015 0
0.44868 9.91266 0
0.457478 9.82142 0
0.466275 9.72776 0
0.475073 9.63163 0
0.483871 9.53293 0
0.492668 9.43169 0
0.501466 9.32781 0
0.510264 9.22126 0
0.519061 9.11203 0
0.527859 9.00005 0
0.536657 8.88535 0
0.545454 8.76779 0
0.554252 8.64748 0
0.56305 8.52429 0
0.571847 8.39826 0
0.580645 8.26938 0
0.589443 8.13761 0
0.59824 8.00288 0
0.607038 7.86527 0
0.615836 7.7247 0
0.624633 7.58118 0
0.633431 7.43472 0
0.642229 7.28524 0
0.651026 7.1328 0
0.659824 6.97737 0
0.668622 6.81896 0
0.677419 6.65758 0
0.686217 6.49325 0
0.695015 6.32602 0
0.703812 6.15589 0
0.71261 5.98293 0
0.721408 5.80724 0
0.730205 5.6289 0
0.739003 5.44806 0
0.747801 5.26477 0
0.756598 5.07926 0
0.765396 4.89166 0
0.774194 4.70217 0
0.782991 4.51102 0
0.791789 4.31851 0
0.800587 4.12489 0
0.809384 3.93049 0
0.818182 3.73568 0
0.82698 3.5409 0
0.835777 3.34656 0
0.844575 3.15322 0
0.853373 2.96141 0
0.86217 2.77176 0
0.870968 2.58489 0
0.879766 2.40149 0
0.888563 2.22229 0
0.897361 2.04807 0
0.906159 1.87954 0
0.914956 1.71747 0
0.923754 1.56256 0
0.932552 1.41548 0
0.941349 1.27684 0
0.950147 1.14716 0
0.958944 1.02684 0
0.967742 0.916198 0
0.976539 0.815382 0
0.985337 0.72453 0
0.994135 0.64356 0
1.00293 0.572344 0
1.01173 0.510694 0
1.02053 0.458355 0
1.02933 0.415044 0
1.03812 0.380452 0
1.04692 0.354344 0
1.05572 0.336476 0
1.06452 0.326687 0
1.07331 0.324851 0
1.08211 0.330942 0
1.09091 0.344988 0
1.09971 0.367073 0
1.1085 0.397335 0
1.1173 0.435942 0
1.1261 0.483069 0
1.1349 0.538874 0
1.14369 0.60348 0
1.15249 0.676942 0
1.16129 0.759216 0
1.17009 0.850176 0
1.17889 0.949573 0
1.18768 1.05705 0
1.19648 1.17215 0
1.20528 1.29432 0
1.21408 1.42292 0
1.22287 1.55728 0
1.23167 1.69669 0
1.24047 1.84045 0
1.24927 1.98784 0
1.25806 2.13817 0
1.26686 2.29082 0
1.27566 2.44519 0
1.28446 2.60075 0
1.29326 2.757 0
1.30205 2.91353 0
1.31085 3.06996 0
1.31965 3.22592 0
1.32845 3.38122 0
1.33724 3.53554 0
1.34604 3.6887 0
1.35484 3.84057 0
1.36364 3.99093 0
1.37243 4.1397 0
1.38123 4.28678 0
1.39003 4.43205 0
1.39883 4.5755 0
1.40762 4.71702 0
1.41642 4.85658 0
1.42522 4.99412 0
1.43402 5.12962 0
1.44282 5.26306 0
1.45161 5.39442 0
1.46041 5.52367 0
1.46921 5.65084 0
1.47801 5.77591 0
1.4868 5.89891 0
1.4956 6.01986 0
1.5044 6.13878 0
1.5132 6.25572 0
1.52199 6.37067 0
1.53079 6.48372 0
1.53959 6.59488 0
1.54839 6.70417 0
1.55718 6.81162 0
1.56598 6.91732 0
1.57478 7.02123 0
1.58358 7.12345 0
1.59238 7.22393 0
1.60117 7.32271 0
1.60997 7.41983 0
1.61877 7.51532 0
1.62757 7.60925 0
1.63636 7.70159 0
1.64516 7.79247 0
1.65396 7.88183 0
1.66276 7.96976 0
1.67155 8.05628 0
1.68035 8.14138 0
1.68915 8.22513 0
1.69795 8.3075 0
1.70674 8.38853 0
1.71554 8.46822 0
1.72434 8.54658 0
1.73314 8.62358 0
1.74194 8.69919 0
1.75073 8.7734 0
1.75953 8.8462 0
1.76833 8.91758 0
1.77713 8.98755 0
1.78592 9.05607 0
1.79472 9.12317 0
1.80352 9.18883 0
1.81232 9.25309 0
1.82111 9.31598 0
1.82991 9.37753 0
1.83871 9.43779 0
1.84751 9.49679 0
1.85631 9.55456 0
1.8651 9.61115 0
1.8739 9.66661 0
1.8827 9.72093 0
1.8915 9.77411 0
1.90029 9.82624 0
1.90909 9.87727 0
1.91789 9.92723 0
1.92669 9.97606 0
1.93548 10.0238 0
1.94428 10.0704 0
1.95308 10.1159 0
1.96188 10.1602 0
1.97067 10.2034 0
1.97947 10.2455 0
1.98827 10.2863 0
1.99707 10.3261 0
2.00587 10.3647 0
2.01466 10.4022 0
2.02346 10.4386 0
2.03226 10.4739 0
2.04106 10.5081 0
2.04985 10.5413 0
2.05865 10.5734 0
2.06745 10.6046 0
2.07625 10.6348 0
2.08504 10.664 0
2.09384 10.6922 0
2.10264 10.7194 0
2.11144 10.7457 0
2.12023 10.7709 0
2.12903 10.7952 0
2.13783 10.8184 0
2.14663 10.8406 0
2.15543 10.8618 0
2.16422 10.882 0
2.17302 10.9011 0
2.18182 10.9192 0
2.19062 10.9362 0
2.19941 10.9521 0
2.20821 10.9671 0
2.21701 10.981 0
2.22581 10.994 0
2.2346 11.006 0
2.2434 11.0172 0
2.2522 11.0273 0
2.261 11.0367 0
2.26979 11.0453 0
2.27859 11.053 0
2.28739 11.06 0
2.29619 11.0662 0
2.30499 11.0716 0
2.31378 11.0762 0
2.32258 11.0801 0
2.33138 11.0833 0
2.34018 11.0856 0
2.34897 11.0871 0
2.35777 11.0877 0
2.36657 11.0876 0
2.37537 11.0866 0
2.38416 11.0846 0
2.39296 11.0818 0
2.40176 11.0781 0
2.41056 11.0734 0
2.41935 11.068 0
2.42815 11.0618 0
2.43695 11.0547 0
2.44575 11.0468 0
2.45455 11.038 0
2.46334 11.0285 0
2.47214 11.0184 0
2.48094 11.0075 0
2.48974 10.996 0
2.49853 10.9838 0
2.50733 10.9708 0
2.51613 10.9572 0
2.52493 10.943 0
2.53372 10.9279 0
2.54252 10.912 0
2.55132 10.8954 0
2.56012 10.8779 0
2.56891 10.8596 0
2.57771 10.8405 0
2.58651 10.8204 0
2.59531 10.7995 0
2.60411 10.7777 0
2.6129 10.755 0
2.6217 10.7314 0
2.6305 10.7068 0
2.6393 10.6813 0
2.64809 10.655 0
2.65689 10.6276 0
2.66569 10.5992 0
2.67449 10.5698 0
2.68328 10.5395 0
2.69208 10.508 0
2.70088 10.4754 0
2.70968 10.4418 0
2.71847 10.4071 0
2.72727 10.3712 0
2.73607 10.3343 0
2.74487 10.2962 0
2.75367 10.257 0
2.76246 10.2168 0
2.77126 10.1754 0
2.78006 10.1329 0
2.78886 10.0894 0
2.79765 10.0448 0
2.80645 9.99916 0
2.81525 9.95253 0
2.82405 9.90493 0
2.83284 9.85631 0
2.84164 9.8068 0
2.85044 9.75638 0
2.85924 9.70498 0
2.86804 9.65274 0
2.87683 9.59964 0
2.88563 9.54567 0
2.89443 9.49093 0
2.90323 9.43542 0
2.91202 9.37924 0
2.92082 9.32237 0
2.92962 9.26494 0
2.93842 9.20706 0
2.94721 9.14889 0
2.95601 9.09049 0
2.96481 9.03198 0
2.97361 8.97359 0
2.9824 8.91549 0
2.9912 8.85782 0
3 8.8009 0
3.0088 8.74486 0
3.0176 8.68995 0
3.02639 8.63651 0
3.03519 8.58473 0
3.04399 8.53499 0
3.05279 8.48747 0
3.06158 8.44261 0
3.07038 8.40064 0
3.07918 8.36193 0
3.08798 8.32683 0
3.09677 8.29565 0
3.10557 8.2687 0
3.11437 8.24631 0
3.12317 8.22876 0
3.13196 8.21633 0
3.14076 8.20926 0
3.14956 8.20777 0
3.15836 8.21202 0
3.16716 8.22212 0
3.17595 8.23816 0
3.18475 8.26009 0
3.19355 8.2879 0
3.20235 8.32148 0
3.21114 8.36066 0
3.21994 8.4052 0
3.22874 8.45477 0
3.23754 8.50902 0
3.24633 8.56759 0
3.25513 8.63 0
3.26393 8.69581 0
3.27273 8.7645 0
3.28152 8.83562 0
3.29032 8.90866 0
3.29912 8.98315 0
3.30792 9.05863 0
3.31672 9.13465 0
3.32551 9.21089 0
3.33431 9.28692 0
3.34311 9.3624 0
3.35191 9.43703 0
3.3607 9.5106 0
3.3695 9.5828 0
3.3783 9.65349 0
3.3871 9.72241 0
3.39589 9.78945 0
3.40469 9.85447 0
3.41349 9.91732 0
3.42229 9.97795 0
3.43109 10.0362 0
3.43988 10.092 0
3.44868 10.1453 0
3.45748 10.196 0
3.46628 10.2442 0
3.47507 10.2898 0
3.48387 10.3328 0
3.49267 10.3732 0
3.50147 10.4111 0
3.51026 10.4466 0
3.51906 10.4797 0
3.52786 10.5104 0
3.53666 10.539 0
3.54545 10.5653 0
3.55425 10.5896 0
3.56305 10.6118 0
3.57185 10.632 0
3.58065 10.6503 0
3.58944 10.6667 0
3.59824 10.6812 0
3.60704 10.694 0
3.61584 10.705 0
3.62463 10.7142 0
3.63343 10.7218 0
3.64223 10.7278 0
3.65103 10.7322 0
3.65982 10.7351 0
3.66862 10.7365 0
3.67742 10.7364 0
3.68622 10.735 0
3.69501 10.7321 0
3.70381 10.7279 0
3.71261 10.7225 0
3.72141 10.7157 0
3.73021 10.7078 0
3.739 10.6986 0
3.7478 10.6882 0
3.7566 10.6766 0
3.7654 10.6639 0
3.77419 10.65 0
3.78299 10.6348 0
3.79179 10.6187 0
3.80059 10.6013 0
3.80938 10.5829 0
3.81818 10.5633 0
3.82698 10.5427 0
3.83578 10.5209 0
3.84457 10.4982 0
3.85337 10.4744 0
3.86217 10.4496 0
3.87097 10.4239 0
3.87977 10.3973 0
3.88856 10.3697 0
3.89736 10.3413 0
3.90616 10.312 0
3.91496 10.2818 0
3.92375 10.2509 0
3.93255 10.2192 0
3.94135 10.1866 0
3.95015 10.1532 0
3.95894 10.1189 0
3.96774 10.0838 0
3.97654 10.0478 0
3.98534 10.0109 0
3.99413 9.97318 0
4.00293 9.93453 0
4.01173 9.8949 0
4.02053 9.85446 0
4.02933 9.8131 0
4.03812 9.77085 0
4.04692 9.72779 0
4.05572 9.68393 0
4.06452 9.63923 0
4.07331 9.59379 0
4.08211 9.5476 0
4.09091 9.50064 0
4.09971 9.45299 0
4.1085 9.40457 0
4.1173 9.35548 0
4.1261 9.30577 0
4.1349 9.25532 0
4.14369 9.20421 0
4.15249 9.1524 0
4.16129 9.09993 0
4.17009 9.04677 0
4.17889 8.99296 0
4.18768 8.93848 0
4.19648 8.88332 0
4.20528 8.82752 0
4.21408 8.77107 0
4.22287 8.71396 0
4.23167 8.6562 0
4.24047 8.59771 0
4.24927 8.5386 0
4.25806 8.47884 0
4.26686 8.41834 0
4.27566 8.3572 0
4.28446 8.29542 0
4.29326 8.23295 0
4.30205 8.16986 0
4.31085 8.10613 0
4.31965 8.04179 0
4.32845 7.97681 0
4.33724 7.91127 0
4.34604 7.8452 0
4.35484 7.77856 0
4.36364 7.71148 0
4.37243 7.64383 0
4.38123 7.57573 0
4.39003 7.50721 0
4.39883 7.43825 0
4.40762 7.36898 0
4.41642 7.29933 0
4.42522 7.22936 0
4.43402 7.15914 0
4.44282 7.0887 0
4.45161 7.01809 0
4.46041 6.94739 0
4.46921 6.87656 0
4.47801 6.80575 0
4.4868 6.73492 0
4.4956 6.66406 0
4.5044 6.5933 0
4.5132 6.52263 0
4.52199 6.45193 0
4.53079 6.38135 0
4.53959 6.31079 0
4.54839 6.24018 0
4.55718 6.16963 0
4.56598 6.09897 0
4.57478 6.0282 0
4.58358 5.95736 0
4.59238 5.88637 0
4.60117 5.81524 0
4.60997 5.74399 0
4.61877 5.67256 0
4.62757 5.60091 0
4.63636 5.52914 0
4.64516 5.45721 0
4.65396 5.38505 0
4.66276 5.31277 0
4.67155 5.24031 0
4.68035 5.16768 0
4.68915 5.09492 0
4.69795 5.02197 0
4.70675 4.94886 0
4.71554 4.87558 0
4.72434 4.80209 0
4.73314 4.72846 0
4.74194 4.65463 0
4.75073 4.58056 0
4.75953 4.50632 0
4.76833 4.43184 0
4.77713 4.35713 0
4.78592 4.28219 0
4.79472 4.20698 0
4.80352 4.1315 0
4.81232 4.05573 0
4.82111 3.97968 0
4.82991 3.90332 0
4.83871 3.82667 0
4.84751 3.7497 0
4.85631 3.67245 0
4.8651 3.5949 0
4.8739 3.51707 0
4.8827 3.43896 0
4.8915 3.36062 0
4.90029 3.28202 0
4.90909 3.20322 0
4.91789 3.12423 0
4.92669 3.04507 0
4.93548 2.96575 0
4.94428 2.88628 0
4.95308 2.80673 0
4.96188 2.72708 0
4.97067 2.64736 0
4.97947 2.56757 0
4.98827 2.48773 0
4.99707 2.40787 0
5.00587 2.32801 0
5.01466 2.24813 0
5.02346 2.16828 0
5.03226 2.08849 0
5.04106 2.00879 0
5.04985 1.92921 0
5.05865 1.84981 0
5.06745 1.77066 0
5.07625 1.69181 0
5.08504 1.61334 0
5.09384 1.53535 0
5.10264 1.45793 0
5.11144 1.3812 0
5.12023 1.30529 0
5.12903 1.23031 0
5.13783 1.15643 0
5.14663 1.08376 0
5.15543 1.01251 0
5.16422 0.942836 0
5.17302 0.874916 0
5.18182 0.808919 0
5.19062 0.745052 0
5.19941 0.683491 0
5.20821 0.624412 0
5.21701 0.567999 0
5.22581 0.514414 0
5.2346 0.463788 0
5.2434 0.416238 0
5.2522 0.371849 0
5.261 0.330667 0
5.26979 0.292712 0
5.27859 0.257963 0
5.28739 0.226353 0
5.29619 0.197785 0
5.30499 0.172132 0
5.31378 0.149251 0
5.32258 0.128951 0
5.33138 0.11105 0
5.34018 0.0953447 0
5.34897 0.0816345 0
5.35777 0.0697253 0
5.36657 0.059426 0
5.37537 0.0505459 0
5.38416 0.0429139 0
5.39296 0.0363854 0
5.40176 0.0308065 0
5.41056 0.0260576 0
5.41935 0.022021 0
5.42815 0.0185891 0
5.43695 0.0156837 0
5.44575 0.0132282 0
5.45455 0.0111499 0
5.46334 0.0093977 0
5.47214 0.00791992 0
5.48094 0.00667267 0
5.48974 0.00562353 0
5.49853 0.00473921 0
5.50733 0.00399456 0
5.51613 0.00336675 0
5.52493 0.00284097 0
5.53372 0.00239617 0
5.54252 0.00202202 0
5.55132 0.00170885 0
5.56012 0.00144484 0
5.56892 0.00122308 0
5.57771 0.00103747 0
5.58651 0.000879724 0
5.59531 0.000748211 0
5.60411 0.000637738 0
5.6129 0.000543457 0
5.6217 0.000464854 0
5.6305 0.00039761 0
5.6393 0.000343677 0
5.64809 0.000296327 0
5.65689 0.000258225 0
5.66569 0.000224749 0
5.67449 0.000194788 0
5.68328 0.000171751 0
5.69208 0.000151003 0
5.70088 0.000134708 0
5.70968 0.000120333 0
5.71848 0.000108137 0
5.72727 9.82946e-05 0
5.73607 8.96745e-05 0
5.74487 8.2101e-05 0
5.75367 7.5171e-05 0
5.76246 7.03139e-05 0
5.77126 6.52113e-05 0
5.78006 6.09438e-05 0
5.78886 5.74867e-05 0
5.79765 5.41539e-05 0
5.80645 5.17689e-05 0
5.81525 4.99136e-05 0
5.82405 4.79207e-05 0
5.83284 4.63806e-05 0
5.84164 4.48062e-05 0
5.85044 4.35199e-05 0
5.85924 4.23554e-05 0
5.86804 4.14056e-05 0
5.87683 4.05787e-05 0
5.88563 3.9809e-05 0
5.89443 3.90326e-05 0
5.90323 3.83125e-05 0
5.91202 3.76927e-05 0
5.92082 3.7087e-05 0
5.92962 3.65827e-05 0
5.93842 3.61138e-05 0
5.94721 3.55629e-05 0
5.95601 3.51094e-05 0
5.96481 3.46656e-05 0
5.97361 3.41039e-05 0
5.9824 3.36719e-05 0
5.9912 3.33106e-05 0
6 3.29571e-05 0
