-3 -7.4079e-06 0
-2.9912 -7.50944e-06 0
-2.9824 -7.61086e-06 0
-2.97361 -7.71231e-06 0
-2.96481 -7.81404e-06 0
-2.95601 -7.91638e-06 0
-2.94721 -8.01975e-06 0
-2.93842 -8.12458e-06 0
-2.92962 -8.23142e-06 0
-2.92082 -8.34086e-06 0
-2.91202 -8.45346e-06 0
-2.90323 -8.56987e-06 0
-2.89443 -8.69074e-06 0
-2.88563 -8.81662e-06 0
-2.87683 -8.94813e-06 0
-2.86804 -9.08578e-06 0
-2.85924 -9.23003e-06 0
-2.85044 -9.3813e-06 0
-2.84164 -9.53991e-06 0
-2.83284 -9.7061e-06 0
-2.82405 -9.88005e-06 0
-2.81525 -1.00618e-05 0
-2.80645 -1.02514e-05 0
-2.79765 -1.04489e-05 0
-2.78886 -1.0654e-05 0
-2.78006 -1.08668e-05 0
-2.77126 -1.10872e-05 0
-2.76246 -1.1315e-05 0
-2.75367 -1.15501e-05 0
-2.74487 -1.17925e-05 0
-2.73607 -1.20422e-05 0
-2.72727 -1.22992e-05 0
-2.71848 -1.25634e-05 0
-2.70968 -1.28348e-05 0
-2.70088 -1.31135e-05 0
-2.69208 -1.33997e-05 0
-2.68328 -1.36932e-05 0
-2.67449 -1.39942e-05 0
-2.66569 -1.43028e-05 0
-2.65689 -1.46192e-05 0
-2.64809 -1.49435e-05 0
-2.6393 -1.52759e-05 0
-2.6305 -1.56166e-05 0
-2.6217 -1.59658e-05 0
-2.6129 -1.63239e-05 0
-2.60411 -1.66912e-05 0
-2.59531 -1.70679e-05 0
-2.58651 -1.74545e-05 0
-2.57771 -1.78512e-05 0
-2.56891 -1.82584e-05 0
-2.56012 -1.86765e-05 0
-2.55132 -1.91057e-05 0
-2.54252 -1.95463e-05 0
-2.53372 -1.99987e-05 0
-2.52493 -2.0463e-05 0
-2.51613 -2.09395e-05 0
-2.50733 -2.14287e-05 0
-2.49853 -2.19306e-05 0
-2.48974 -2.24458e-05 0
-2.48094 -2.29746e-05 0
-2.47214 -2.35175e-05 0
-2.46334 -2.4075e-05 0
-2.45455 -2.46476e-05 0
-2.44575 -2.52361e-05 0
-2.43695 -2.5841e-05 0
-2.42815 -2.64629e-05 0
-2.41935 -2.71025e-05 0
-2.41056 -2.77601e-05 0
-2.40176 -2.84363e-05 0
-2.39296 -2.91312e-05 0
-2.38416 -2.98449e-05 0
-2.37537 -3.05773e-05 0
-2.36657 -3.13281e-05 0
-2.35777 -3.20967e-05 0
-2.34897 -3.28823e-05 0
-2.34018 -3.36836e-05 0
-2.33138 -3.4499e-05 0
-2.32258 -3.53265e-05 0
-2.31378 -3.6163e-05 0
-2.30499 -3.70049e-05 0
-2.29619 -3.78473e-05 0
-2.28739 -3.86842e-05 0
-2.27859 -3.95079e-05 0
-2.26979 -4.03086e-05 0
-2.261 -4.1074e-05 0
-2.2522 -4.17892e-05 0
-2.2434 -4.24355e-05 0
-2.2346 -4.29898e-05 0
-2.22581 -4.3424e-05 0
-2.21701 -4.37036e-05 0
-2.20821 -4.37864e-05 0
-2.19941 -4.36214e-05 0
-2.19062 -4.31462e-05 0
-2.18182 -4.22855e-05 0
-2.17302 -4.09481e-05 0
-2.16422 -3.9024e-05 0
-2.15543 -3.63801e-05 0
-2.14663 -3.28564e-05 0
-2.13783 -2.82604e-05 0
-2.12903 -2.236e-05 0
-2.12023 -1.48777e-05 0
-2.11144 -5.48004e-06 0
-2.10264 6.23253e-06 0
-2.09384 2.07358e-05 0
-2.08504 3.85995e-05 0
-2.07625 6.04986e-05 0
-2.06745 8.72359e-05 0
-2.05865 0.00011976 0
-2.04985 0.00015919 0
-2.04106 0.000206832 0
-2.03226 0.000264217 0
-2.02346 0.000333107 0
-2.01466 0.000415536 0
-2.00587 0.000513819 0
-1.99707 0.000630553 0
-1.98827 0.000768641 0
-1.97947 0.000931243 0
-1.97067 0.00112178 0
-1.96188 0.00134387 0
-1.95308 0.00160121 0
-1.94428 0.00189761 0
-1.93548 0.00223671 0
-1.92669 0.00262207 0
-1.91789 0.00305696 0
-1.90909 0.0035443 0
-1.90029 0.00408666 0
-1.8915 0.00468613 0
-1.8827 0.00534438 0
-1.8739 0.00606264 0
-1.8651 0.00684152 0
-1.8563 0.00768122 0
-1.84751 0.00858123 0
-1.83871 0.00954063 0
-1.82991 0.0105581 0
-1.82111 0.011632 0
-1.81232 0.012761 0
-1.80352 0.0139438 0
-1.79472 0.0151803 0
-1.78592 0.016471 0
-1.77713 0.0178173 0
-1.76833 0.0192218 0
-1.75953 0.020687 0
-1.75073 0.0222161 0
-1.74194 0.0238114 0
-1.73314 0.0254748 0
-1.72434 0.0272069 0
-1.71554 0.0290077 0
-1.70674 0.030876 0
-1.69795 0.0328105 0
-1.68915 0.0348096 0
-1.68035 0.0368722 0
-1.67155 0.0389977 0
-1.66276 0.0411863 0
-1.65396 0.0434396 0
-1.64516 0.0457599 0
-1.63636 0.0481506 0
-1.62757 0.0506159 0
-1.61877 0.0531609 0
-1.60997 0.055791 0
-1.60117 0.0585126 0
-1.59238 0.0613317 0
-1.58358 0.0642553 0
-1.57478 0.0672901 0
-1.56598 0.0704434 0
-1.55718 0.0737227 0
-1.54839 0.0771362 0
-1.53959 0.0806925 0
-1.53079 0.0844006 0
-1.52199 0.088271 0
-1.5132 0.0923147 0
-1.5044 0.0965436 0
-1.4956 0.10097 0
-1.4868 0.105607 0
-1.47801 0.110467 0
-1.46921 0.115564 0
-1.46041 0.120908 0
-1.45161 0.126511 0
-1.44282 0.132384 0
-1.43402 0.138539 0
-1.42522 0.144988 0
-1.41642 0.151747 0
-1.40762 0.158833 0
-1.39883 0.166269 0
-1.39003 0.174083 0
-1.38123 0.18231 0
-1.37243 0.190989 0
-1.36364 0.200166 0
-1.35484 0.209894 0
-1.34604 0.220233 0
-1.33724 0.231248 0
-1.32845 0.243017 0
-1.31965 0.255621 0
-1.31085 0.269157 0
-1.30205 0.283731 0
-1.29326 0.299462 0
-1.28446 0.316484 0
-1.27566 0.334942 0
-1.26686 0.354995 0
-1.25806 0.376811 0
-1.24927 0.400565 0
-1.24047 0.426438 0
-1.23167 0.454609 0
-1.22287 0.485246 0
-1.21408 0.518503 0
-1.20528 0.554501 0
-1.19648 0.593321 0
-1.18768 0.634981 0
-1.17889 0.679425 0
-1.17009 0.726498 0
-1.16129 0.775931 0
-1.15249 0.827338 0
-1.14369 0.880199 0
-1.1349 0.933872 0
-1.1261 0.987606 0
-1.1173 1.04057 0
-1.1085 1.09191 0
-1.09971 1.14076 0
-1.09091 1.18632 0
-1.08211 1.22791 0
-1.07331 1.26498 0
-1.06452 1.29716 0
-1.05572 1.32425 0
-1.04692 1.34623 0
-1.03812 1.36323 0
-1.02933 1.37552 0
-1.02053 1.38345 0
-1.01173 1.38746 0
-1.00293 1.38799 0
-0.994135 1.3855 0
-0.985337 1.38046 0
-0.97654 1.37328 0
-0.967742 1.36435 0
-0.958944 1.35401 0
-0.950147 1.34256 0
-0.941349 1.33025 0
-0.932551 1.31731 0
-0.923754 1.3039 0
-0.914956 1.29017 0
-0.906158 1.27626 0
-0.897361 1.26227 0
-0.888563 1.24828 0
-0.879765 1.23435 0
-0.870968 1.22056 0
-0.86217 1.20694 0
-0.853372 1.19354 0
-0.844575 1.18038 0
-0.835777 1.16748 0
-0.82698 1.15486 0
-0.818182 1.14253 0
-0.809384 1.13049 0
-0.800587 1.11874 0
-0.791789 1.1073 0
-0.782991 1.09614 0
-0.774194 1.08528 0
-0.765396 1.0747 0
-0.756598 1.06439 0
-0.747801 1.05437 0
-0.739003 1.0446 0
-0.730205 1.0351 0
-0.721408 1.02584 0
-0.71261 1.01682 0
-0.703812 1.00803 0
-0.695015 0.999457 0
-0.686217 0.99109 0
-0.677419 0.982915 0
-0.668622 0.974921 0
-0.659824 0.967096 0
-0.651026 0.959425 0
-0.642229 0.951899 0
-0.633431 0.944506 0
-0.624633 0.937238 0
-0.615836 0.930089 0
-0.607038 0.923058 0
-0.59824 0.916142 0
-0.589443 0.909341 0
-0.580645 0.90266 0
-0.571847 0.8961 0
-0.56305 0.889665 0
-0.554252 0.88336 0
-0.545455 0.877189 0
-0.536657 0.871155 0
-0.527859 0.865259 0
-0.519062 0.8595 0
-0.510264 0.853876 0
-0.501466 0.848381 0
-0.492669 0.843009 0
-0.483871 0.837752 0
-0.475073 0.832602 0
-0.466276 0.827548 0
-0.457478 0.822584 0
-0.44868 0.8177 0
-0.439883 0.812887 0
-0.431085 0.808136 0
-0.422287 0.803444 0
-0.41349 0.798801 0
-0.404692 0.794203 0
-0.395894 0.789645 0
-0.387097 0.785122 0
-0.378299 0.780633 0
-0.369502 0.776176 0
-0.360704 0.771755 0
-0.351906 0.767372 0
-0.343108 0.763034 0
-0.334311 0.75875 0
-0.325513 0.754528 0
-0.316716 0.750376 0
-0.307918 0.746303 0
-0.29912 0.742314 0
-0.290323 0.738412 0
-0.281525 0.734599 0
-0.272727 0.730875 0
-0.26393 0.727236 0
-0.255132 0.72368 0
-0.246334 0.720203 0
-0.237537 0.716798 0
-0.228739 0.713463 0
-0.219941 0.710191 0
-0.211144 0.706978 0
-0.202346 0.703814 0
-0.193548 0.700694 0
-0.184751 0.697607 0
-0.175953 0.694539 0
-0.167156 0.691474 0
-0.158358 0.688391 0
-0.14956 0.685266 0
-0.140763 0.68207 0
-0.131965 0.678769 0
-0.123167 0.675326 0
-0.11437 0.671695 0
-0.105572 0.667825 0
-0.0967743 0.663656 0
-0.0879765 0.659122 0
-0.0791789 0.654144 0
-0.0703814 0.648633 0
-0.0615835 0.642482 0
-0.052786 0.635574 0
-0.0439882 0.627775 0
-0.0351906 0.618937 0
-0.0263931 0.608894 0
-0.0175953 0.59747 0
-0.00879773 0.584482 0
1.19209e-07 0.569741 0
0.00879765 0.553066 0
0.0175952 0.53429 0
0.026393 0.513278 0
0.0351906 0.489941 0
0.0439881 0.464249 0
0.0527859 0.436245 0
0.0615835 0.406069 0
0.0703813 0.373945 0
0.0791788 0.340196 0
0.0879764 0.305224 0
0.0967742 0.269496 0
0.105572 0.233521 0
0.11437 0.197813 0
0.123167 0.162877 0
0.131965 0.129163 0
0.140763 0.0970563 0
0.14956 0.0668677 0
0.158358 0.0388147 0
0.167155 0.0130376 0
0.175953 -0.0104062 0
0.184751 -0.0315251 0
0.193548 -0.0503819 0
0.202346 -0.0670818 0
0.211144 -0.0817607 0
0.219941 -0.094572 0
0.228739 -0.105681 0
0.237537 -0.11525 0
0.246334 -0.12344 0
0.255132 -0.130401 0
0.26393 -0.136269 0
0.272727 -0.141168 0
0.281525 -0.145209 0
0.290322 -0.148487 0
0.29912 -0.151088 0
0.307918 -0.153089 0
0.316716 -0.154556 0
0.325513 -0.15555 0
0.334311 -0.156125 0
0.343109 -0.156331 0
0.351906 -0.156213 0
0.360704 -0.155808 0
0.369501 -0.15515 0
0.378299 -0.15427 0
0.387097 -0.153192 0
0.395894 -0.15194 0
0.404692 -0.150532 0
0.41349 -0.148987 0
0.422287 -0.147318 0
0.431085 -0.145539 0
0.439883 -0.143658 0
0.44868 -0.141684 0
0.457478 -0.139619 0
0.466276 -0.137467 0
0.475073 -0.135227 0
0.483871 -0.132897 0
0.492668 -0.130476 0
0.501466 -0.127964 0
0.510264 -0.125362 0
0.519061 -0.122673 0
0.527859 -0.119902 0
0.536657 -0.11706 0
0.545455 -0.114157 0
0.554252 -0.111208 0
0.56305 -0.108229 0
0.571848 -0.10524 0
0.580645 -0.102257 0
0.589443 -0.0992984 0
0.59824 -0.0963821 0
0.607038 -0.0935228 0
0.615836 -0.0907317 0
0.624633 -0.0880195 0
0.633431 -0.0853916 0
0.642229 -0.0828498 0
0.651026 -0.0803927 0
0.659824 -0.0780147 0
0.668622 -0.0757076 0
0.677419 -0.073461 0
0.686217 -0.0712629 0
0.695015 -0.0691013 0
0.703812 -0.0669642 0
0.71261 -0.0648416 0
0.721407 -0.062725 0
0.730205 -0.0606086 0
0.739003 -0.0584897 0
0.747801 -0.0563683 0
0.756598 -0.0542467 0
0.765396 -0.0521305 0
0.774194 -0.0500263 0
0.782991 -0.0479433 0
0.791789 -0.0458906 0
0.800586 -0.0438786 0
0.809384 -0.0419171 0
0.818182 -0.0400152 0
0.826979 -0.0381819 0
0.835777 -0.0364254 0
0.844575 -0.0347521 0
0.853372 -0.0331684 0
0.86217 -0.0316786 0
0.870968 -0.030287 0
0.879765 -0.0289957 0
0.888563 -0.0278055 0
0.897361 -0.0267161 0
0.906158 -0.0257255 0
0.914956 -0.0248306 0
0.923753 -0.0240269 0
0.932551 -0.0233095 0
0.941349 -0.0226722 0
0.950147 -0.022109 0
0.958944 -0.0216131 0
0.967742 -0.021178 0
0.97654 -0.0207973 0
0.985337 -0.0204644 0
0.994135 -0.0201734 0
1.00293 -0.0199187 0
1.01173 -0.0196948 0
1.02053 -0.0194968 0
1.02933 -0.0193202 0
1.03812 -0.0191605 0
1.04692 -0.0190137 0
1.05572 -0.0188759 0
1.06452 -0.0187434 0
1.07331 -0.0186127 0
1.08211 -0.0184802 0
1.09091 -0.0183421 0
1.09971 -0.0181948 0
1.1085 -0.0180346 0
1.1173 -0.0178572 0
1.1261 -0.0176586 0
1.1349 -0.017434 0
1.14369 -0.0171792 0
1.15249 -0.016889 0
1.16129 -0.0165585 0
1.17009 -0.0161828 0
1.17889 -0.0157571 0
1.18768 -0.0152768 0
1.19648 -0.0147378 0
1.20528 -0.0141366 0
1.21408 -0.0134704 0
1.22287 -0.0127374 0
1.23167 -0.0119366 0
1.24047 -0.0110679 0
1.24927 -0.0101323 0
1.25806 -0.00913143 0
1.26686 -0.00806759 0
1.27566 -0.00694388 0
1.28446 -0.00576356 0
1.29326 -0.0045304 0
1.30205 -0.00324838 0
1.31085 -0.00192158 0
1.31965 -0.00055426 0
1.32845 0.000849017 0
1.33724 0.00228361 0
1.34604 0.00374433 0
1.35484 0.00522582 0
1.36364 0.00672246 0
1.37243 0.00822806 0
1.38123 0.00973664 0
1.39003 0.011242 0
1.39883 0.0127384 0
1.40762 0.0142202 0
1.41642 0.0156822 0
1.42522 0.0171199 0
1.43402 0.018529 0
1.44282 0.0199058 0
1.45161 0.0212473 0
1.46041 0.0225503 0
1.46921 0.023813 0
1.47801 0.0250339 0
1.4868 0.026212 0
1.4956 0.0273475 0
1.5044 0.0284411 0
1.5132 0.0294942 0
1.52199 0.0305085 0
1.53079 0.0314862 0
1.53959 0.0324291 0
1.54839 0.0333389 0
1.55718 0.0342167 0
1.56598 0.0350632 0
1.57478 0.0358785 0
1.58358 0.0366624 0
1.59238 0.0374147 0
1.60117 0.0381356 0
1.60997 0.0388255 0
1.61877 0.0394853 0
1.62757 0.0401169 0
1.63636 0.0407225 0
1.64516 0.0413046 0
1.65396 0.0418663 0
1.66276 0.0424102 0
1.67155 0.0429384 0
1.68035 0.0434524 0
1.68915 0.0439528 0
1.69795 0.0444391 0
1.70674 0.0449097 0
1.71554 0.0453624 0
1.72434 0.0457945 0
1.73314 0.0462031 0
1.74194 0.0465859 0
1.75073 0.0469413 0
1.75953 0.0472692 0
1.76833 0.0475706 0
1.77713 0.0478482 0
1.78592 0.0481054 0
1.79472 0.0483469 0
1.80352 0.0485769 0
1.81232 0.0487995 0
1.82111 0.0490179 0
1.82991 0.0492335 0
1.83871 0.0494464 0
1.84751 0.0496552 0
1.85631 0.049857 0
1.8651 0.0500484 0
1.8739 0.0502259 0
1.8827 0.0503866 0
1.8915 0.0505284 0
1.90029 0.050651 0
1.90909 0.0507558 0
1.91789 0.0508455 0
1.92669 0.0509246 0
1.93548 0.0509989 0
1.94428 0.0510747 0
1.95308 0.0511587 0
1.96188 0.0512572 0
1.97067 0.0513756 0
1.97947 0.0515177 0
1.98827 0.0516854 0
1.99707 0.0518788 0
2.00587 0.0520955 0
2.01466 0.0523322 0
2.02346 0.0525838 0
2.03226 0.0528449 0
2.04106 0.0531099 0
2.04985 0.0533732 0
2.05865 0.0536301 0
2.06745 0.0538762 0
2.07625 0.0541084 0
2.08504 0.0543237 0
2.09384 0.0545202 0
2.10264 0.054696 0
2.11144 0.0548496 0
2.12023 0.0549793 0
2.12903 0.0550837 0
2.13783 0.0551617 0
2.14663 0.0552121 0
2.15543 0.055235 0
2.16422 0.0552314 0
2.17302 0.0552031 0
2.18182 0.0551537 0
2.19062 0.0550873 0
2.19941 0.0550089 0
2.20821 0.0549239 0
2.21701 0.0548371 0
2.22581 0.0547525 0
2.2346 0.0546727 0
2.2434 0.0545987 0
2.2522 0.0545299 0
2.261 0.0544645 0
2.26979 0.0543991 0
2.27859 0.0543303 0
2.28739 0.0542546 0
2.29619 0.0541688 0
2.30499 0.0540709 0
2.31378 0.0539596 0
2.32258 0.0538352 0
2.33138 0.0536987 0
2.34018 0.0535523 0
2.34897 0.0533986 0
2.35777 0.0532407 0
2.36657 0.0530815 0
2.37537 0.0529236 0
2.38416 0.0527688 0
2.39296 0.052618 0
2.40176 0.0524709 0
2.41056 0.0523261 0
2.41935 0.0521813 0
2.42815 0.0520336 0
2.43695 0.0518795 0
2.44575 0.051716 0
2.45455 0.0515401 0
2.46334 0.0513492 0
2.47214 0.051142 0
2.48094 0.0509175 0
2.48974 0.0506761 0
2.49853 0.0504187 0
2.50733 0.0501472 0
2.51613 0.0498646 0
2.52493 0.0495745 0
2.53372 0.0492815 0
2.54252 0.0489914 0
2.55132 0.0487104 0
2.56012 0.0484453 0
2.56891 0.0482035 0
2.57771 0.0479918 0
2.58651 0.0478162 0
2.59531 0.0476814 0
2.60411 0.0475904 0
2.6129 0.047543 0
2.6217 0.0475366 0
2.6305 0.0475658 0
2.6393 0.0476221 0
2.64809 0.0476947 0
2.65689 0.0477715 0
2.66569 0.0478392 0
2.67449 0.0478843 0
2.68328 0.0478952 0
2.69208 0.0478609 0
2.70088 0.0477738 0
2.70968 0.0476287 0
2.71847 0.0474234 0
2.72727 0.0471587 0
2.73607 0.0468381 0
2.74487 0.0464668 0
2.75367 0.0460514 0
2.76246 0.0455994 0
2.77126 0.0451183 0
2.78006 0.044616 0
2.78886 0.0441001 0
2.79765 0.0435782 0
2.80645 0.0430579 0
2.81525 0.0425463 0
2.82405 0.0420508 0
2.83284 0.0415777 0
2.84164 0.0411327 0
2.85044 0.0407195 0
2.85924 0.0403403 0
2.86804 0.0399949 0
2.87683 0.0396808 0
2.88563 0.0393932 0
2.89443 0.0391251 0
2.90323 0.0388681 0
2.91202 0.0386124 0
2.92082 0.0383483 0
2.92962 0.0380666 0
2.93842 0.0377588 0
2.94721 0.0374188 0
2.95601 0.0370423 0
2.96481 0.0366274 0
2.97361 0.0361745 0
2.9824 0.0356858 0
2.9912 0.0351651 0
3 0.0346171 0
3.0088 0.0340468 0
3.0176 0.0334587 0
3.02639 0.0328562 0
3.03519 0.0322412 0
3.04399 0.0316132 0
3.05279 0.0309701 0
3.06158 0.0303068 0
3.07038 0.0296171 0
3.07918 0.0288929 0
3.08798 0.0281259 0
3.09677 0.0273075 0
3.10557 0.0264301 0
3.11437 0.0254875 0
3.12317 0.0244751 0
3.13196 0.0233906 0
3.14076 0.0222343 0
3.14956 0.0210092 0
3.15836 0.0197208 0
3.16716 0.0183775 0
3.17595 0.0169899 0
3.18475 0.0155706 0
3.19355 0.0141339 0
3.20235 0.0126941 0
3.21114 0.0112656 0
3.21994 0.00986135 0
3.22874 0.00849212 0
3.23754 0.00716645 0
3.24633 0.00588939 0
3.25513 0.00466292 0
3.26393 0.00348576 0
3.27273 0.00235377 0
3.28152 0.00126075 0
3.29032 0.000198666 0
3.29912 -0.000841311 0
3.30792 -0.00186786 0
3.31672 -0.00288879 0
3.32551 -0.0039098 0
3.33431 -0.00493426 0
3.34311 -0.00596219 0
3.35191 -0.00699008 0
3.3607 -0.00801096 0
3.3695 -0.00901461 0
3.3783 -0.00998855 0
3.3871 -0.0109191 0
3.39589 -0.0117926 0
3.40469 -0.0125966 0
3.41349 -0.0133212 0
3.42229 -0.01396 0
3.43108 -0.0145103 0
3.43988 -0.0149735 0
3.44868 -0.0153549 0
3.45748 -0.0156626 0
3.46628 -0.0159068 0
3.47507 -0.016099 0
3.48387 -0.0162508 0
3.49267 -0.0163732 0
3.50147 -0.0164761 0
3.51026 -0.0165677 0
3.51906 -0.0166547 0
3.52786 -0.0167424 0
3.53666 -0.0168346 0
3.54545 -0.0169337 0
3.55425 -0.0170411 0
3.56305 -0.0171574 0
3.57185 -0.0172818 0
3.58064 -0.0174133 0
3.58944 -0.01755 0
3.59824 -0.0176898 0
3.60704 -0.0178311 0
3.61584 -0.0179726 0
3.62463 -0.0181142 0
3.63343 -0.0182569 0
3.64223 -0.0184026 0
3.65103 -0.0185542 0
3.65982 -0.0187148 0
3.66862 -0.0188866 0
3.67742 -0.0190711 0
3.68622 -0.0192675 0
3.69501 -0.0194728 0
3.70381 -0.0196821 0
3.71261 -0.0198886 0
3.72141 -0.0200847 0
3.73021 -0.0202626 0
3.739 -0.0204158 0
3.7478 -0.0205399 0
3.7566 -0.020633 0
3.7654 -0.020696 0
3.77419 -0.0207322 0
3.78299 -0.0207468 0
3.79179 -0.0207454 0
3.80059 -0.0207338 0
3.80938 -0.0207164 0
3.81818 -0.0206961 0
3.82698 -0.0206738 0
3.83578 -0.0206489 0
3.84457 -0.0206195 0
3.85337 -0.0205835 0
3.86217 -0.0205388 0
3.87097 -0.0204843 0
3.87977 -0.0204195 0
3.88856 -0.0203453 0
3.89736 -0.0202631 0
3.90616 -0.0201744 0
3.91496 -0.0200812 0
3.92375 -0.0199849 0
3.93255 -0.0198865 0
3.94135 -0.0197868 0
3.95015 -0.0196866 0
3.95894 -0.0195867 0
3.96774 -0.0194886 0
3.97654 -0.0193945 0
3.98534 -0.0193072 0
3.99413 -0.0192299 0
4.00293 -0.0191665 0
4.01173 -0.0191207 0
4.02053 -0.019096 0
4.02933 -0.0190953 0
4.03812 -0.0191207 0
4.04692 -0.0191734 0
4.05572 -0.019253 0
4.06452 -0.019358 0
4.07331 -0.0194857 0
4.08211 -0.0196323 0
4.09091 -0.0197932 0
4.09971 -0.0199633 0
4.1085 -0.0201373 0
4.1173 -0.0203098 0
4.1261 -0.0204758 0
4.1349 -0.0206308 0
4.14369 -0.0207711 0
4.15249 -0.020894 0
4.16129 -0.0209984 0
4.17009 -0.0210849 0
4.17889 -0.0211555 0
4.18768 -0.021214 0
4.19648 -0.0212647 0
4.20528 -0.0213126 0
4.21408 -0.0213618 0
4.22287 -0.0214157 0
4.23167 -0.0214758 0
4.24047 -0.0215421 0
4.24927 -0.0216127 0
4.25806 -0.0216845 0
4.26686 -0.0217535 0
4.27566 -0.0218159 0
4.28446 -0.0218682 0
4.29325 -0.0219081 0
4.30205 -0.0219351 0
4.31085 -0.0219499 0
4.31965 -0.0219552 0
4.32845 -0.0219545 0
4.33724 -0.0219522 0
4.34604 -0.0219524 0
4.35484 -0.021959 0
4.36364 -0.0219744 0
4.37243 -0.0219996 0
4.38123 -0.0220338 0
4.39003 -0.0220742 0
4.39883 -0.0221164 0
4.40762 -0.0221541 0
4.41642 -0.0221802 0
4.42522 -0.0221868 0
4.43402 -0.0221662 0
4.44281 -0.0221114 0
4.45161 -0.0220173 0
4.46041 -0.0218808 0
4.46921 -0.0217015 0
4.47801 -0.0214819 0
4.4868 -0.0212271 0
4.4956 -0.0209445 0
4.5044 -0.0206431 0
4.5132 -0.0203322 0
4.52199 -0.0200211 0
4.53079 -0.0197178 0
4.53959 -0.0194286 0
4.54839 -0.0191571 0
4.55718 -0.018905 0
4.56598 -0.0186715 0
4.57478 -0.018454 0
4.58358 -0.0182487 0
4.59238 -0.0180512 0
4.60117 -0.0178571 0
4.60997 -0.0176623 0
4.61877 -0.0174634 0
4.62757 -0.0172584 0
4.63636 -0.0170457 0
4.64516 -0.0168249 0
4.65396 -0.0165964 0
4.66276 -0.0163614 0
4.67155 -0.0161215 0
4.68035 -0.0158786 0
4.68915 -0.015635 0
4.69795 -0.0153928 0
4.70674 -0.0151538 0
4.71554 -0.0149194 0
4.72434 -0.0146904 0
4.73314 -0.0144666 0
4.74194 -0.014247 0
4.75073 -0.0140299 0
4.75953 -0.0138132 0
4.76833 -0.0135947 0
4.77713 -0.0133726 0
4.78592 -0.0131458 0
4.79472 -0.0129142 0
4.80352 -0.0126789 0
4.81232 -0.0124421 0
4.82111 -0.012207 0
4.82991 -0.0119776 0
4.83871 -0.0117581 0
4.84751 -0.0115527 0
4.85631 -0.0113649 0
4.8651 -0.0111973 0
4.8739 -0.0110509 0
4.8827 -0.0109252 0
4.8915 -0.0108179 0
4.90029 -0.0107252 0
4.90909 -0.0106418 0
4.91789 -0.0105617 0
4.92669 -0.0104783 0
4.93548 -0.0103849 0
4.94428 -0.0102756 0
4.95308 -0.0101452 0
4.96188 -0.00998985 0
4.97067 -0.00980698 0
4.97947 -0.00959559 0
4.98827 -0.00935594 0
4.99707 -0.00908939 0
5.00587 -0.00879812 0
5.01466 -0.00848477 0
5.02346 -0.0081522 0
5.03226 -0.00780333 0
5.04106 -0.00744101 0
5.04985 -0.00706809 0
5.05865 -0.00668742 0
5.06745 -0.00630192 0
5.07625 -0.00591464 0
5.08504 -0.00552879 0
5.09384 -0.00514772 0
5.10264 -0.00477463 0
5.11144 -0.00441265 0
5.12023 -0.00406458 0
5.12903 -0.00373278 0
5.13783 -0.00341913 0
5.14663 -0.00312496 0
5.15543 -0.00285097 0
5.16422 -0.00259736 0
5.17302 -0.0023638 0
5.18182 -0.00214957 0
5.19062 -0.00195361 0
5.19941 -0.00177465 0
5.20821 -0.00161134 0
5.21701 -0.00146228 0
5.22581 -0.00132628 0
5.2346 -0.00120221 0
5.2434 -0.00108905 0
5.2522 -0.000986071 0
5.261 -0.000892588 0
5.26979 -0.000807945 0
5.27859 -0.000731683 0
5.28739 -0.000663239 0
5.29619 -0.000602095 0
5.30499 -0.000547759 0
5.31378 -0.000499673 0
5.32258 -0.000457311 0
5.33138 -0.000420132 0
5.34018 -0.000387629 0
5.34897 -0.000359298 0
5.35777 -0.000334661 0
5.36657 -0.000313286 0
5.37537 -0.000294778 0
5.38416 -0.00027875 0
5.39296 -0.000264894 0
5.40176 -0.00025293 0
5.41056 -0.000242588 0
5.41935 -0.000233666 0
5.42815 -0.000225938 0
5.43695 -0.00021926 0
5.44575 -0.000213453 0
5.45455 -0.000208428 0
5.46334 -0.000204061 0
5.47214 -0.000200251 0
5.48094 -0.000196924 0
5.48974 -0.000194009 0
5.49853 -0.000191451 0
5.50733 -0.000189205 0
5.51613 -0.000187212 0
5.52493 -0.000185447 0
5.53372 -0.00018387 0
5.54252 -0.000182474 0
5.55132 -0.00018122 0
5.56012 -0.000180087 0
5.56891 -0.000179058 0
5.57771 -0.000178135 0
5.58651 -0.000177283 0
5.59531 -0.00017651 0
5.60411 -0.000175801 0
5.6129 -0.000175139 0
5.6217 -0.000174534 0
5.6305 -0.00017396 0
5.6393 -0.000173441 0
5.64809 -0.000172932 0
5.65689 -0.000172469 0
5.66569 -0.000172026 0
5.67449 -0.000171607 0
5.68328 -0.000171212 0
5.69208 -0.000170836 0
5.70088 -0.000170483 0
5.70968 -0.000170145 0
5.71848 -0.000169823 0
5.72727 -0.000169515 0
5.73607 -0.000169217 0
5.74487 -0.000168937 0
5.75367 -0.00016867 0
5.76246 -0.000168411 0
5.77126 -0.000168169 0
5.78006 -0.00016793 0
5.78886 -0.000167699 0
5.79765 -0.000167478 0
5.80645 -0.000167269 0
5.81525 -0.000167062 0
5.82405 -0.000166866 0
5.83284 -0.000166672 0
5.84164 -0.000166486 0
5.85044 -0.000166303 0
5.85924 -0.000166131 0
5.86804 -0.000165964 0
5.87683 -0.000165795 0
5.88563 -0.000165635 0
5.89443 -0.000165478 0
5.90323 -0.000165324 0
5.91202 -0.000165177 0
5.92082 -0.000165033 0
5.92962 -0.000164893 0
5.93842 -0.000164757 0
5.94721 -0.000164625 0
5.95601 -0.000164497 0
5.96481 -0.00016437 0
5.97361 -0.000164246 0
5.9824 -0.000164128 0
5.9912 -0.000164014 0
6 -0.000163901 0
