-3 -4.09154e-08 0
-2.99023 -3.89941e-08 0
-2.98045 -3.70144e-08 0
-2.97067 -3.49556e-08 0
-2.9609 -3.27955e-08 0
-2.95112 -3.05072e-08 0
-2.94135 -2.80593e-08 0
-2.93157 -2.54139e-08 0
-2.9218 -2.25257e-08 0
-2.91202 -1.93406e-08 0
-2.90225 -1.57935e-08 0
-2.89247 -1.1807e-08 0
-2.8827 -7.28842e-09 0
-2.87292 -2.12885e-09 0
-2.86315 3.80292e-09 0
-2.85337 1.06621e-08 0
-2.8436 1.86349e-08 0
-2.83382 2.79439e-08 0
-2.82405 3.88556e-08 0
-2.81427 5.16913e-08 0
-2.8045 6.68377e-08 0
-2.79472 8.47618e-08 0
-2.78495 1.06029e-07 0
-2.77517 1.31322e-07 0
-2.7654 1.61469e-07 0
-2.75562 1.97477e-07 0
-2.74585 2.40567e-07 0
-2.73607 2.9222e-07 0
-2.7263 3.54233e-07 0
-2.71652 4.28791e-07 0
-2.70675 5.18541e-07 0
-2.69697 6.26701e-07 0
-2.68719 7.57159e-07 0
-2.67742 9.14646e-07 0
-2.66764 1.10489e-06 0
-2.65787 1.33482e-06 0
-2.64809 1.61287e-06 0
-2.63832 1.9492e-06 0
-2.62854 2.35612e-06 0
-2.61877 2.84854e-06 0
-2.60899 3.44447e-06 0
-2.59922 4.16557e-06 0
-2.58944 5.03802e-06 0
-2.57967 6.09326e-06 0
-2.56989 7.36902e-06 0
-2.56012 8.91048e-06 0
-2.55034 1.07716e-05 0
-2.54057 1.30162e-05 0
-2.53079 1.57202e-05 0
-2.52102 1.89728e-05 0
-2.51124 2.28785e-05 0
-2.50147 2.75585e-05 0
-2.49169 3.31527e-05 0
-2.48192 3.98213e-05 0
-2.47214 4.7746e-05 0
-2.46237 5.71312e-05 0
-2.45259 6.82046e-05 0
-2.44282 8.12198e-05 0
-2.43304 9.64591e-05 0
-2.42326 0.000114239 0
-2.41349 0.00013492 0
-2.40371 0.00015892 0
-2.39394 0.000186741 0
-2.38416 0.000218995 0
-2.37439 0.000256438 0
-2.36461 0.000300008 0
-2.35484 0.00035084 0
-2.34506 0.000410292 0
-2.33529 0.000479919 0
-2.32551 0.000561445 0
-2.31574 0.000656671 0
-2.30596 0.000767404 0
-2.29619 0.000895326 0
-2.28641 0.00104187 0
-2.27664 0.0012081 0
-2.26686 0.0013946 0
-2.25709 0.00160139 0
-2.24731 0.0018279 0
-2.23754 0.00207304 0
-2.22776 0.00233526 0
-2.21799 0.00261277 0
-2.20821 0.00290375 0
-2.19844 0.00320664 0
-2.18866 0.00352036 0
-2.17889 0.00384458 0
-2.16911 0.00417977 0
-2.15934 0.00452733 0
-2.14956 0.00488952 0
-2.13978 0.00526928 0
-2.13001 0.00566996 0
-2.12023 0.00609509 0
-2.11046 0.00654803 0
-2.10068 0.00703167 0
-2.09091 0.00754822 0
-2.08113 0.00809909 0
-2.07136 0.00868468 0
-2.06158 0.00930473 0
-2.05181 0.00995837 0
-2.04203 0.0106445 0
-2.03226 0.011362 0
-2.02248 0.0121107 0
-2.01271 0.0128911 0
-2.00293 0.0137052 0
-1.99316 0.0145561 0
-1.98338 0.0154485 0
-1.97361 0.0163883 0
-1.96383 0.0173823 0
-1.95406 0.0184382 0
-1.94428 0.0195632 0
-1.93451 0.0207651 0
-1.92473 0.022051 0
-1.91496 0.0234275 0
-1.90518 0.0249013 0
-1.89541 0.0264786 0
-1.88563 0.0281657 0
-1.87586 0.0299697 0
-1.86608 0.0318981 0
-1.85631 0.0339592 0
-1.84653 0.0361621 0
-1.83675 0.0385165 0
-1.82698 0.0410329 0
-1.8172 0.0437223 0
-1.80743 0.0465966 0
-1.79765 0.0496681 0
-1.78788 0.0529505 0
-1.7781 0.0564591 0
-1.76833 0.0602106 0
-1.75855 0.0642233 0
-1.74878 0.0685172 0
-1.739 0.0731135 0
-1.72923 0.0780343 0
-1.71945 0.0833021 0
-1.70968 0.0889387 0
-1.6999 0.0949651 0
-1.69013 0.101401 0
-1.68035 0.108263 0
-1.67058 0.115564 0
-1.6608 0.123317 0
-1.65103 0.131527 0
-1.64125 0.140197 0
-1.63148 0.149324 0
-1.6217 0.158902 0
-1.61193 0.168917 0
-1.60215 0.179352 0
-1.59238 0.190186 0
-1.5826 0.201392 0
-1.57283 0.212938 0
-1.56305 0.224792 0
-1.55327 0.236916 0
-1.5435 0.249272 0
-1.53372 0.261821 0
-1.52395 0.274526 0
-1.51417 0.287349 0
-1.5044 0.300255 0
-1.49462 0.31321 0
-1.48485 0.326184 0
-1.47507 0.339148 0
-1.4653 0.352079 0
-1.45552 0.36495 0
-1.44575 0.377742 0
-1.43597 0.390436 0
-1.4262 0.403012 0
-1.41642 0.415455 0
-1.40665 0.427751 0
-1.39687 0.439883 0
-1.3871 0.451841 0
-1.37732 0.463611 0
-1.36755 0.475184 0
-1.35777 0.486548 0
-1.348 0.497695 0
-1.33822 0.508614 0
-1.32845 0.519298 0
-1.31867 0.529739 0
-1.3089 0.539928 0
-1.29912 0.549857 0
-1.28935 0.559519 0
-1.27957 0.568905 0
-1.26979 0.578006 0
-1.26002 0.586815 0
-1.25024 0.59532 0
-1.24047 0.603511 0
-1.23069 0.61138 0
-1.22092 0.618915 0
-1.21114 0.626104 0
-1.20137 0.632938 0
-1.19159 0.639406 0
-1.18182 0.645498 0
-1.17204 0.651205 0
-1.16227 0.656519 0
-1.15249 0.661434 0
-1.14272 0.665946 0
-1.13294 0.670051 0
-1.12317 0.673752 0
-1.11339 0.677051 0
-1.10362 0.679951 0
-1.09384 0.682461 0
-1.08407 0.684588 0
-1.07429 0.686342 0
-1.06452 0.687734 0
-1.05474 0.688774 0
-1.04497 0.689475 0
-1.03519 0.689848 0
-1.02542 0.689905 0
-1.01564 0.689655 0
-1.00587 0.689109 0
-0.99609 0.688275 0
-0.986315 0.687161 0
-0.97654 0.685776 0
-0.966764 0.684129 0
-0.956989 0.682228 0
-0.947214 0.680085 0
-0.937439 0.677712 0
-0.927664 0.675121 0
-0.917889 0.672329 0
-0.908114 0.669352 0
-0.898338 0.666209 0
-0.888563 0.662918 0
-0.878788 0.659499 0
-0.869013 0.655973 0
-0.859238 0.65236 0
-0.849462 0.648679 0
-0.839687 0.644954 0
-0.829912 0.641205 0
-0.820137 0.637454 0
-0.810362 0.633722 0
-0.800587 0.630033 0
-0.790812 0.62641 0
-0.781036 0.622874 0
-0.771261 0.619448 0
-0.761486 0.61615 0
-0.751711 0.613 0
-0.741936 0.610016 0
-0.73216 0.607208 0
-0.722385 0.604587 0
-0.71261 0.602158 0
-0.702835 0.59992 0
-0.69306 0.597871 0
-0.683285 0.596001 0
-0.673509 0.594296 0
-0.663734 0.592739 0
-0.653959 0.591309 0
-0.644184 0.589982 0
-0.634409 0.588732 0
-0.624633 0.587531 0
-0.614858 0.586353 0
-0.605083 0.585168 0
-0.595308 0.583951 0
-0.585533 0.582677 0
-0.575758 0.581322 0
-0.565983 0.579864 0
-0.556207 0.578281 0
-0.546432 0.576557 0
-0.536657 0.574675 0
-0.526882 0.572619 0
-0.517107 0.570372 0
-0.507331 0.567923 0
-0.497556 0.565257 0
-0.487781 0.562364 0
-0.478006 0.559235 0
-0.468231 0.555859 0
-0.458456 0.552231 0
-0.44868 0.548343 0
-0.438905 0.544192 0
-0.42913 0.539772 0
-0.419355 0.535082 0
-0.40958 0.530122 0
-0.399805 0.524891 0
-0.390029 0.519391 0
-0.380254 0.513628 0
-0.370479 0.507609 0
-0.360704 0.50134 0
-0.350929 0.494834 0
-0.341154 0.488103 0
-0.331378 0.481163 0
-0.321603 0.474031 0
-0.311828 0.466726 0
-0.302053 0.459271 0
-0.292278 0.451688 0
-0.282503 0.444003 0
-0.272727 0.436239 0
-0.262952 0.428421 0
-0.253177 0.42057 0
-0.243402 0.412711 0
-0.233627 0.404864 0
-0.223851 0.397046 0
-0.214076 0.389274 0
-0.204301 0.381563 0
-0.194526 0.373925 0
-0.184751 0.366374 0
-0.174976 0.358916 0
-0.165201 0.351563 0
-0.155425 0.344319 0
-0.14565 0.33719 0
-0.135875 0.330177 0
-0.1261 0.323283 0
-0.116325 0.316504 0
-0.10655 0.30984 0
-0.0967742 0.303287 0
-0.0869991 0.296839 0
-0.077224 0.290493 0
-0.0674489 0.284242 0
-0.0576738 0.278083 0
-0.0478983 0.272011 0
-0.0381232 0.26602 0
-0.0283481 0.260108 0
-0.018573 0.254271 0
-0.00879759 0.248506 0
0.000977516 0.242812 0
0.0107526 0.237188 0
0.0205277 0.231633 0
0.0303028 0.226146 0
0.0400783 0.220729 0
0.0498534 0.215383 0
0.0596285 0.210113 0
0.0694036 0.204918 0
0.0791787 0.199804 0
0.0889541 0.194771 0
0.0987292 0.189825 0
0.108504 0.184968 0
0.118279 0.1802 0
0.128055 0.175525 0
0.13783 0.17094 0
0.147605 0.166443 0
0.15738 0.162032 0
0.167155 0.157701 0
0.176931 0.153443 0
0.186706 0.149254 0
0.196481 0.145127 0
0.206256 0.141056 0
0.216031 0.137035 0
0.225807 0.133059 0
0.235582 0.129123 0
0.245357 0.125225 0
0.255132 0.12136 0
0.264907 0.117525 0
0.274682 0.113716 0
0.284457 0.109932 0
0.294233 0.106168 0
0.304008 0.102421 0
0.313783 0.0986888 0
0.323558 0.0949689 0
0.333333 0.091259 0
0.343108 0.0875576 0
0.352883 0.0838641 0
0.362659 0.0801781 0
0.372434 0.0765009 0
0.382209 0.0728344 0
0.391984 0.0691806 0
0.401759 0.065544 0
0.411535 0.0619291 0
0.42131 0.0583414 0
0.431085 0.0547878 0
0.44086 0.0512758 0
0.450635 0.0478148 0
0.460411 0.0444138 0
0.470186 0.0410845 0
0.479961 0.0378382 0
0.489736 0.0346872 0
0.499511 0.0316438 0
0.509286 0.028721 0
0.519062 0.0259293 0
0.528837 0.0232785 0
0.538612 0.0207763 0
0.548387 0.018427 0
0.558162 0.0162335 0
0.567937 0.0141954 0
0.577712 0.0123106 0
0.587488 0.010575 0
0.597263 0.00898366 0
0.607038 0.00753089 0
0.616813 0.00621021 0
0.626588 0.00501535 0
0.636363 0.00393943 0
0.646139 0.00297607 0
0.655914 0.00211896 0
0.665689 0.0013621 0
0.675464 0.000700198 0
0.68524 0.000128589 0
0.695015 -0.000356342 0
0.70479 -0.000757765 0
0.714565 -0.00107779 0
0.72434 -0.00131857 0
0.734115 -0.0014819 0
0.743891 -0.00156975 0
0.753666 -0.00158446 0
0.763441 -0.00152905 0
0.773216 -0.00140666 0
0.782991 -0.00122131 0
0.792766 -0.000976959 0
0.802541 -0.000677836 0
0.812317 -0.000328093 0
0.822092 6.84145e-05 0
0.831867 0.000507975 0
0.841642 0.000987041 0
0.851417 0.00150184 0
0.861192 0.00204828 0
0.870968 0.00262174 0
0.880743 0.00321682 0
0.890518 0.00382756 0
0.900293 0.00444708 0
0.910068 0.00506838 0
0.919844 0.00568431 0
0.929619 0.00628796 0
0.939394 0.00687307 0
0.949169 0.00743442 0
0.958944 0.00796812 0
0.968719 0.00847186 0
0.978495 0.00894505 0
0.98827 0.00938913 0
0.998045 0.00980731 0
1.00782 0.0102045 0
1.0176 0.0105868 0
1.02737 0.0109615 0
1.03715 0.0113359 0
1.04692 0.0117177 0
1.0567 0.0121132 0
1.06647 0.0125278 0
1.07625 0.012965 0
1.08602 0.0134261 0
1.0958 0.0139102 0
1.10557 0.0144143 0
1.11535 0.0149332 0
1.12512 0.0154606 0
1.1349 0.0159888 0
1.14467 0.0165101 0
1.15445 0.017017 0
1.16422 0.0175029 0
1.174 0.0179625 0
1.18377 0.0183917 0
1.19355 0.0187882 0
1.20332 0.0191507 0
1.2131 0.0194789 0
1.22287 0.0197731 0
1.23265 0.020034 0
1.24242 0.0202625 0
1.2522 0.0204595 0
1.26197 0.0206265 0
1.27175 0.0207652 0
1.28152 0.020878 0
1.2913 0.0209677 0
1.30108 0.021038 0
1.31085 0.0210927 0
1.32063 0.0211361 0
1.3304 0.0211726 0
1.34018 0.0212064 0
1.34995 0.0212411 0
1.35973 0.02128 0
1.3695 0.0213255 0
1.37928 0.0213793 0
1.38905 0.0214421 0
1.39883 0.0215139 0
1.4086 0.0215936 0
1.41838 0.0216798 0
1.42815 0.0217704 0
1.43793 0.0218631 0
1.4477 0.0219557 0
1.45748 0.0220463 0
1.46725 0.022134 0
1.47703 0.0222184 0
1.4868 0.0223005 0
1.49658 0.0223823 0
1.50635 0.0224668 0
1.51613 0.0225578 0
1.5259 0.0226601 0
1.53568 0.0227784 0
1.54545 0.0229178 0
1.55523 0.0230825 0
1.56501 0.0232761 0
1.57478 0.0235004 0
1.58456 0.0237557 0
1.59433 0.0240405 0
1.60411 0.024351 0
1.61388 0.0246822 0
1.62366 0.0250275 0
1.63343 0.0253797 0
1.64321 0.0257311 0
1.65298 0.0260743 0
1.66276 0.0264023 0
1.67253 0.0267093 0
1.68231 0.0269904 0
1.69208 0.0272422 0
1.70186 0.0274626 0
1.71163 0.0276509 0
1.72141 0.0278076 0
1.73118 0.0279344 0
1.74096 0.0280338 0
1.75073 0.028109 0
1.76051 0.0281638 0
1.77028 0.0282017 0
1.78006 0.0282264 0
1.78983 0.0282409 0
1.79961 0.0282475 0
1.80938 0.0282479 0
1.81916 0.0282436 0
1.82893 0.0282357 0
1.83871 0.0282253 0
1.84848 0.0282139 0
1.85826 0.0282033 0
1.86804 0.0281959 0
1.87781 0.0281943 0
1.88759 0.028201 0
1.89736 0.0282186 0
1.90714 0.0282488 0
1.91691 0.0282929 0
1.92669 0.0283509 0
1.93646 0.0284221 0
1.94624 0.0285048 0
1.95601 0.0285968 0
1.96579 0.028696 0
1.97556 0.0288003 0
1.98534 0.0289087 0
1.99511 0.0290204 0
2.00489 0.0291356 0
2.01466 0.0292548 0
2.02444 0.029378 0
2.03421 0.0295049 0
2.04399 0.029634 0
2.05376 0.0297623 0
2.06354 0.0298855 0
2.07331 0.029998 0
2.08309 0.0300935 0
2.09286 0.0301656 0
2.10264 0.0302082 0
2.11241 0.0302162 0
2.12219 0.030186 0
2.13196 0.0301162 0
2.14174 0.0300072 0
2.15152 0.0298615 0
2.16129 0.0296838 0
2.17107 0.0294804 0
2.18084 0.0292588 0
2.19062 0.0290275 0
2.20039 0.0287951 0
2.21017 0.0285697 0
2.21994 0.0283586 0
2.22972 0.0281673 0
2.23949 0.0279997 0
2.24927 0.0278575 0
2.25904 0.0277403 0
2.26882 0.0276462 0
2.27859 0.0275713 0
2.28837 0.0275106 0
2.29814 0.0274588 0
2.30792 0.0274104 0
2.31769 0.0273601 0
2.32747 0.0273043 0
2.33724 0.0272404 0
2.34702 0.0271671 0
2.35679 0.0270847 0
2.36657 0.0269944 0
2.37634 0.026898 0
2.38612 0.0267978 0
2.39589 0.0266956 0
2.40567 0.026593 0
2.41544 0.026491 0
2.42522 0.0263899 0
2.43499 0.0262897 0
2.44477 0.0261893 0
2.45455 0.0260874 0
2.46432 0.0259822 0
2.4741 0.0258716 0
2.48387 0.0257535 0
2.49365 0.0256263 0
2.50342 0.0254892 0
2.5132 0.0253419 0
2.52297 0.0251856 0
2.53275 0.0250225 0
2.54252 0.0248556 0
2.5523 0.0246883 0
2.56207 0.0245242 0
2.57185 0.0243665 0
2.58162 0.0242175 0
2.5914 0.0240786 0
2.60117 0.0239502 0
2.61095 0.0238318 0
2.62072 0.0237223 0
2.6305 0.0236203 0
2.64027 0.0235247 0
2.65005 0.0234346 0
2.65982 0.0233496 0
2.6696 0.0232696 0
2.67937 0.0231946 0
2.68915 0.0231241 0
2.69892 0.0230577 0
2.7087 0.0229941 0
2.71848 0.0229322 0
2.72825 0.0228701 0
2.73803 0.0228064 0
2.7478 0.0227396 0
2.75758 0.0226686 0
2.76735 0.0225927 0
2.77713 0.022511 0
2.7869 0.0224232 0
2.79668 0.0223284 0
2.80645 0.0222258 0
2.81623 0.0221145 0
2.826 0.0219933 0
2.83578 0.0218608 0
2.84555 0.0217162 0
2.85533 0.0215587 0
2.8651 0.0213883 0
2.87488 0.0212058 0
2.88465 0.0210129 0
2.89443 0.0208119 0
2.9042 0.0206059 0
2.91398 0.0203983 0
2.92375 0.0201921 0
2.93353 0.0199897 0
2.9433 0.0197927 0
2.95308 0.0196014 0
2.96285 0.0194153 0
2.97263 0.0192328 0
2.9824 0.0190524 0
2.99218 0.0188725 0
3.00196 0.0186923 0
3.01173 0.018512 0
3.02151 0.0183325 0
3.03128 0.0181556 0
3.04106 0.0179833 0
3.05083 0.0178178 0
3.06061 0.0176603 0
3.07038 0.0175114 0
3.08016 0.0173705 0
3.08993 0.0172359 0
3.09971 0.0171046 0
3.10948 0.0169732 0
3.11926 0.0168376 0
3.12903 0.016694 0
3.13881 0.016539 0
3.14858 0.0163702 0
3.15836 0.0161865 0
3.16813 0.0159881 0
3.17791 0.015777 0
3.18768 0.0155564 0
3.19746 0.0153306 0
3.20723 0.0151048 0
3.21701 0.0148841 0
3.22678 0.0146736 0
3.23656 0.0144772 0
3.24633 0.0142974 0
3.25611 0.0141348 0
3.26588 0.0139879 0
3.27566 0.013853 0
3.28544 0.013725 0
3.29521 0.0135974 0
3.30499 0.013464 0
3.31476 0.013319 0
3.32454 0.0131582 0
3.33431 0.0129796 0
3.34409 0.012783 0
3.35386 0.01257 0
3.36364 0.0123436 0
3.37341 0.0121071 0
3.38319 0.0118636 0
3.39296 0.0116157 0
3.40274 0.0113651 0
3.41251 0.0111131 0
3.42229 0.0108607 0
3.43206 0.0106089 0
3.44184 0.0103593 0
3.45161 0.0101138 0
3.46139 0.00987453 0
3.47116 0.00964335 0
3.48094 0.00942157 0
3.49071 0.00920942 0
3.50049 0.00900595 0
3.51026 0.00880898 0
3.52004 0.00861566 0
3.52981 0.00842276 0
3.53959 0.00822746 0
3.54936 0.00802787 0
3.55914 0.00782332 0
3.56892 0.00761457 0
3.57869 0.0074036 0
3.58847 0.00719325 0
3.59824 0.00698678 0
3.60802 0.00678731 0
3.61779 0.00659739 0
3.62757 0.00641869 0
3.63734 0.00625194 0
3.64712 0.00609688 0
3.65689 0.00595251 0
3.66667 0.00581743 0
3.67644 0.00569008 0
3.68622 0.00556906 0
3.69599 0.00545324 0
3.70577 0.00534186 0
3.71554 0.0052344 0
3.72532 0.00513037 0
3.73509 0.00502919 0
3.74487 0.00492988 0
3.75464 0.00483113 0
3.76442 0.0047313 0
3.77419 0.00462866 0
3.78397 0.00452163 0
3.79374 0.00440911 0
3.80352 0.00429064 0
3.81329 0.00416645 0
3.82307 0.00403743 0
3.83284 0.00390467 0
3.84262 0.00376934 0
3.8524 0.00363222 0
3.86217 0.00349355 0
3.87195 0.00335295 0
3.88172 0.00320938 0
3.8915 0.00306143 0
3.90127 0.00290741 0
3.91105 0.00274569 0
3.92082 0.00257488 0
3.9306 0.00239403 0
3.94037 0.00220273 0
3.95015 0.00200123 0
3.95992 0.0017904 0
3.9697 0.00157175 0
3.97947 0.00134726 0
3.98925 0.00111927 0
3.99902 0.000890226 0
4.0088 0.0006625 0
4.01857 0.000438135 0
4.02835 0.000218708 0
4.03812 5.26692e-06 0
4.0479 -0.000201675 0
4.05767 -0.000402049 0
4.06745 -0.000596124 0
4.07722 -0.000784353 0
4.087 -0.000967285 0
4.09677 -0.00114551 0
4.10655 -0.00131953 0
4.11632 -0.00148985 0
4.1261 -0.00165691 0
4.13587 -0.00182108 0
4.14565 -0.00198265 0
4.15543 -0.00214185 0
4.1652 -0.00229883 0
4.17498 -0.00245371 0
4.18475 -0.00260668 0
4.19453 -0.00275796 0
4.2043 -0.00290793 0
4.21408 -0.00305711 0
4.22385 -0.00320616 0
4.23363 -0.00335588 0
4.2434 -0.00350716 0
4.25318 -0.00366094 0
4.26295 -0.00381821 0
4.27273 -0.00397994 0
4.2825 -0.00414698 0
4.29228 -0.00431994 0
4.30205 -0.0044991 0
4.31183 -0.00468414 0
4.3216 -0.00487415 0
4.33138 -0.00506744 0
4.34115 -0.00526157 0
4.35093 -0.00545345 0
4.3607 -0.00563947 0
4.37048 -0.00581578 0
4.38025 -0.00597844 0
4.39003 -0.00612385 0
4.3998 -0.00624897 0
4.40958 -0.00635165 0
4.41935 -0.00643087 0
4.42913 -0.00648691 0
4.43891 -0.00652142 0
4.44868 -0.00653725 0
4.45846 -0.00653821 0
4.46823 -0.00652874 0
4.47801 -0.00651336 0
4.48778 -0.00649634 0
4.49756 -0.0064812 0
4.50733 -0.00647046 0
4.51711 -0.00646541 0
4.52688 -0.00646611 0
4.53666 -0.00647144 0
4.54643 -0.00647938 0
4.55621 -0.00648732 0
4.56598 -0.00649247 0
4.57576 -0.00649227 0
4.58553 -0.00648472 0
4.59531 -0.00646868 0
4.60508 -0.006444 0
4.61486 -0.00641151 0
4.62463 -0.00637297 0
4.63441 -0.00633088 0
4.64418 -0.00628823 0
4.65396 -0.00624832 0
4.66373 -0.00621447 0
4.67351 -0.00618977 0
4.68328 -0.00617691 0
4.69306 -0.0061779 0
4.70283 -0.00619392 0
4.71261 -0.00622511 0
4.72238 -0.00627043 0
4.73216 -0.00632767 0
4.74194 -0.00639348 0
4.75171 -0.00646361 0
4.76149 -0.00653319 0
4.77126 -0.00659715 0
4.78104 -0.00665066 0
4.79081 -0.00668953 0
4.80059 -0.00671068 0
4.81036 -0.00671228 0
4.82014 -0.00669397 0
4.82991 -0.00665684 0
4.83969 -0.00660319 0
4.84946 -0.00653633 0
4.85924 -0.00645999 0
4.86901 -0.006378 0
4.87879 -0.00629372 0
4.88856 -0.00620971 0
4.89834 -0.00612747 0
4.90811 -0.00604744 0
4.91789 -0.00596914 0
4.92766 -0.00589148 0
4.93744 -0.00581323 0
4.94721 -0.00573344 0
4.95699 -0.00565177 0
4.96676 -0.00556866 0
4.97654 -0.00548528 0
4.98631 -0.00540332 0
4.99609 -0.0053246 0
5.00587 -0.00525086 0
5.01564 -0.00518343 0
5.02542 -0.00512318 0
5.03519 -0.00507061 0
5.04497 -0.00502592 0
5.05474 -0.00498923 0
5.06452 -0.00496071 0
5.07429 -0.00494055 0
5.08407 -0.00492892 0
5.09384 -0.00492588 0
5.10362 -0.00493111 0
5.11339 -0.00494378 0
5.12317 -0.00496248 0
5.13294 -0.00498508 0
5.14272 -0.00500887 0
5.15249 -0.00503064 0
5.16227 -0.00504698 0
5.17204 -0.0050545 0
5.18182 -0.00505011 0
5.19159 -0.00503131 0
5.20137 -0.00499634 0
5.21114 -0.00494429 0
5.22092 -0.00487518 0
5.23069 -0.0047899 0
5.24047 -0.00469005 0
5.25024 -0.00457785 0
5.26002 -0.0044559 0
5.26979 -0.00432687 0
5.27957 -0.0041934 0
5.28934 -0.00405786 0
5.29912 -0.00392231 0
5.3089 -0.00378864 0
5.31867 -0.00365851 0
5.32845 -0.00353372 0
5.33822 -0.00341621 0
5.348 -0.00330814 0
5.35777 -0.00321171 0
5.36755 -0.00312894 0
5.37732 -0.00306133 0
5.3871 -0.00300966 0
5.39687 -0.00297363 0
5.40665 -0.00295204 0
5.41642 -0.00294276 0
5.4262 -0.00294299 0
5.43597 -0.00294964 0
5.44575 -0.00295948 0
5.45552 -0.00296955 0
5.4653 -0.00297729 0
5.47507 -0.00298069 0
5.48485 -0.00297841 0
5.49462 -0.00296972 0
5.5044 -0.00295442 0
5.51417 -0.00293267 0
5.52395 -0.00290489 0
5.53372 -0.00287144 0
5.5435 -0.00283263 0
5.55327 -0.00278866 0
5.56305 -0.00273965 0
5.57282 -0.00268576 0
5.5826 -0.00262736 0
5.59238 -0.00256513 0
5.60215 -0.00250006 0
5.61193 -0.00243338 0
5.6217 -0.00236643 0
5.63148 -0.00230043 0
5.64125 -0.00223633 0
5.65103 -0.00217469 0
5.6608 -0.00211569 0
5.67058 -0.0020593 0
5.68035 -0.00200553 0
5.69013 -0.00195471 0
5.6999 -0.00190772 0
5.70968 -0.00186609 0
5.71945 -0.00183194 0
5.72923 -0.00180777 0
5.739 -0.00179609 0
5.74878 -0.00179901 0
5.75855 -0.00181791 0
5.76833 -0.00185311 0
5.7781 -0.00190374 0
5.78788 -0.00196778 0
5.79765 -0.00204218 0
5.80743 -0.00212319 0
5.8172 -0.00220669 0
5.82698 -0.0022885 0
5.83675 -0.00236463 0
5.84653 -0.00243144 0
5.85631 -0.00248578 0
5.86608 -0.00252496 0
5.87586 -0.00254684 0
5.88563 -0.0025499 0
5.89541 -0.00253336 0
5.90518 -0.00249726 0
5.91496 -0.00244258 0
5.92473 -0.00237123 0
5.93451 -0.00228592 0
5.94428 -0.00218999 0
5.95406 -0.00208703 0
5.96383 -0.0019805 0
5.97361 -0.0018734 0
5.98338 -0.00176794 0
5.99316 -0.0016654 0
6.00293 -0.00156619 0
6.01271 -0.0014699 0
6.02248 -0.00137559 0
6.03226 -0.00128209 0
6.04203 -0.00118821 0
6.05181 -0.00109298 0
6.06158 -0.000995796 0
6.07136 -0.000896418 0
6.08113 -0.000795026 0
6.09091 -0.000692149 0
6.10068 -0.000588627 0
6.11046 -0.000485575 0
6.12023 -0.000384345 0
6.13001 -0.000286476 0
6.13979 -0.000193676 0
6.14956 -0.000107687 0
6.15934 -3.01763e-05 0
6.16911 3.742e-05 0
6.17889 9.4036e-05 0
6.18866 0.000139083 0
6.19844 0.000172522 0
6.20821 0.000194863 0
6.21799 0.000207092 0
6.22776 0.000210554 0
6.23754 0.000206842 0
6.24731 0.000197615 0
6.25709 0.000184488 0
6.26686 0.00016892 0
6.27664 0.000152145 0
6.28641 0.000135148 0
6.29619 0.000118648 0
6.30596 0.000103142 0
6.31574 8.89312e-05 0
6.32551 7.61681e-05 0
6.33529 6.48844e-05 0
6.34506 5.50357e-05 0
6.35484 4.65318e-05 0
6.36461 3.92541e-05 0
6.37439 3.30677e-05 0
6.38416 2.78399e-05 0
6.39394 2.34445e-05 0
6.40371 1.9762e-05 0
6.41349 1.66877e-05 0
6.42326 1.41277e-05 0
6.43304 1.20022e-05 0
6.44282 1.02401e-05 0
6.45259 8.78182e-06 0
6.46237 7.57575e-06 0
6.47214 6.58141e-06 0
6.48192 5.76371e-06 0
6.49169 5.08722e-06 0
6.50147 4.53155e-06 0
6.51124 4.0769e-06 0
6.52102 3.70102e-06 0
6.53079 3.3918e-06 0
6.54057 3.14131e-06 0
6.55034 2.93584e-06 0
6.56012 2.76896e-06 0
6.56989 2.63227e-06 0
6.57967 2.52173e-06 0
6.58944 2.43192e-06 0
6.59922 2.3599e-06 0
6.60899 2.30021e-06 0
6.61877 2.25484e-06 0
6.62854 2.21874e-06 0
6.63832 2.19085e-06 0
6.64809 2.16833e-06 0
6.65787 2.15062e-06 0
6.66764 2.13647e-06 0
6.67742 2.12706e-06 0
6.68719 2.12251e-06 0
6.69697 2.11881e-06 0
6.70675 2.11694e-06 0
6.71652 2.11782e-06 0
6.7263 2.11968e-06 0
6.73607 2.12139e-06 0
6.74585 2.12628e-06 0
6.75562 2.13039e-06 0
6.7654 2.13528e-06 0
6.77517 2.1414e-06 0
6.78495 2.14603e-06 0
6.79472 2.15315e-06 0
6.8045 2.15904e-06 0
6.81427 2.16594e-06 0
6.82405 2.17322e-06 0
6.83382 2.18059e-06 0
6.8436 2.18764e-06 0
6.85337 2.19544e-06 0
6.86315 2.20216e-06 0
6.87292 2.21025e-06 0
6.8827 2.21653e-06 0
6.89247 2.22448e-06 0
6.90225 2.23158e-06 0
6.91202 2.23934e-06 0
6.9218 2.24593e-06 0
6.93157 2.25362e-06 0
6.94135 2.26099e-06 0
6.95112 2.26797e-06 0
6.9609 2.27537e-06 0
6.97067 2.28267e-06 0
6.98045 2.29029e-06 0
6.99022 2.29732e-06 0
7 2.30478e-06 0
