-3 -1.44693e-07
-2.9912 -1.78464e-07
-2.98241 -1.71679e-07
-2.97361 -2.64814e-07
-2.96481 -2.29587e-07
-2.95601 -2.75987e-07
-2.94721 -2.04892e-07
-2.93842 -2.36489e-07
-2.92962 -1.63672e-07
-2.92082 -1.73049e-07
-2.91202 4.32271e-09
-2.90323 5.50962e-08
-2.89443 8.67441e-08
-2.88563 1.34257e-07
-2.87683 8.40093e-08
-2.86804 6.82866e-08
-2.85924 -1.15435e-07
-2.85044 -2.0493e-07
-2.84164 -1.15971e-07
-2.83284 -4.06712e-08
-2.82405 -1.57281e-07
-2.81525 -7.12927e-08
-2.80645 -8.23486e-09
-2.79765 -1.71092e-07
-2.78886 -2.00098e-07
-2.78006 -2.02029e-07
-2.77126 -2.94494e-07
-2.76246 -3.24564e-07
-2.75367 -2.37032e-07
-2.74487 -8.99135e-08
-2.73607 6.09237e-08
-2.72727 3.42547e-08
-2.71848 -1.00138e-07
-2.70968 -1.43564e-07
-2.70088 -1.51473e-07
-2.69208 -7.67592e-08
-2.68328 -1.25896e-07
-2.67449 -3.87921e-08
-2.66569 -6.86766e-08
-2.65689 -1.22504e-07
-2.64809 -4.96153e-08
-2.6393 -7.91391e-08
-2.6305 -3.94304e-09
-2.6217 -6.42697e-08
-2.6129 -1.67288e-07
-2.60411 -1.9181e-07
-2.59531 -2.57525e-07
-2.58651 -1.28666e-07
-2.57771 -5.8466e-08
-2.56891 2.33692e-07
-2.56012 3.55149e-07
-2.55132 3.96668e-07
-2.54252 3.74564e-07
-2.53372 2.91865e-07
-2.52493 2.09193e-07
-2.51613 2.76264e-07
-2.50733 2.49245e-07
-2.49853 6.93354e-08
-2.48974 -8.38543e-08
-2.48094 -2.86238e-07
-2.47214 -3.97214e-07
-2.46334 -4.1276e-07
-2.45455 -2.81415e-07
-2.44575 -1.06566e-07
-2.43695 -4.97438e-08
-2.42815 1.91133e-07
-2.41935 2.29891e-07
-2.41056 4.0545e-07
-2.40176 4.31353e-07
-2.39296 2.75168e-07
-2.38416 2.47698e-07
-2.37537 1.28699e-07
-2.36657 7.84897e-08
-2.35777 4.03397e-08
-2.34897 -1.27604e-08
-2.34018 1.30346e-07
-2.33138 2.46524e-07
-2.32258 3.90464e-07
-2.31378 5.43422e-07
-2.30499 5.31472e-07
-2.29619 6.03484e-07
-2.28739 7.21439e-07
-2.27859 6.30473e-07
-2.26979 5.96714e-07
-2.261 5.82613e-07
-2.2522 5.01008e-07
-2.2434 6.04635e-07
-2.2346 6.74948e-07
-2.22581 8.82705e-07
-2.21701 1.00495e-06
-2.20821 1.11532e-06
-2.19941 1.24772e-06
-2.19062 1.33885e-06
-2.18182 1.46133e-06
-2.17302 1.4124e-06
-2.16422 1.46751e-06
-2.15543 1.65308e-06
-2.14663 1.75095e-06
-2.13783 1.79579e-06
-2.12903 2.09858e-06
-2.12023 2.45864e-06
-2.11144 2.59289e-06
-2.10264 2.80289e-06
-2.09384 3.52706e-06
-2.08504 4.26493e-06
-2.07625 4.46971e-06
-2.06745 4.93771e-06
-2.05865 6.43038e-06
-2.04985 7.53e-06
-2.04106 7.93544e-06
-2.03226 9.60924e-06
-2.02346 1.33546e-05
-2.01466 1.58394e-05
-2.00587 1.68433e-05
-1.99707 2.32919e-05
-1.98827 3.56378e-05
-1.97947 4.21715e-05
-1.97067 4.80848e-05
-1.96188 8.7229e-05
-1.95308 0.000158491
-1.94428 0.000192769
-1.93548 0.000296699
-1.92669 0.00124559
-1.91789 0.00467096
-1.90909 0.0123349
-1.90029 0.0247144
-1.8915 0.0400845
-1.8827 0.0551343
-1.8739 0.0668244
-1.8651 0.0739858
-1.85631 0.0774526
-1.84751 0.0789187
-1.83871 0.0797113
-1.82991 0.0803731
-1.82111 0.0809624
-1.81232 0.0814583
-1.80352 0.0818991
-1.79472 0.0823297
-1.78592 0.0827586
-1.77713 0.0831771
-1.76833 0.0835813
-1.75953 0.0839741
-1.75073 0.0843593
-1.74194 0.0847424
-1.73314 0.0851279
-1.72434 0.0855156
-1.71554 0.0859025
-1.70674 0.0862889
-1.69795 0.0866803
-1.68915 0.0870829
-1.68035 0.0874957
-1.67155 0.0879156
-1.66276 0.0883395
-1.65396 0.088767
-1.64516 0.0891999
-1.63636 0.0896399
-1.62757 0.0900883
-1.61877 0.0905434
-1.60997 0.0910024
-1.60117 0.0914619
-1.59238 0.0919228
-1.58358 0.092389
-1.57478 0.0928657
-1.56598 0.0933549
-1.55718 0.093856
-1.54839 0.0943687
-1.53959 0.0948969
-1.53079 0.0954455
-1.52199 0.0960156
-1.5132 0.0966021
-1.5044 0.0971955
-1.4956 0.0977893
-1.4868 0.0983851
-1.47801 0.0989891
-1.46921 0.0996067
-1.46041 0.100241
-1.45161 0.100894
-1.44282 0.101572
-1.43402 0.102278
-1.42522 0.103012
-1.41642 0.103772
-1.40762 0.10456
-1.39883 0.105383
-1.39003 0.106239
-1.38123 0.107124
-1.37243 0.108051
-1.36364 0.109033
-1.35484 0.110047
-1.34604 0.111067
-1.33724 0.112231
-1.32845 0.114081
-1.31965 0.117564
-1.31085 0.123599
-1.30205 0.132364
-1.29326 0.142896
-1.28446 0.153411
-1.27566 0.162216
-1.26686 0.168537
-1.25806 0.172689
-1.24927 0.175587
-1.24047 0.178082
-1.23167 0.180634
-1.22287 0.183363
-1.21408 0.186269
-1.20528 0.189378
-1.19648 0.192777
-1.18768 0.196578
-1.17889 0.200867
-1.17009 0.205733
-1.16129 0.211412
-1.15249 0.21842
-1.14369 0.227328
-1.1349 0.238026
-1.1261 0.248921
-1.1173 0.256942
-1.1085 0.258816
-1.09971 0.252971
-1.09091 0.24066
-1.08211 0.225361
-1.07331 0.210862
-1.06452 0.199476
-1.05572 0.191528
-1.04692 0.186098
-1.03812 0.182106
-1.02933 0.178901
-1.02053 0.17622
-1.01173 0.173939
-1.00293 0.171948
-0.994135 0.170172
-0.985337 0.168606
-0.97654 0.167273
-0.967742 0.166162
-0.958944 0.165224
-0.950147 0.164399
-0.941349 0.163649
-0.932551 0.162974
-0.923754 0.162396
-0.914956 0.161945
-0.906158 0.161632
-0.897361 0.161431
-0.888563 0.161283
-0.879765 0.161124
-0.870968 0.160922
-0.86217 0.160696
-0.853372 0.160498
-0.844575 0.160381
-0.835777 0.160371
-0.82698 0.160456
-0.818182 0.160606
-0.809384 0.160795
-0.800587 0.161031
-0.791789 0.161353
-0.782991 0.161824
-0.774194 0.162494
-0.765396 0.163358
-0.756598 0.164335
-0.747801 0.165285
-0.739003 0.166076
-0.730205 0.166661
-0.721408 0.16711
-0.71261 0.167574
-0.703812 0.168195
-0.695015 0.169045
-0.686217 0.170107
-0.677419 0.171315
-0.668622 0.172613
-0.659824 0.173992
-0.651026 0.175487
-0.642229 0.177155
-0.633431 0.179043
-0.624634 0.181157
-0.615836 0.183452
-0.607038 0.185868
-0.598241 0.188379
-0.589443 0.191044
-0.580645 0.193985
-0.571847 0.197344
-0.56305 0.201292
-0.554252 0.20612
-0.545455 0.212272
-0.536657 0.220109
-0.527859 0.229409
-0.519062 0.238933
-0.510264 0.24655
-0.501466 0.250069
-0.492669 0.248363
-0.483871 0.241986
-0.475073 0.232864
-0.466276 0.223262
-0.457478 0.214773
-0.44868 0.207923
-0.439883 0.202466
-0.431085 0.197917
-0.422287 0.193936
-0.41349 0.190383
-0.404692 0.18721
-0.395895 0.184371
-0.387097 0.181806
-0.378299 0.179467
-0.369502 0.177317
-0.360704 0.175329
-0.351906 0.173481
-0.343108 0.171759
-0.334311 0.170153
-0.325513 0.168658
-0.316716 0.167262
-0.307918 0.16595
-0.29912 0.164713
-0.290323 0.163549
-0.281525 0.162459
-0.272727 0.161446
-0.26393 0.160506
-0.255132 0.159633
-0.246334 0.158821
-0.237537 0.158062
-0.228739 0.157351
-0.219941 0.156682
-0.211144 0.156054
-0.202346 0.155465
-0.193548 0.154913
-0.184751 0.154399
-0.175953 0.153926
-0.167156 0.153496
-0.158358 0.153114
-0.14956 0.152781
-0.140762 0.152498
-0.131965 0.152259
-0.123167 0.15206
-0.11437 0.151901
-0.105572 0.151786
-0.0967741 0.151728
-0.0879766 0.151737
-0.0791788 0.151818
-0.0703813 0.151964
-0.0615835 0.152166
-0.0527859 0.15242
-0.0439883 0.152731
-0.0351906 0.153114
-0.0263931 0.153594
-0.0175953 0.154189
-0.00879765 0.154913
1.19209e-07 0.155777
0.00879765 0.156799
0.0175953 0.158002
0.0263929 0.159421
0.0351906 0.161112
0.0439883 0.163165
0.0527859 0.165681
0.0615836 0.168686
0.0703813 0.172009
0.0791788 0.175195
0.0879766 0.177563
0.0967741 0.178447
0.105572 0.177475
0.11437 0.174756
0.123167 0.170823
0.131965 0.166385
0.140762 0.162045
0.14956 0.158133
0.158358 0.154715
0.167156 0.151706
0.175953 0.148998
0.184751 0.146521
0.193548 0.144238
0.202346 0.142117
0.211144 0.140113
0.219941 0.138185
0.228739 0.136317
0.237537 0.134482
0.246334 0.13252
0.255132 0.130008
0.26393 0.126276
0.272727 0.120688
0.281525 0.113062
0.290322 0.103976
0.29912 0.0946627
0.307918 0.0865103
0.316715 0.0804526
0.325513 0.0766365
0.334311 0.0745429
0.343109 0.0734051
0.351906 0.0726113
0.360704 0.0718657
0.369502 0.0711134
0.378299 0.0703834
0.387097 0.0696906
0.395895 0.0690255
0.404692 0.0683768
0.41349 0.0677444
0.422287 0.0671299
0.431085 0.0665312
0.439883 0.0659436
0.44868 0.0653668
0.457478 0.0648022
0.466276 0.0642507
0.475073 0.0637081
0.483871 0.0631684
0.492669 0.0626281
0.501467 0.0620898
0.510264 0.0615607
0.519062 0.0610491
0.527859 0.0605592
0.536657 0.0600876
0.545455 0.0596246
0.554252 0.0591606
0.56305 0.058692
0.571847 0.0582223
0.580645 0.0577571
0.589443 0.0573007
0.59824 0.0568523
0.607038 0.0564085
0.615836 0.0559672
0.624634 0.0555294
0.633431 0.0550982
0.642229 0.0546765
0.651027 0.0542643
0.659824 0.0538588
0.668622 0.0534558
0.677419 0.0530508
0.686217 0.0526424
0.695015 0.0522311
0.703812 0.0518198
0.71261 0.0514105
0.721408 0.0510028
0.730205 0.0505941
0.739003 0.0501806
0.747801 0.0497575
0.756598 0.0493187
0.765396 0.0488606
0.774194 0.0483841
0.782991 0.0478932
0.791789 0.0473871
0.800587 0.0468538
0.809384 0.0462759
0.818182 0.0456407
0.82698 0.044919
0.835777 0.0439936
0.844575 0.0425741
0.853372 0.0401947
0.86217 0.0363789
0.870968 0.0309326
0.879765 0.0241922
0.888563 0.017023
0.897361 0.0105156
0.906158 0.00553333
0.914956 0.00238512
0.923754 0.000810797
0.932552 0.000238193
0.941349 0.000112737
0.950147 9.60905e-05
0.958944 7.23439e-05
0.967742 4.32835e-05
0.97654 2.73702e-05
0.985337 2.33833e-05
0.994135 2.09439e-05
1.00293 1.61435e-05
1.01173 1.15997e-05
1.02053 9.74035e-06
1.02933 9.1873e-06
1.03812 8.06507e-06
1.04692 6.5029e-06
1.05572 5.48714e-06
1.06452 5.37244e-06
1.07331 5.31685e-06
1.08211 4.84177e-06
1.09091 4.52525e-06
1.09971 5.07674e-06
1.1085 6.06614e-06
1.1173 6.49904e-06
1.1261 6.62243e-06
1.1349 8.9156e-06
1.1437 1.41933e-05
1.15249 1.90813e-05
1.16129 2.06773e-05
1.17009 3.48939e-05
1.17889 0.000117528
1.18768 0.000368104
1.19648 0.000896989
1.20528 0.00176363
1.21408 0.00292289
1.22287 0.00422144
1.23167 0.00545418
1.24047 0.00645218
1.24927 0.00714599
1.25806 0.00757055
1.26686 0.00781946
1.27566 0.00798504
1.28446 0.00812459
1.29326 0.00825897
1.30205 0.00839032
1.31085 0.00851794
1.31965 0.0086438
1.32845 0.00876966
1.33724 0.00889565
1.34604 0.00902087
1.35484 0.00914461
1.36364 0.00926704
1.37243 0.00938849
1.38123 0.00950964
1.39003 0.00963077
1.39883 0.00975281
1.40762 0.00987613
1.41642 0.0100004
1.42522 0.0101253
1.43402 0.0102501
1.44282 0.0103748
1.45161 0.0105001
1.46041 0.0106262
1.46921 0.0107532
1.47801 0.0108808
1.4868 0.0110084
1.4956 0.011136
1.5044 0.0112633
1.5132 0.0113909
1.52199 0.0115193
1.53079 0.011649
1.53959 0.0117796
1.54839 0.0119109
1.55718 0.012043
1.56598 0.0121765
1.57478 0.0123126
1.58358 0.0124524
1.59238 0.0125958
1.60117 0.0127407
1.60997 0.0128843
1.61877 0.0130249
1.62757 0.0131627
1.63636 0.0132998
1.64516 0.0134385
1.65396 0.0135797
1.66276 0.0137228
1.67155 0.0138667
1.68035 0.014011
1.68915 0.0141571
1.69795 0.014307
1.70674 0.0144619
1.71554 0.0146216
1.72434 0.0147842
1.73314 0.0149476
1.74194 0.0151106
1.75073 0.0152719
1.75953 0.0154326
1.76833 0.0155941
1.77713 0.0157586
1.78592 0.0159284
1.79472 0.0161052
1.80352 0.0162896
1.81232 0.0164809
1.82111 0.0166775
1.82991 0.0168788
1.83871 0.0170847
1.84751 0.0172971
1.85631 0.0175185
1.8651 0.0177511
1.8739 0.0179945
1.8827 0.018245
1.8915 0.0184952
1.90029 0.0187353
1.90909 0.0189562
1.91789 0.0191514
1.92669 0.0193196
1.93548 0.0194644
1.94428 0.019593
1.95308 0.0197144
1.96188 0.0198371
1.97067 0.0199688
1.97947 0.0201148
1.98827 0.0202774
1.99707 0.0204558
2.00587 0.0206469
2.01466 0.0208471
2.02346 0.0210539
2.03226 0.0212667
2.04106 0.0214857
2.04985 0.0217118
2.05865 0.0219443
2.06745 0.0221821
2.07625 0.0224236
2.08504 0.0226673
2.09384 0.0229119
2.10264 0.0231551
2.11144 0.0233921
2.12023 0.0236172
2.12903 0.0238246
2.13783 0.0240121
2.14663 0.0241814
2.15543 0.0243402
2.16422 0.0245001
2.17302 0.024674
2.18182 0.0248724
2.19062 0.0250982
2.19941 0.0253448
2.20821 0.0255963
2.21701 0.0258303
2.22581 0.0260233
2.2346 0.0261599
2.2434 0.0262424
2.2522 0.0262911
2.261 0.0263339
2.26979 0.0263923
2.27859 0.0264807
2.28739 0.0266217
2.29619 0.0268592
2.30499 0.0272421
2.31378 0.0277754
2.32258 0.0283769
2.33138 0.0288887
2.34018 0.0291499
2.34897 0.0290902
2.35777 0.0287741
2.36657 0.0283653
2.37537 0.0280366
2.38416 0.0278818
2.39296 0.027889
2.40176 0.0279829
2.41056 0.0280977
2.41935 0.028216
2.42815 0.0283465
2.43695 0.0284799
2.44575 0.0285911
2.45455 0.0286896
2.46334 0.0288344
2.47214 0.0290515
2.48094 0.029267
2.48974 0.0294598
2.49853 0.0300644
2.50733 0.032246
2.51613 0.0375053
2.52493 0.0465247
2.53372 0.0579864
2.54252 0.0684831
2.55132 0.0740182
2.56012 0.0722734
2.56891 0.0640511
2.57771 0.0527752
2.58651 0.0424394
2.59531 0.0355239
2.60411 0.0322485
2.6129 0.0313329
2.6217 0.0313198
2.6305 0.0314065
2.6393 0.0314517
2.64809 0.0315569
2.65689 0.0317526
2.66569 0.0319734
2.67449 0.0321666
2.68328 0.032353
2.69208 0.0326028
2.70088 0.0329889
2.70968 0.0335467
2.71848 0.0342367
2.72727 0.0349282
2.73607 0.035442
2.74487 0.0356509
2.75367 0.0355674
2.76246 0.03534
2.77126 0.035159
2.78006 0.0351475
2.78886 0.0353179
2.79765 0.0356065
2.80645 0.0359374
2.81525 0.0362648
2.82405 0.0365764
2.83284 0.0368781
2.84164 0.0371797
2.85044 0.0374882
2.85924 0.0378088
2.86804 0.0381445
2.87683 0.0384963
2.88563 0.0388637
2.89443 0.0392453
2.90323 0.0396394
2.91202 0.0400437
2.92082 0.0404559
2.92962 0.0408753
2.93842 0.0413039
2.94721 0.0417467
2.95601 0.0422091
2.96481 0.0426944
2.97361 0.0432017
2.9824 0.0437282
2.9912 0.0442731
3 0.0448376
3.0088 0.0454247
3.0176 0.0460376
3.02639 0.0466788
3.03519 0.0473512
3.04399 0.0480592
3.05279 0.0488066
3.06158 0.049598
3.07038 0.0504375
3.07918 0.051329
3.08798 0.052278
3.09677 0.0532942
3.10557 0.0543956
3.11437 0.0556071
3.12317 0.0569552
3.13196 0.0584691
3.14076 0.0601957
3.14956 0.0622139
3.15836 0.064615
3.16716 0.0674222
3.17595 0.0704749
3.18475 0.0733701
3.19355 0.0755425
3.20235 0.0764849
3.21114 0.0759877
3.21994 0.0742449
3.22874 0.0717511
3.23754 0.0690643
3.24633 0.0665856
3.25513 0.0644766
3.26393 0.0627188
3.27273 0.0612253
3.28152 0.0599225
3.29032 0.0587692
3.29912 0.0577413
3.30792 0.0568173
3.31672 0.0559762
3.32551 0.0552021
3.33431 0.0544842
3.34311 0.0538157
3.35191 0.0531899
3.3607 0.0526014
3.3695 0.0520453
3.3783 0.0515179
3.3871 0.0510172
3.39589 0.0505424
3.40469 0.0500937
3.41349 0.0496711
3.42229 0.049273
3.43109 0.0488963
3.43988 0.0485375
3.44868 0.0481927
3.45748 0.0478582
3.46628 0.047531
3.47507 0.0472094
3.48387 0.0468949
3.49267 0.0465902
3.50147 0.0462978
3.51026 0.046018
3.51906 0.045748
3.52786 0.0454847
3.53666 0.0452261
3.54545 0.0449728
3.55425 0.0447271
3.56305 0.0444905
3.57185 0.0442635
3.58065 0.0440452
3.58944 0.0438347
3.59824 0.04363
3.60704 0.043429
3.61584 0.0432296
3.62463 0.0430313
3.63343 0.0428354
3.64223 0.0426449
3.65103 0.0424606
3.65982 0.0422808
3.66862 0.0421029
3.67742 0.0419266
3.68622 0.0417548
3.69501 0.0415906
3.70381 0.0414343
3.71261 0.041281
3.72141 0.0411256
3.73021 0.0409654
3.739 0.0408031
3.7478 0.0406435
3.7566 0.0404897
3.7654 0.0403414
3.77419 0.0401965
3.78299 0.0400535
3.79179 0.0399143
3.80059 0.039782
3.80938 0.0396594
3.81818 0.0395451
3.82698 0.0394346
3.83578 0.0393217
3.84457 0.0392019
3.85337 0.0390751
3.86217 0.0389456
3.87097 0.0388197
3.87977 0.0387013
3.88856 0.0385913
3.89736 0.0384863
3.90616 0.0383823
3.91496 0.0382764
3.92375 0.0381681
3.93255 0.0380587
3.94135 0.0379511
3.95015 0.0378461
3.95894 0.0377422
3.96774 0.0376365
3.97654 0.0375272
3.98534 0.0374154
3.99414 0.0373049
4.00293 0.0371994
4.01173 0.0370997
4.02053 0.0370037
4.02933 0.0369094
4.03812 0.0368177
4.04692 0.0367309
4.05572 0.0366503
4.06452 0.036573
4.07331 0.0364929
4.08211 0.0364057
4.09091 0.0363109
4.09971 0.0362128
4.1085 0.0361171
4.1173 0.0360265
4.1261 0.0359389
4.1349 0.0358505
4.14369 0.0357595
4.15249 0.0356682
4.16129 0.0355815
4.17009 0.0355026
4.17889 0.0354295
4.18768 0.0353566
4.19648 0.035279
4.20528 0.0351955
4.21408 0.0351092
4.22287 0.0350252
4.23167 0.0349477
4.24047 0.0348765
4.24927 0.0348088
4.25806 0.0347409
4.26686 0.0346706
4.27566 0.034598
4.28446 0.034525
4.29326 0.0344535
4.30205 0.0343838
4.31085 0.034316
4.31965 0.0342487
4.32845 0.0341808
4.33724 0.0341118
4.34604 0.0340427
4.35484 0.0339747
4.36364 0.0339084
4.37243 0.0338435
4.38123 0.0337798
4.39003 0.0337175
4.39883 0.0336566
4.40762 0.033595
4.41642 0.0335291
4.42522 0.0334562
4.43402 0.033378
4.44281 0.0332994
4.45161 0.0332245
4.46041 0.0331526
4.46921 0.0330799
4.47801 0.0330043
4.4868 0.032929
4.4956 0.0328606
4.5044 0.0328024
4.5132 0.0327509
4.52199 0.0326986
4.53079 0.0326399
4.53959 0.032574
4.54839 0.032505
4.55719 0.0324371
4.56598 0.0323717
4.57478 0.0323073
4.58358 0.0322424
4.59238 0.0321775
4.60117 0.0321137
4.60997 0.0320525
4.61877 0.0319935
4.62757 0.031935
4.63636 0.0318751
4.64516 0.031815
4.65396 0.0317572
4.66276 0.0317039
4.67155 0.0316548
4.68035 0.0316063
4.68915 0.0315542
4.69795 0.0314968
4.70675 0.0314362
4.71554 0.031376
4.72434 0.0313186
4.73314 0.0312629
4.74194 0.0312048
4.75073 0.0311416
4.75953 0.0310746
4.76833 0.0310091
4.77713 0.0309489
4.78592 0.0308938
4.79472 0.0308406
4.80352 0.0307858
4.81232 0.0307292
4.82111 0.030673
4.82991 0.0306181
4.83871 0.0305639
4.84751 0.0305078
4.85631 0.030448
4.8651 0.030385
4.8739 0.0303208
4.8827 0.0302573
4.8915 0.0301959
4.90029 0.030136
4.90909 0.0300761
4.91789 0.030014
4.92669 0.0299487
4.93548 0.0298805
4.94428 0.0298112
4.95308 0.0297419
4.96188 0.0296734
4.97067 0.029605
4.97947 0.029535
4.98827 0.0294628
4.99707 0.0293885
5.00587 0.0293129
5.01466 0.0292358
5.02346 0.0291555
5.03226 0.0290691
5.04106 0.0289743
5.04985 0.0288699
5.05865 0.0287567
5.06745 0.0286369
5.07625 0.0285101
5.08504 0.0283725
5.09384 0.0282201
5.10264 0.0280515
5.11144 0.0278605
5.12023 0.0276288
5.12903 0.0273362
5.13783 0.0269592
5.14663 0.0263988
5.15543 0.0253593
5.16422 0.0233463
5.17302 0.0199435
5.18182 0.0152442
5.19062 0.010033
5.19941 0.00544355
5.20821 0.00230178
5.21701 0.000705855
5.22581 0.000162679
5.2346 6.59336e-05
5.2434 5.38579e-05
5.2522 3.29767e-05
5.261 1.74401e-05
5.26979 1.36274e-05
5.27859 1.1495e-05
5.28739 7.68453e-06
5.29619 5.4076e-06
5.30499 4.94323e-06
5.31378 4.12197e-06
5.32258 3.08174e-06
5.33138 2.58569e-06
5.34018 2.29151e-06
5.34897 1.83632e-06
5.35777 1.21159e-06
5.36657 1.17993e-06
5.37537 1.05121e-06
5.38416 8.31189e-07
5.39296 7.68542e-07
5.40176 7.70949e-07
5.41056 7.92482e-07
5.41936 8.2334e-07
5.42815 6.46339e-07
5.43695 6.32148e-07
5.44575 3.42683e-07
5.45455 3.21516e-07
5.46334 3.49361e-07
5.47214 3.56084e-07
5.48094 3.36279e-07
5.48974 4.43651e-07
5.49853 3.99059e-07
5.50733 3.11953e-07
5.51613 2.05333e-07
5.52493 2.28209e-07
5.53372 3.59126e-07
5.54252 3.15136e-07
5.55132 3.34198e-07
5.56012 2.1343e-07
5.56891 5.57547e-08
5.57771 5.62081e-08
5.58651 -1.45314e-07
5.59531 -1.25394e-07
5.60411 -9.52751e-08
5.6129 -1.8841e-08
5.6217 -4.5829e-09
5.6305 9.71112e-08
5.6393 1.5168e-07
5.64809 3.0978e-07
5.65689 9.89696e-08
5.66569 8.34279e-08
5.67449 1.4303e-07
5.68328 2.62322e-07
5.69208 3.29859e-07
5.70088 3.33266e-07
5.70968 3.27679e-07
5.71848 3.8482e-07
5.72727 4.99388e-07
5.73607 4.29901e-07
5.74487 5.05838e-07
5.75367 8.72413e-07
5.76246 1.12247e-06
5.77126 1.1181e-06
5.78006 7.96156e-07
5.78886 4.48869e-07
5.79765 2.34723e-07
5.80645 1.30677e-07
5.81525 3.3532e-07
5.82405 7.44978e-07
5.83284 1.59662e-06
5.84164 2.57334e-06
5.85044 3.65453e-06
5.85924 4.25999e-06
5.86804 3.91866e-06
5.87683 3.23064e-06
5.88563 5.22648e-06
5.89443 1.34845e-05
5.90323 2.7487e-05
5.91202 3.9793e-05
5.92082 4.15634e-05
5.92962 3.10777e-05
5.93842 1.59811e-05
5.94721 5.03362e-06
5.95601 1.17919e-06
5.96481 2.02608e-06
5.97361 4.0949e-06
5.9824 6.01418e-06
5.9912 1.20482e-05
6 2.87946e-05
