-1 0.000106401 0
-0.995112 0.000169104 0
-0.990225 0.000265023 0
-0.985337 0.000407088 0
-0.98045 0.000608543 0
-0.975562 0.000879231 0
-0.970675 0.00122167 0
-0.965787 0.00162951 0
-0.960899 0.00208966 0
-0.956012 0.00258661 0
-0.951124 0.00310618 0
-0.946237 0.00363742 0
-0.941349 0.00417286 0
-0.936461 0.00470785 0
-0.931574 0.00523973 0
-0.926686 0.00576725 0
-0.921799 0.00629013 0
-0.916911 0.00680873 0
-0.912023 0.00732385 0
-0.907136 0.00783647 0
-0.902248 0.00834761 0
-0.897361 0.00885826 0
-0.892473 0.00936932 0
-0.887586 0.00988157 0
-0.882698 0.0103957 0
-0.87781 0.0109125 0
-0.872923 0.0114327 0
-0.868035 0.0119571 0
-0.863148 0.0124864 0
-0.85826 0.0130215 0
-0.853372 0.0135628 0
-0.848485 0.0141112 0
-0.843597 0.0146671 0
-0.83871 0.0152312 0
-0.833822 0.0158042 0
-0.828935 0.0163867 0
-0.824047 0.0169795 0
-0.819159 0.0175831 0
-0.814272 0.0181982 0
-0.809384 0.0188254 0
-0.804497 0.0194656 0
-0.799609 0.0201194 0
-0.794721 0.0207878 0
-0.789834 0.0214717 0
-0.784946 0.0221722 0
-0.780059 0.0228905 0
-0.775171 0.023628 0
-0.770283 0.0243858 0
-0.765396 0.0251654 0
-0.760508 0.025968 0
-0.755621 0.0267952 0
-0.750733 0.0276488 0
-0.745845 0.0285306 0
-0.740958 0.0294429 0
-0.73607 0.0303879 0
-0.731183 0.0313682 0
-0.726295 0.0323865 0
-0.721408 0.0334457 0
-0.71652 0.0345487 0
-0.711632 0.0356991 0
-0.706745 0.0369007 0
-0.701857 0.0381578 0
-0.69697 0.0394752 0
-0.692082 0.0408583 0
-0.687195 0.0423132 0
-0.682307 0.0438472 0
-0.677419 0.0454686 0
-0.672532 0.047187 0
-0.667644 0.0490137 0
-0.662757 0.0509618 0
-0.657869 0.053046 0
-0.652981 0.0552841 0
-0.648094 0.0576971 0
-0.643206 0.0603106 0
-0.638319 0.0631559 0
-0.633431 0.066272 0
-0.628544 0.0697081 0
-0.623656 0.0735258 0
-0.618768 0.0778039 0
-0.613881 0.0826429 0
-0.608993 0.0881729 0
-0.604106 0.0945624 0
-0.599218 0.10203 0
-0.59433 0.110856 0
-0.589443 0.121386 0
-0.584555 0.134022 0
-0.579668 0.149171 0
-0.57478 0.167166 0
-0.569892 0.188154 0
-0.565005 0.212018 0
-0.560117 0.23824 0
-0.55523 0.265644 0
-0.550342 0.292155 0
-0.545455 0.31496 0
-0.540567 0.331363 0
-0.535679 0.340146 0
-0.530792 0.342421 0
-0.525904 0.34113 0
-0.521017 0.339585 0
-0.516129 0.340075 0
-0.511241 0.343175 0
-0.506354 0.347868 0
-0.501466 0.352463 0
-0.496579 0.355792 0
-0.491691 0.357852 0
-0.486804 0.359534 0
-0.481916 0.361856 0
-0.477028 0.365438 0
-0.472141 0.370495 0
-0.467253 0.377094 0
-0.462366 0.385302 0
-0.457478 0.395207 0
-0.45259 0.407 0
-0.447703 0.420979 0
-0.442815 0.43731 0
-0.437928 0.455746 0
-0.43304 0.475604 0
-0.428152 0.49598 0
-0.423265 0.516021 0
-0.418377 0.535132 0
-0.41349 0.55302 0
-0.408602 0.569631 0
-0.403715 0.585152 0
-0.398827 0.600135 0
-0.393939 0.61555 0
-0.389052 0.632545 0
-0.384164 0.651934 0
-0.379277 0.673708 0
-0.374389 0.696946 0
-0.369501 0.720186 0
-0.364614 0.742097 0
-0.359726 0.762058 0
-0.354839 0.780228 0
-0.349951 0.797161 0
-0.345064 0.813434 0
-0.340176 0.829529 0
-0.335288 0.845778 0
-0.330401 0.862216 0
-0.325513 0.878565 0
-0.320626 0.894464 0
-0.315738 0.909747 0
-0.310851 0.924591 0
-0.305963 0.939435 0
-0.301075 0.954699 0
-0.296188 0.970412 0
-0.2913 0.986083 0
-0.286413 1.00105 0
-0.281525 1.0151 0
-0.276637 1.02878 0
-0.27175 1.04315 0
-0.266862 1.05917 0
-0.261975 1.07709 0
-0.257087 1.09637 0
-0.252199 1.11602 0
-0.247312 1.13497 0
-0.242424 1.15226 0
-0.237537 1.16704 0
-0.232649 1.17883 0
-0.227761 1.18788 0
-0.222874 1.19514 0
-0.217986 1.20187 0
-0.213099 1.20901 0
-0.208211 1.21697 0
-0.203324 1.22583 0
-0.198436 1.23567 0
-0.193548 1.24674 0
-0.188661 1.25905 0
-0.183773 1.2721 0
-0.178886 1.28494 0
-0.173998 1.29673 0
-0.16911 1.30722 0
-0.164223 1.31668 0
-0.159335 1.32544 0
-0.154448 1.33368 0
-0.14956 1.34134 0
-0.144672 1.34844 0
-0.139785 1.35514 0
-0.134897 1.36171 0
-0.13001 1.36834 0
-0.125122 1.37503 0
-0.120235 1.38173 0
-0.115347 1.38841 0
-0.110459 1.39506 0
-0.105572 1.40168 0
-0.100684 1.40815 0
-0.0957966 1.41428 0
-0.0909091 1.41984 0
-0.0860215 1.42466 0
-0.0811339 1.42867 0
-0.0762463 1.43189 0
-0.0713587 1.43446 0
-0.0664712 1.43662 0
-0.0615836 1.4386 0
-0.056696 1.44056 0
-0.0518084 1.44257 0
-0.0469208 1.44463 0
-0.0420333 1.44671 0
-0.0371457 1.44879 0
-0.0322581 1.45086 0
-0.0273705 1.4529 0
-0.0224829 1.45492 0
-0.0175954 1.45692 0
-0.0127078 1.45889 0
-0.00782019 1.46084 0
-0.00293261 1.46277 0
0.00195497 1.46469 0
0.00684255 1.4666 0
0.0117301 1.46851 0
0.0166177 1.47043 0
0.0215053 1.47235 0
0.0263929 1.47429 0
0.0312805 1.47625 0
0.036168 1.47824 0
0.0410556 1.48026 0
0.0459432 1.48231 0
0.0508308 1.48442 0
0.0557185 1.48659 0
0.0606061 1.48883 0
0.0654937 1.49115 0
0.0703813 1.49356 0
0.0752688 1.49607 0
0.0801564 1.4987 0
0.085044 1.50147 0
0.0899316 1.50437 0
0.0948192 1.50743 0
0.0997067 1.51063 0
0.104594 1.51398 0
0.109482 1.51745 0
0.114369 1.52101 0
0.119257 1.52459 0
0.124145 1.52812 0
0.129032 1.53147 0
0.13392 1.53447 0
0.138808 1.53691 0
0.143695 1.53857 0
0.148583 1.53923 0
0.15347 1.53879 0
0.158358 1.53731 0
0.163245 1.53509 0
0.168133 1.53251 0
0.173021 1.52996 0
0.177908 1.52768 0
0.182796 1.52586 0
0.187683 1.5247 0
0.192571 1.52459 0
0.197459 1.52595 0
0.202346 1.52914 0
0.207234 1.53427 0
0.212121 1.54121 0
0.217009 1.54966 0
0.221896 1.55925 0
0.226784 1.56962 0
0.231672 1.58046 0
0.236559 1.59153 0
0.241447 1.60262 0
0.246334 1.61356 0
0.251222 1.62422 0
0.256109 1.63454 0
0.260997 1.64453 0
0.265885 1.65436 0
0.270772 1.66435 0
0.27566 1.67489 0
0.280547 1.68641 0
0.285435 1.69922 0
0.290323 1.71346 0
0.29521 1.72905 0
0.300098 1.74557 0
0.304985 1.76233 0
0.309873 1.77826 0
0.31476 1.79202 0
0.319648 1.80216 0
0.324536 1.80746 0
0.329423 1.80743 0
0.334311 1.80259 0
0.339198 1.79413 0
0.344086 1.78324 0
0.348974 1.77082 0
0.353861 1.75753 0
0.358749 1.744 0
0.363636 1.73096 0
0.368524 1.71922 0
0.373412 1.70948 0
0.378299 1.70218 0
0.383187 1.69741 0
0.388074 1.69499 0
0.392962 1.69456 0
0.397849 1.69565 0
0.402737 1.69778 0
0.407625 1.70048 0
0.412512 1.70328 0
0.4174 1.70575 0
0.422287 1.70753 0
0.427175 1.70829 0
0.432063 1.70787 0
0.43695 1.7063 0
0.441838 1.70386 0
0.446725 1.70103 0
0.451613 1.69831 0
0.4565 1.69608 0
0.461388 1.69448 0
0.466276 1.69351 0
0.471163 1.69304 0
0.476051 1.69291 0
0.480938 1.69298 0
0.485826 1.69315 0
0.490714 1.69336 0
0.495601 1.69359 0
0.500489 1.69384 0
0.505376 1.6941 0
0.510264 1.69438 0
0.515152 1.69466 0
0.520039 1.69494 0
0.524927 1.69523 0
0.529814 1.69552 0
0.534702 1.6958 0
0.539589 1.69602 0
0.544477 1.69615 0
0.549365 1.6961 0
0.554252 1.69577 0
0.55914 1.69512 0
0.564027 1.69416 0
0.568915 1.69298 0
0.573803 1.69173 0
0.57869 1.69052 0
0.583578 1.68938 0
0.588465 1.68833 0
0.593353 1.68735 0
0.59824 1.68642 0
0.603128 1.68552 0
0.608016 1.68466 0
0.612903 1.68383 0
0.617791 1.68303 0
0.622678 1.68227 0
0.627566 1.68152 0
0.632454 1.68081 0
0.637341 1.68012 0
0.642229 1.67946 0
0.647116 1.67882 0
0.652004 1.6782 0
0.656892 1.67761 0
0.661779 1.67704 0
0.666667 1.67648 0
0.671554 1.67593 0
0.676442 1.67538 0
0.681329 1.67481 0
0.686217 1.67422 0
0.691105 1.67361 0
0.695992 1.67297 0
0.70088 1.67232 0
0.705767 1.67165 0
0.710655 1.67098 0
0.715543 1.6703 0
0.72043 1.66961 0
0.725318 1.66892 0
0.730205 1.66822 0
0.735093 1.66752 0
0.73998 1.66682 0
0.744868 1.66611 0
0.749756 1.66539 0
0.754643 1.66467 0
0.759531 1.66395 0
0.764418 1.66321 0
0.769306 1.66246 0
0.774194 1.66171 0
0.779081 1.66094 0
0.783969 1.66016 0
0.788856 1.65937 0
0.793744 1.65856 0
0.798632 1.65774 0
0.803519 1.65691 0
0.808407 1.65605 0
0.813294 1.65518 0
0.818182 1.65428 0
0.823069 1.65337 0
0.827957 1.65243 0
0.832845 1.65147 0
0.837732 1.65048 0
0.84262 1.64946 0
0.847507 1.64841 0
0.852395 1.64733 0
0.857283 1.64621 0
0.86217 1.64506 0
0.867058 1.64386 0
0.871945 1.64262 0
0.876833 1.64133 0
0.88172 1.63999 0
0.886608 1.63859 0
0.891496 1.63713 0
0.896383 1.6356 0
0.901271 1.634 0
0.906158 1.63232 0
0.911046 1.63057 0
0.915933 1.62874 0
0.920821 1.62683 0
0.925709 1.62485 0
0.930596 1.6228 0
0.935484 1.62067 0
0.940371 1.61846 0
0.945259 1.61618 0
0.950147 1.61382 0
0.955034 1.61139 0
0.959922 1.60887 0
0.964809 1.60629 0
0.969697 1.60365 0
0.974585 1.60099 0
0.979472 1.59836 0
0.98436 1.59584 0
0.989247 1.5935 0
0.994135 1.59146 0
0.999022 1.58978 0
1.00391 1.58844 0
1.0088 1.58729 0
1.01369 1.58608 0
1.01857 1.58461 0
1.02346 1.5828 0
1.02835 1.58073 0
1.03324 1.57848 0
1.03812 1.57605 0
1.04301 1.57332 0
1.0479 1.57006 0
1.05279 1.56619 0
1.05767 1.56177 0
1.06256 1.55708 0
1.06745 1.55246 0
1.07234 1.54823 0
1.07722 1.54456 0
1.08211 1.54159 0
1.087 1.53951 0
1.09189 1.5387 0
1.09677 1.53985 0
1.10166 1.54391 0
1.10655 1.55192 0
1.11144 1.56471 0
1.11632 1.58246 0
1.12121 1.60414 0
1.1261 1.62746 0
1.13099 1.64951 0
1.13587 1.66795 0
1.14076 1.68163 0
1.14565 1.69053 0
1.15054 1.69533 0
1.15543 1.69707 0
1.16031 1.69689 0
1.1652 1.69579 0
1.17009 1.69441 0
1.17498 1.69298 0
1.17986 1.69144 0
1.18475 1.68957 0
1.18964 1.68714 0
1.19453 1.68401 0
1.19941 1.6802 0
1.2043 1.67582 0
1.20919 1.67103 0
1.21408 1.66603 0
1.21896 1.66101 0
1.22385 1.65614 0
1.22874 1.6516 0
1.23363 1.64758 0
1.23851 1.64425 0
1.2434 1.64174 0
1.24829 1.64012 0
1.25318 1.63931 0
1.25806 1.6391 0
1.26295 1.63917 0
1.26784 1.6392 0
1.27273 1.63893 0
1.27761 1.63826 0
1.2825 1.63715 0
1.28739 1.63565 0
1.29228 1.63386 0
1.29717 1.63187 0
1.30205 1.62978 0
1.30694 1.62764 0
1.31183 1.62553 0
1.31672 1.62346 0
1.3216 1.62146 0
1.32649 1.61954 0
1.33138 1.61769 0
1.33627 1.61588 0
1.34115 1.61412 0
1.34604 1.6124 0
1.35093 1.61072 0
1.35582 1.60912 0
1.3607 1.6077 0
1.36559 1.60658 0
1.37048 1.60593 0
1.37537 1.60591 0
1.38025 1.60666 0
1.38514 1.60815 0
1.39003 1.61024 0
1.39492 1.61262 0
1.3998 1.6149 0
1.40469 1.61671 0
1.40958 1.61788 0
1.41447 1.61836 0
1.41935 1.61826 0
1.42424 1.61773 0
1.42913 1.61688 0
1.43402 1.61583 0
1.43891 1.61464 0
1.44379 1.61337 0
1.44868 1.61207 0
1.45357 1.61076 0
1.45846 1.60947 0
1.46334 1.6082 0
1.46823 1.60698 0
1.47312 1.60578 0
1.47801 1.60462 0
1.48289 1.60347 0
1.48778 1.60233 0
1.49267 1.60119 0
1.49756 1.60004 0
1.50244 1.59888 0
1.50733 1.59772 0
1.51222 1.59658 0
1.51711 1.59552 0
1.52199 1.59462 0
1.52688 1.59401 0
1.53177 1.59378 0
1.53666 1.59401 0
1.54154 1.59466 0
1.54643 1.59564 0
1.55132 1.59676 0
1.55621 1.59785 0
1.56109 1.59875 0
1.56598 1.59935 0
1.57087 1.59958 0
1.57576 1.59945 0
1.58065 1.59898 0
1.58553 1.59821 0
1.59042 1.59721 0
1.59531 1.59604 0
1.6002 1.5948 0
1.60508 1.59359 0
1.60997 1.59251 0
1.61486 1.59167 0
1.61975 1.59111 0
1.62463 1.59081 0
1.62952 1.59072 0
1.63441 1.59083 0
1.6393 1.59127 0
1.64418 1.59217 0
1.64907 1.59364 0
1.65396 1.59572 0
1.65885 1.59848 0
1.66373 1.60197 0
1.66862 1.60623 0
1.67351 1.61119 0
1.6784 1.61655 0
1.68328 1.62183 0
1.68817 1.62659 0
1.69306 1.6306 0
1.69795 1.63398 0
1.70283 1.63717 0
1.70772 1.64078 0
1.71261 1.64539 0
1.7175 1.65137 0
1.72239 1.6587 0
1.72727 1.66701 0
1.73216 1.67577 0
1.73705 1.68446 0
1.74194 1.69267 0
1.74682 1.70018 0
1.75171 1.70711 0
1.7566 1.71394 0
1.76149 1.72129 0
1.76637 1.72965 0
1.77126 1.73909 0
1.77615 1.74938 0
1.78104 1.76016 0
1.78592 1.77108 0
1.79081 1.78196 0
1.7957 1.79271 0
1.80059 1.80341 0
1.80547 1.81434 0
1.81036 1.826 0
1.81525 1.83894 0
1.82014 1.85351 0
1.82502 1.86969 0
1.82991 1.88721 0
1.8348 1.90571 0
1.83969 1.92489 0
1.84457 1.94444 0
1.84946 1.96401 0
1.85435 1.98305 0
1.85924 2.00107 0
1.86413 2.01783 0
1.86901 2.03348 0
1.8739 2.0483 0
1.87879 2.06248 0
1.88368 2.07598 0
1.88856 2.08884 0
1.89345 2.10119 0
1.89834 2.11328 0
1.90323 2.1253 0
1.90811 2.13724 0
1.913 2.14902 0
1.91789 2.16084 0
1.92278 2.1733 0
1.92766 2.18718 0
1.93255 2.2031 0
1.93744 2.22116 0
1.94233 2.24086 0
1.94721 2.26146 0
1.9521 2.2824 0
1.95699 2.30342 0
1.96188 2.32438 0
1.96676 2.34511 0
1.97165 2.36558 0
1.97654 2.38612 0
1.98143 2.40705 0
1.98631 2.4282 0
1.9912 2.4487 0
1.99609 2.46735 0
2.00098 2.48345 0
2.00587 2.49711 0
2.01075 2.50916 0
2.01564 2.5207 0
2.02053 2.53265 0
2.02542 2.54549 0
2.0303 2.55914 0
2.03519 2.57301 0
2.04008 2.58621 0
2.04497 2.59786 0
2.04985 2.60733 0
2.05474 2.61437 0
2.05963 2.61887 0
2.06452 2.62064 0
2.0694 2.61937 0
2.07429 2.61482 0
2.07918 2.60699 0
2.08407 2.5961 0
2.08895 2.58248 0
2.09384 2.56632 0
2.09873 2.54751 0
2.10362 2.52561 0
2.1085 2.49998 0
2.11339 2.47001 0
2.11828 2.43536 0
2.12317 2.39648 0
2.12805 2.35516 0
2.13294 2.31474 0
2.13783 2.27969 0
2.14272 2.25415 0
2.1476 2.24051 0
2.15249 2.23843 0
2.15738 2.24502 0
2.16227 2.25612 0
2.16716 2.26799 0
2.17204 2.27829 0
2.17693 2.28595 0
2.18182 2.29032 0
2.18671 2.29083 0
2.19159 2.28697 0
2.19648 2.27851 0
2.20137 2.26586 0
2.20626 2.25039 0
2.21114 2.23398 0
2.21603 2.21818 0
2.22092 2.20351 0
2.22581 2.18953 0
2.23069 2.17542 0
2.23558 2.16085 0
2.24047 2.14642 0
2.24536 2.13337 0
2.25024 2.12264 0
2.25513 2.1139 0
2.26002 2.10553 0
2.26491 2.09559 0
2.26979 2.08307 0
2.27468 2.06818 0
2.27957 2.05198 0
2.28446 2.03582 0
2.28935 2.02105 0
2.29423 2.00858 0
2.29912 1.99844 0
2.30401 1.98984 0
2.3089 1.98177 0
2.31378 1.9734 0
2.31867 1.96416 0
2.32356 1.95352 0
2.32845 1.94086 0
2.33333 1.92556 0
2.33822 1.90709 0
2.34311 1.88537 0
2.348 1.86101 0
2.35288 1.8353 0
2.35777 1.81001 0
2.36266 1.78691 0
2.36755 1.76731 0
2.37243 1.7517 0
2.37732 1.73972 0
2.38221 1.73045 0
2.3871 1.72291 0
2.39198 1.71646 0
2.39687 1.71093 0
2.40176 1.70628 0
2.40665 1.70216 0
2.41153 1.69771 0
2.41642 1.69171 0
2.42131 1.68282 0
2.4262 1.67017 0
2.43109 1.65396 0
2.43597 1.63578 0
2.44086 1.61815 0
2.44575 1.60336 0
2.45064 1.59241 0
2.45552 1.58487 0
2.46041 1.5794 0
2.4653 1.57453 0
2.47019 1.56906 0
2.47507 1.56217 0
2.47996 1.55323 0
2.48485 1.54172 0
2.48974 1.52729 0
2.49462 1.51007 0
2.49951 1.49095 0
2.5044 1.47155 0
2.50929 1.4538 0
2.51417 1.43925 0
2.51906 1.42851 0
2.52395 1.421 0
2.52884 1.41518 0
2.53372 1.40925 0
2.53861 1.40201 0
2.5435 1.39332 0
2.54839 1.38392 0
2.55327 1.37491 0
2.55816 1.36729 0
2.56305 1.36182 0
2.56794 1.35889 0
2.57282 1.35839 0
2.57771 1.35989 0
2.5826 1.36296 0
2.58749 1.36739 0
2.59238 1.37326 0
2.59726 1.38093 0
2.60215 1.39097 0
2.60704 1.40376 0
2.61193 1.41897 0
2.61681 1.43522 0
2.6217 1.45052 0
2.62659 1.46304 0
2.63148 1.47193 0
2.63636 1.47745 0
2.64125 1.48074 0
2.64614 1.48319 0
2.65103 1.48597 0
2.65591 1.48975 0
2.6608 1.49477 0
2.66569 1.50105 0
2.67058 1.50855 0
2.67546 1.5171 0
2.68035 1.52627 0
2.68524 1.5354 0
2.69013 1.54378 0
2.69501 1.55084 0
2.6999 1.55619 0
2.70479 1.55963 0
2.70968 1.56093 0
2.71457 1.55983 0
2.71945 1.55612 0
2.72434 1.54996 0
2.72923 1.54184 0
2.73412 1.53246 0
2.739 1.52227 0
2.74389 1.51119 0
2.74878 1.49838 0
2.75367 1.48243 0
2.75855 1.46171 0
2.76344 1.43454 0
2.76833 1.39956 0
2.77322 1.35622 0
2.7781 1.30538 0
2.78299 1.24916 0
2.78788 1.19012 0
2.79277 1.13023 0
2.79765 1.07022 0
2.80254 1.00945 0
2.80743 0.946134 0
2.81232 0.877781 0
2.8172 0.801682 0
2.82209 0.71525 0
2.82698 0.616194 0
2.83187 0.502546 0
2.83675 0.372655 0
2.84164 0.225255 0
2.84653 0.0596684 0
2.85142 -0.123846 0
2.8563 -0.323733 0
2.86119 -0.536961 0
2.86608 -0.759158 0
2.87097 -0.98502 0
2.87586 -1.20879 0
2.88074 -1.42464 0
2.88563 -1.62698 0
2.89052 -1.81067 0
2.89541 -1.97133 0
2.90029 -2.10571 0
2.90518 -2.21195 0
2.91007 -2.28953 0
2.91496 -2.33895 0
2.91984 -2.3612 0
2.92473 -2.35739 0
2.92962 -2.32869 0
2.93451 -2.27665 0
2.93939 -2.20368 0
2.94428 -2.11326 0
2.94917 -2.00985 0
2.95406 -1.89839 0
2.95894 -1.78355 0
2.96383 -1.66915 0
2.96872 -1.55787 0
2.97361 -1.4512 0
2.97849 -1.34982 0
2.98338 -1.25384 0
2.98827 -1.16313 0
2.99316 -1.07749 0
2.99804 -0.996742 0
3.00293 -0.92071 0
3.00782 -0.849126 0
3.01271 -0.781658 0
3.0176 -0.717987 0
3.02248 -0.657788 0
3.02737 -0.600527 0
3.03226 -0.545411 0
3.03715 -0.491614 0
3.04203 -0.438706 0
3.04692 -0.386785 0
3.05181 -0.336147 0
3.0567 -0.286711 0
3.06158 -0.237714 0
3.06647 -0.188062 0
3.07136 -0.13713 0
3.07625 -0.0853071 0
3.08113 -0.0338225 0
3.08602 0.0158709 0
3.09091 0.0626196 0
3.0958 0.105911 0
3.10068 0.146254 0
3.10557 0.185401 0
3.11046 0.225958 0
3.11535 0.270384 0
3.12023 0.319967 0
3.12512 0.374318 0
3.13001 0.43146 0
3.1349 0.488431 0
3.13978 0.542374 0
3.14467 0.591726 0
3.14956 0.636772 0
3.15445 0.679082 0
3.15934 0.720288 0
3.16422 0.761173 0
3.16911 0.801589 0
3.174 0.840955 0
3.17889 0.878838 0
3.18377 0.915183 0
3.18866 0.950005 0
3.19355 0.982891 0
3.19844 1.01287 0
3.20332 1.03874 0
3.20821 1.05974 0
3.2131 1.07589 0
3.21799 1.08803 0
3.22287 1.09754 0
3.22776 1.10596 0
3.23265 1.11465 0
3.23754 1.12435 0
3.24242 1.13504 0
3.24731 1.14612 0
3.2522 1.15669 0
3.25709 1.16592 0
3.26197 1.17318 0
3.26686 1.17825 0
3.27175 1.18127 0
3.27664 1.1825 0
3.28153 1.18201 0
3.28641 1.17958 0
3.2913 1.17489 0
3.29619 1.16774 0
3.30108 1.15803 0
3.30596 1.14589 0
3.31085 1.13195 0
3.31574 1.11743 0
3.32063 1.10371 0
3.32551 1.09138 0
3.3304 1.07975 0
3.33529 1.06702 0
3.34018 1.0511 0
3.34506 1.03008 0
3.34995 1.00237 0
3.35484 0.96667 0
3.35973 0.922095 0
3.36461 0.8684 0
3.3695 0.80637 0
3.37439 0.73817 0
3.37928 0.667241 0
3.38416 0.597439 0
3.38905 0.53171 0
3.39394 0.471064 0
3.39883 0.414397 0
3.40371 0.359074 0
3.4086 0.301809 0
3.41349 0.239448 0
3.41838 0.169463 0
3.42326 0.09012 0
3.42815 0.000601197 0
3.43304 -0.0984202 0
3.43793 -0.203595 0
3.44282 -0.307853 0
3.4477 -0.400866 0
3.45259 -0.471589 0
3.45748 -0.511628 0
3.46237 -0.517511 0
3.46725 -0.491028 0
3.47214 -0.438079 0
3.47703 -0.367144 0
3.48192 -0.288193 0
3.4868 -0.211395 0
3.49169 -0.144883 0
3.49658 -0.0927457 0
3.50147 -0.0550177 0
3.50635 -0.0293064 0
3.51124 -0.0125351 0
3.51613 -0.00194883 0
3.52102 0.00455165 0
3.5259 0.00843138 0
3.53079 0.0106621 0
3.53568 0.0118684 0
3.54057 0.0124454 0
3.54545 0.0126392 0
3.55034 0.0126023 0
3.55523 0.0124285 0
3.56012 0.0121754 0
3.56501 0.0118775 0
3.56989 0.0115559 0
3.57478 0.0112233 0
3.57967 0.0108876 0
3.58456 0.0105529 0
3.58944 0.0102225 0
3.59433 0.00989791 0
3.59922 0.00957999 0
3.60411 0.009269 0
3.60899 0.00896482 0
3.61388 0.00866774 0
3.61877 0.00837741 0
3.62366 0.00809331 0
3.62854 0.00781537 0
3.63343 0.00754307 0
3.63832 0.00727616 0
3.64321 0.00701435 0
3.64809 0.00675747 0
3.65298 0.00650527 0
3.65787 0.00625757 0
3.66276 0.00601416 0
3.66764 0.00577492 0
3.67253 0.00553974 0
3.67742 0.00530846 0
3.68231 0.00508094 0
3.68719 0.00485702 0
3.69208 0.00463652 0
3.69697 0.00441925 0
3.70186 0.00420507 0
3.70674 0.00399384 0
3.71163 0.00378541 0
3.71652 0.00357968 0
3.72141 0.00337649 0
3.7263 0.00317572 0
3.73118 0.00297724 0
3.73607 0.00278096 0
3.74096 0.00258678 0
3.74585 0.00239461 0
3.75073 0.00220431 0
3.75562 0.00201577 0
3.76051 0.00182887 0
3.7654 0.00164352 0
3.77028 0.00145971 0
3.77517 0.00127743 0
3.78006 0.00109672 0
3.78495 0.000917554 0
3.78983 0.000739908 0
3.79472 0.0005637 0
3.79961 0.000388818 0
3.8045 0.000215108 0
3.80938 4.2389e-05 0
3.81427 -0.000129553 0
3.81916 -0.000300923 0
3.82405 -0.000471938 0
3.82893 -0.000642786 0
3.83382 -0.000813621 0
3.83871 -0.000984527 0
3.8436 -0.00115554 0
3.84848 -0.00132667 0
3.85337 -0.0014979 0
3.85826 -0.0016693 0
3.86315 -0.00184095 0
3.86804 -0.00201294 0
3.87292 -0.00218542 0
3.87781 -0.00235854 0
3.8827 -0.00253249 0
3.88759 -0.00270749 0
3.89247 -0.00288384 0
3.89736 -0.00306185 0
3.90225 -0.00324186 0
3.90714 -0.00342441 0
3.91202 -0.00360915 0
3.91691 -0.00379653 0
3.9218 -0.00398703 0
3.92669 -0.00418037 0
3.93157 -0.00437761 0
3.93646 -0.00457827 0
3.94135 -0.00478227 0
3.94624 -0.00498907 0
3.95112 -0.00519626 0
3.95601 -0.00540115 0
3.9609 -0.00559833 0
3.96579 -0.00578217 0
3.97067 -0.00594507 0
3.97556 -0.00608193 0
3.98045 -0.00618937 0
3.98534 -0.00626887 0
3.99022 -0.00632479 0
3.99511 -0.00636233 0
4 -0.00638699 0
