-1 5.4065e-05 0
-0.995112 8.54498e-05 0
-0.990225 0.000132792 0
-0.985337 0.000201467 0
-0.98045 0.000296033 0
-0.975562 0.00041831 0
-0.970675 0.000566102 0
-0.965787 0.000733814 0
-0.960899 0.000914606 0
-0.956012 0.00110235 0
-0.951124 0.00129248 0
-0.946237 0.00148203 0
-0.941349 0.00166927 0
-0.936461 0.00185336 0
-0.931574 0.002034 0
-0.926686 0.00221124 0
-0.921799 0.00238534 0
-0.916911 0.00255663 0
-0.912023 0.00272553 0
-0.907136 0.00289246 0
-0.902248 0.00305783 0
-0.897361 0.00322198 0
-0.892473 0.00338519 0
-0.887586 0.00354765 0
-0.882698 0.00370956 0
-0.87781 0.00387108 0
-0.872923 0.00403236 0
-0.868035 0.0041935 0
-0.863148 0.00435457 0
-0.85826 0.00451563 0
-0.853372 0.00467678 0
-0.848485 0.00483812 0
-0.843597 0.00499981 0
-0.83871 0.00516198 0
-0.833822 0.00532475 0
-0.828935 0.00548821 0
-0.824047 0.00565241 0
-0.819159 0.00581738 0
-0.814272 0.00598313 0
-0.809384 0.00614971 0
-0.804497 0.00631723 0
-0.799609 0.00648586 0
-0.794721 0.00665584 0
-0.789834 0.00682741 0
-0.784946 0.00700078 0
-0.780059 0.00717612 0
-0.775171 0.00735351 0
-0.770283 0.00753301 0
-0.765396 0.00771466 0
-0.760508 0.00789853 0
-0.755621 0.00808473 0
-0.750733 0.00827339 0
-0.745845 0.00846469 0
-0.740958 0.00865882 0
-0.73607 0.00885594 0
-0.731183 0.00905617 0
-0.726295 0.00925952 0
-0.721408 0.00946598 0
-0.71652 0.00967559 0
-0.711632 0.00988841 0
-0.706745 0.0101046 0
-0.701857 0.0103244 0
-0.69697 0.010548 0
-0.692082 0.0107755 0
-0.687195 0.0110074 0
-0.682307 0.0112437 0
-0.677419 0.0114848 0
-0.672532 0.0117308 0
-0.667644 0.0119821 0
-0.662757 0.0122387 0
-0.657869 0.012501 0
-0.652981 0.0127692 0
-0.648094 0.0130437 0
-0.643206 0.0133247 0
-0.638319 0.0136125 0
-0.633431 0.0139075 0
-0.628544 0.0142099 0
-0.623656 0.01452 0
-0.618768 0.0148383 0
-0.613881 0.015165 0
-0.608993 0.0155007 0
-0.604106 0.0158459 0
-0.599218 0.0162012 0
-0.59433 0.0165671 0
-0.589443 0.0169441 0
-0.584555 0.0173328 0
-0.579668 0.0177337 0
-0.57478 0.0181475 0
-0.569892 0.018575 0
-0.565005 0.019017 0
-0.560117 0.0194747 0
-0.55523 0.0199491 0
-0.550342 0.0204416 0
-0.545455 0.0209532 0
-0.540567 0.0214854 0
-0.535679 0.0220393 0
-0.530792 0.0226165 0
-0.525904 0.0232186 0
-0.521017 0.0238476 0
-0.516129 0.0245057 0
-0.511241 0.0251952 0
-0.506354 0.025919 0
-0.501466 0.0266804 0
-0.496579 0.0274833 0
-0.491691 0.0283319 0
-0.486804 0.029231 0
-0.481916 0.0301861 0
-0.477028 0.0312037 0
-0.472141 0.0322916 0
-0.467253 0.0334589 0
-0.462366 0.0347172 0
-0.457478 0.0360805 0
-0.45259 0.0375668 0
-0.447703 0.0391981 0
-0.442815 0.0410023 0
-0.437928 0.0430138 0
-0.43304 0.0452752 0
-0.428152 0.0478374 0
-0.423265 0.0507602 0
-0.418377 0.0541117 0
-0.41349 0.057972 0
-0.408602 0.0624576 0
-0.403715 0.06779 0
-0.398827 0.0743847 0
-0.393939 0.0828059 0
-0.389052 0.0934762 0
-0.384164 0.106391 0
-0.379277 0.12113 0
-0.374389 0.137038 0
-0.369501 0.153393 0
-0.364614 0.169624 0
-0.359726 0.185644 0
-0.354839 0.202046 0
-0.349951 0.219906 0
-0.345064 0.240332 0
-0.340176 0.264088 0
-0.335288 0.291478 0
-0.330401 0.322429 0
-0.325513 0.356678 0
-0.320626 0.39386 0
-0.315738 0.433534 0
-0.310851 0.475334 0
-0.305963 0.519215 0
-0.301075 0.565524 0
-0.296188 0.614683 0
-0.2913 0.666671 0
-0.286413 0.720697 0
-0.281525 0.775413 0
-0.276637 0.829561 0
-0.27175 0.882491 0
-0.266862 0.934063 0
-0.261975 0.984163 0
-0.257087 1.03228 0
-0.252199 1.0772 0
-0.247312 1.11685 0
-0.242424 1.14827 0
-0.237537 1.16823 0
-0.232649 1.17407 0
-0.227761 1.16479 0
-0.222874 1.14194 0
-0.217986 1.10957 0
-0.213099 1.0731 0
-0.208211 1.03764 0
-0.203324 1.00668 0
-0.198436 0.981638 0
-0.193548 0.96225 0
-0.188661 0.947532 0
-0.183773 0.936725 0
-0.178886 0.929523 0
-0.173998 0.92582 0
-0.16911 0.925498 0
-0.164223 0.928386 0
-0.159335 0.934331 0
-0.154448 0.943204 0
-0.14956 0.954824 0
-0.144672 0.968958 0
-0.139785 0.985388 0
-0.134897 1.00387 0
-0.13001 1.02398 0
-0.125122 1.04512 0
-0.120235 1.0666 0
-0.115347 1.08781 0
-0.110459 1.10831 0
-0.105572 1.12797 0
-0.100684 1.14695 0
-0.0957966 1.16562 0
-0.0909091 1.18436 0
-0.0860215 1.20342 0
-0.0811339 1.22293 0
-0.0762463 1.24299 0
-0.0713587 1.26371 0
-0.0664712 1.28516 0
-0.0615836 1.30726 0
-0.056696 1.32975 0
-0.0518084 1.35225 0
-0.0469208 1.3744 0
-0.0420333 1.39587 0
-0.0371457 1.41634 0
-0.0322581 1.43566 0
-0.0273705 1.45394 0
-0.0224829 1.47146 0
-0.0175954 1.48858 0
-0.0127078 1.50553 0
-0.00782019 1.52228 0
-0.00293261 1.53854 0
0.00195497 1.55394 0
0.00684255 1.56824 0
0.0117301 1.58138 0
0.0166177 1.59344 0
0.0215053 1.60448 0
0.0263929 1.61447 0
0.0312805 1.62329 0
0.036168 1.63084 0
0.0410556 1.63713 0
0.0459432 1.64234 0
0.0508308 1.64669 0
0.0557185 1.65039 0
0.0606061 1.6536 0
0.0654937 1.65647 0
0.0703813 1.65908 0
0.0752688 1.6615 0
0.0801564 1.66379 0
0.085044 1.66597 0
0.0899316 1.66809 0
0.0948192 1.67016 0
0.0997067 1.67221 0
0.104594 1.67424 0
0.109482 1.67628 0
0.114369 1.67834 0
0.119257 1.68043 0
0.124145 1.68257 0
0.129032 1.68475 0
0.13392 1.68701 0
0.138808 1.68933 0
0.143695 1.69172 0
0.148583 1.69416 0
0.15347 1.69662 0
0.158358 1.69906 0
0.163245 1.70138 0
0.168133 1.7035 0
0.173021 1.70526 0
0.177908 1.70654 0
0.182796 1.70725 0
0.187683 1.70741 0
0.192571 1.70717 0
0.197459 1.70678 0
0.202346 1.7065 0
0.207234 1.70654 0
0.212121 1.70702 0
0.217009 1.70798 0
0.221896 1.70943 0
0.226784 1.71136 0
0.231672 1.71371 0
0.236559 1.71636 0
0.241447 1.71916 0
0.246334 1.72199 0
0.251222 1.72481 0
0.256109 1.72773 0
0.260997 1.73091 0
0.265885 1.73455 0
0.270772 1.73879 0
0.27566 1.74366 0
0.280547 1.74917 0
0.285435 1.75526 0
0.290323 1.76189 0
0.29521 1.76903 0
0.300098 1.77665 0
0.304985 1.78472 0
0.309873 1.7932 0
0.31476 1.80202 0
0.319648 1.81114 0
0.324536 1.8206 0
0.329423 1.83056 0
0.334311 1.84124 0
0.339198 1.85282 0
0.344086 1.86517 0
0.348974 1.87777 0
0.353861 1.88973 0
0.358749 1.89993 0
0.363636 1.90729 0
0.368524 1.91097 0
0.373412 1.91075 0
0.378299 1.90712 0
0.383187 1.90107 0
0.388074 1.89362 0
0.392962 1.88544 0
0.397849 1.87703 0
0.402737 1.86889 0
0.407625 1.86156 0
0.412512 1.85554 0
0.4174 1.85111 0
0.422287 1.84829 0
0.427175 1.84695 0
0.432063 1.84682 0
0.43695 1.84761 0
0.441838 1.84901 0
0.446725 1.85073 0
0.451613 1.85249 0
0.4565 1.85401 0
0.461388 1.85507 0
0.466276 1.85545 0
0.471163 1.85513 0
0.476051 1.85426 0
0.480938 1.85313 0
0.485826 1.85203 0
0.490714 1.85117 0
0.495601 1.85062 0
0.500489 1.85033 0
0.505376 1.85022 0
0.510264 1.85021 0
0.515152 1.85025 0
0.520039 1.85031 0
0.524927 1.8504 0
0.529814 1.85052 0
0.534702 1.85064 0
0.539589 1.85078 0
0.544477 1.85092 0
0.549365 1.85107 0
0.554252 1.85123 0
0.55914 1.85139 0
0.564027 1.85151 0
0.568915 1.85156 0
0.573803 1.85145 0
0.57869 1.8511 0
0.583578 1.85049 0
0.588465 1.84969 0
0.593353 1.84881 0
0.59824 1.84795 0
0.603128 1.84717 0
0.608016 1.84647 0
0.612903 1.84585 0
0.617791 1.84529 0
0.622678 1.84478 0
0.627566 1.8443 0
0.632454 1.84383 0
0.637341 1.84338 0
0.642229 1.84294 0
0.647116 1.84251 0
0.652004 1.84209 0
0.656892 1.84168 0
0.661779 1.84129 0
0.666667 1.84091 0
0.671554 1.84054 0
0.676442 1.84019 0
0.681329 1.83984 0
0.686217 1.83949 0
0.691105 1.83913 0
0.695992 1.83875 0
0.70088 1.83837 0
0.705767 1.83797 0
0.710655 1.83756 0
0.715543 1.83715 0
0.72043 1.83674 0
0.725318 1.83632 0
0.730205 1.8359 0
0.735093 1.83548 0
0.73998 1.83506 0
0.744868 1.83464 0
0.749756 1.83421 0
0.754643 1.83378 0
0.759531 1.83335 0
0.764418 1.83292 0
0.769306 1.83248 0
0.774194 1.83203 0
0.779081 1.83159 0
0.783969 1.83113 0
0.788856 1.83067 0
0.793744 1.83021 0
0.798632 1.82973 0
0.803519 1.82925 0
0.808407 1.82876 0
0.813294 1.82826 0
0.818182 1.82776 0
0.823069 1.82724 0
0.827957 1.82671 0
0.832845 1.82618 0
0.837732 1.82563 0
0.84262 1.82507 0
0.847507 1.82449 0
0.852395 1.8239 0
0.857283 1.82329 0
0.86217 1.82267 0
0.867058 1.82203 0
0.871945 1.82137 0
0.876833 1.82069 0
0.88172 1.81999 0
0.886608 1.81926 0
0.891496 1.8185 0
0.896383 1.81772 0
0.901271 1.8169 0
0.906158 1.81605 0
0.911046 1.81516 0
0.915933 1.81424 0
0.920821 1.81328 0
0.925709 1.81227 0
0.930596 1.81122 0
0.935484 1.81012 0
0.940371 1.80898 0
0.945259 1.80778 0
0.950147 1.80651 0
0.955034 1.80518 0
0.959922 1.80378 0
0.964809 1.8023 0
0.969697 1.80076 0
0.974585 1.79917 0
0.979472 1.79757 0
0.98436 1.79598 0
0.989247 1.79447 0
0.994135 1.79307 0
0.999022 1.79179 0
1.00391 1.79062 0
1.0088 1.78948 0
1.01369 1.7883 0
1.01857 1.78702 0
1.02346 1.78559 0
1.02835 1.78396 0
1.03324 1.78207 0
1.03812 1.77981 0
1.04301 1.77719 0
1.0479 1.7743 0
1.05279 1.77125 0
1.05767 1.76815 0
1.06256 1.76499 0
1.06745 1.76176 0
1.07234 1.75845 0
1.07722 1.75514 0
1.08211 1.75203 0
1.087 1.74937 0
1.09189 1.74749 0
1.09677 1.74677 0
1.10166 1.74773 0
1.10655 1.75104 0
1.11144 1.7574 0
1.11632 1.76735 0
1.12121 1.78093 0
1.1261 1.79723 0
1.13099 1.81441 0
1.13587 1.83022 0
1.14076 1.84291 0
1.14565 1.85174 0
1.15054 1.85688 0
1.15543 1.85904 0
1.16031 1.8591 0
1.1652 1.85785 0
1.17009 1.85588 0
1.17498 1.85353 0
1.17986 1.85096 0
1.18475 1.84823 0
1.18964 1.8454 0
1.19453 1.84248 0
1.19941 1.83953 0
1.2043 1.83658 0
1.20919 1.83371 0
1.21408 1.83102 0
1.21896 1.82861 0
1.22385 1.82653 0
1.22874 1.82482 0
1.23363 1.82343 0
1.23851 1.82228 0
1.2434 1.82124 0
1.24829 1.82019 0
1.25318 1.81907 0
1.25806 1.81784 0
1.26295 1.81652 0
1.26784 1.81514 0
1.27273 1.81374 0
1.27761 1.81235 0
1.2825 1.811 0
1.28739 1.8097 0
1.29228 1.80845 0
1.29717 1.80726 0
1.30205 1.80611 0
1.30694 1.80501 0
1.31183 1.80395 0
1.31672 1.80293 0
1.3216 1.80194 0
1.32649 1.80099 0
1.33138 1.80007 0
1.33627 1.79918 0
1.34115 1.79831 0
1.34604 1.79747 0
1.35093 1.79663 0
1.35582 1.79579 0
1.3607 1.79494 0
1.36559 1.79406 0
1.37048 1.79316 0
1.37537 1.79223 0
1.38025 1.79128 0
1.38514 1.79035 0
1.39003 1.78949 0
1.39492 1.78877 0
1.3998 1.7883 0
1.40469 1.78818 0
1.40958 1.78848 0
1.41447 1.78923 0
1.41935 1.79033 0
1.42424 1.79163 0
1.42913 1.79293 0
1.43402 1.79413 0
1.43891 1.79518 0
1.44379 1.79606 0
1.44868 1.79672 0
1.45357 1.79709 0
1.45846 1.79713 0
1.46334 1.79682 0
1.46823 1.79616 0
1.47312 1.79519 0
1.47801 1.79394 0
1.48289 1.79245 0
1.48778 1.79079 0
1.49267 1.78906 0
1.49756 1.78746 0
1.50244 1.78619 0
1.50733 1.78544 0
1.51222 1.78527 0
1.51711 1.78557 0
1.52199 1.78619 0
1.52688 1.787 0
1.53177 1.78801 0
1.53666 1.78934 0
1.54154 1.79121 0
1.54643 1.79369 0
1.55132 1.79671 0
1.55621 1.80006 0
1.56109 1.80369 0
1.56598 1.80773 0
1.57087 1.81248 0
1.57576 1.8182 0
1.58065 1.82493 0
1.58553 1.8325 0
1.59042 1.84067 0
1.59531 1.8493 0
1.6002 1.85836 0
1.60508 1.86783 0
1.60997 1.87761 0
1.61486 1.88753 0
1.61975 1.89753 0
1.62463 1.90783 0
1.62952 1.91895 0
1.63441 1.93149 0
1.6393 1.94581 0
1.64418 1.96179 0
1.64907 1.9788 0
1.65396 1.99588 0
1.65885 2.01202 0
1.66373 2.02638 0
1.66862 2.03867 0
1.67351 2.04918 0
1.6784 2.05871 0
1.68328 2.06813 0
1.68817 2.07796 0
1.69306 2.08834 0
1.69795 2.09923 0
1.70283 2.11049 0
1.70772 2.12176 0
1.71261 2.13263 0
1.7175 2.14295 0
1.72239 2.1531 0
1.72727 2.16381 0
1.73216 2.17565 0
1.73705 2.18855 0
1.74194 2.20177 0
1.74682 2.21429 0
1.75171 2.22547 0
1.7566 2.23529 0
1.76149 2.24416 0
1.76637 2.25247 0
1.77126 2.26038 0
1.77615 2.26792 0
1.78104 2.27505 0
1.78592 2.28153 0
1.79081 2.28664 0
1.7957 2.28929 0
1.80059 2.28851 0
1.80547 2.28396 0
1.81036 2.27596 0
1.81525 2.26498 0
1.82014 2.25103 0
1.82502 2.23352 0
1.82991 2.21149 0
1.8348 2.18416 0
1.83969 2.15138 0
1.84457 2.11386 0
1.84946 2.07307 0
1.85435 2.03096 0
1.85924 1.98977 0
1.86413 1.95204 0
1.86901 1.92065 0
1.8739 1.89849 0
1.87879 1.88766 0
1.88368 1.88862 0
1.88856 1.89987 0
1.89345 1.91807 0
1.89834 1.93888 0
1.90323 1.95796 0
1.90811 1.97205 0
1.913 1.97974 0
1.91789 1.98175 0
1.92278 1.98038 0
1.92766 1.97832 0
1.93255 1.97757 0
1.93744 1.97897 0
1.94233 1.98224 0
1.94721 1.98632 0
1.9521 1.98989 0
1.95699 1.99184 0
1.96188 1.9915 0
1.96676 1.98877 0
1.97165 1.98411 0
1.97654 1.97836 0
1.98143 1.97238 0
1.98631 1.96668 0
1.9912 1.96145 0
1.99609 1.95675 0
2.00098 1.95268 0
2.00587 1.94935 0
2.01075 1.94676 0
2.01564 1.94463 0
2.02053 1.94238 0
2.02542 1.93925 0
2.0303 1.93462 0
2.03519 1.92846 0
2.04008 1.92133 0
2.04497 1.9141 0
2.04985 1.90741 0
2.05474 1.9015 0
2.05963 1.89659 0
2.06452 1.89306 0
2.0694 1.89124 0
2.07429 1.89104 0
2.07918 1.89193 0
2.08407 1.89315 0
2.08895 1.89395 0
2.09384 1.89358 0
2.09873 1.89139 0
2.10362 1.88706 0
2.1085 1.88098 0
2.11339 1.87428 0
2.11828 1.86855 0
2.12317 1.86545 0
2.12805 1.86606 0
2.13294 1.87036 0
2.13783 1.877 0
2.14272 1.88373 0
2.1476 1.88822 0
2.15249 1.8888 0
2.15738 1.88498 0
2.16227 1.87753 0
2.16716 1.86801 0
2.17204 1.85809 0
2.17693 1.84905 0
2.18182 1.84152 0
2.18671 1.83556 0
2.19159 1.83073 0
2.19648 1.82635 0
2.20137 1.82163 0
2.20626 1.8158 0
2.21114 1.80845 0
2.21603 1.79992 0
2.22092 1.7915 0
2.22581 1.78517 0
2.23069 1.78283 0
2.23558 1.78538 0
2.24047 1.79221 0
2.24536 1.80136 0
2.25024 1.81022 0
2.25513 1.8166 0
2.26002 1.81948 0
2.26491 1.81932 0
2.26979 1.81755 0
2.27468 1.81574 0
2.27957 1.81472 0
2.28446 1.81411 0
2.28935 1.81271 0
2.29423 1.80933 0
2.29912 1.80345 0
2.30401 1.79523 0
2.3089 1.7852 0
2.31378 1.774 0
2.31867 1.76218 0
2.32356 1.75015 0
2.32845 1.73833 0
2.33333 1.7275 0
2.33822 1.71871 0
2.34311 1.71293 0
2.348 1.71055 0
2.35288 1.71164 0
2.35777 1.7164 0
2.36266 1.7253 0
2.36755 1.73848 0
2.37243 1.75518 0
2.37732 1.77372 0
2.38221 1.79227 0
2.3871 1.80962 0
2.39198 1.82542 0
2.39687 1.83993 0
2.40176 1.85365 0
2.40665 1.86708 0
2.41153 1.88053 0
2.41642 1.89403 0
2.42131 1.90734 0
2.4262 1.92014 0
2.43109 1.93234 0
2.43597 1.94397 0
2.44086 1.95496 0
2.44575 1.96502 0
2.45064 1.97394 0
2.45552 1.98195 0
2.46041 1.98969 0
2.4653 1.99786 0
2.47019 2.00691 0
2.47507 2.01723 0
2.47996 2.02926 0
2.48485 2.04332 0
2.48974 2.05933 0
2.49462 2.0768 0
2.49951 2.09527 0
2.5044 2.11458 0
2.50929 2.13492 0
2.51417 2.15682 0
2.51906 2.18092 0
2.52395 2.20756 0
2.52884 2.23638 0
2.53372 2.26647 0
2.53861 2.29682 0
2.5435 2.32681 0
2.54839 2.35625 0
2.55327 2.38527 0
2.55816 2.41414 0
2.56305 2.44304 0
2.56794 2.472 0
2.57282 2.50093 0
2.57771 2.52981 0
2.5826 2.5588 0
2.58749 2.58811 0
2.59238 2.61777 0
2.59726 2.64771 0
2.60215 2.67806 0
2.60704 2.70954 0
2.61193 2.74332 0
2.61681 2.78078 0
2.6217 2.82286 0
2.62659 2.86966 0
2.63148 2.92035 0
2.63636 2.97362 0
2.64125 3.02844 0
2.64614 3.08445 0
2.65103 3.1417 0
2.65591 3.19989 0
2.6608 3.25784 0
2.66569 3.31362 0
2.67058 3.36497 0
2.67546 3.40973 0
2.68035 3.44593 0
2.68524 3.47147 0
2.69013 3.48375 0
2.69501 3.47936 0
2.6999 3.45364 0
2.70479 3.40049 0
2.70968 3.31237 0
2.71457 3.18105 0
2.71945 2.999 0
2.72434 2.76119 0
2.72923 2.46708 0
2.73412 2.12213 0
2.739 1.73829 0
2.74389 1.33316 0
2.74878 0.927306 0
2.75367 0.540666 0
2.75855 0.189216 0
2.76344 -0.117043 0
2.76833 -0.374459 0
2.77322 -0.584708 0
2.7781 -0.752799 0
2.78299 -0.884914 0
2.78788 -0.986935 0
2.79277 -1.06394 0
2.79765 -1.12045 0
2.80254 -1.16094 0
2.80743 -1.19003 0
2.81232 -1.21221 0
2.8172 -1.23111 0
2.82209 -1.24908 0
2.82698 -1.26726 0
2.83187 -1.2862 0
2.83675 -1.30627 0
2.84164 -1.3278 0
2.84653 -1.35077 0
2.85142 -1.37458 0
2.8563 -1.39816 0
2.86119 -1.42035 0
2.86608 -1.44055 0
2.87097 -1.45906 0
2.87586 -1.47688 0
2.88074 -1.49511 0
2.88563 -1.51429 0
2.89052 -1.53418 0
2.89541 -1.55405 0
2.90029 -1.57303 0
2.90518 -1.59053 0
2.91007 -1.60656 0
2.91496 -1.62202 0
2.91984 -1.63853 0
2.92473 -1.65797 0
2.92962 -1.68163 0
2.93451 -1.70953 0
2.93939 -1.74051 0
2.94428 -1.7729 0
2.94917 -1.80543 0
2.95406 -1.83771 0
2.95894 -1.87006 0
2.96383 -1.903 0
2.96872 -1.93676 0
2.97361 -1.97124 0
2.97849 -2.00629 0
2.98338 -2.04207 0
2.98827 -2.07897 0
2.99316 -2.11747 0
2.99804 -2.15803 0
3.00293 -2.20115 0
3.00782 -2.24735 0
3.01271 -2.29706 0
3.0176 -2.35055 0
3.02248 -2.40787 0
3.02737 -2.46862 0
3.03226 -2.53133 0
3.03715 -2.59255 0
3.04203 -2.64566 0
3.04692 -2.6801 0
3.05181 -2.68165 0
3.0567 -2.63446 0
3.06158 -2.52471 0
3.06647 -2.34539 0
3.07136 -2.10107 0
3.07625 -1.81077 0
3.08113 -1.50673 0
3.08602 -1.22709 0
3.09091 -1.00361 0
3.0958 -0.8511 0
3.10068 -0.76589 0
3.10557 -0.733057 0
3.11046 -0.735303 0
3.11535 -0.758241 0
3.12023 -0.791698 0
3.12512 -0.828953 0
3.13001 -0.865564 0
3.1349 -0.89859 0
3.13978 -0.926295 0
3.14467 -0.947971 0
3.14956 -0.963645 0
3.15445 -0.973722 0
3.15934 -0.978697 0
3.16422 -0.978895 0
3.16911 -0.974319 0
3.174 -0.964795 0
3.17889 -0.950252 0
3.18377 -0.93076 0
3.18866 -0.906233 0
3.19355 -0.876149 0
3.19844 -0.839619 0
3.20332 -0.795871 0
3.20821 -0.744788 0
3.2131 -0.687 0
3.21799 -0.623437 0
3.22287 -0.55492 0
3.22776 -0.482312 0
3.23265 -0.40702 0
3.23754 -0.331451 0
3.24242 -0.258968 0
3.24731 -0.193281 0
3.2522 -0.137483 0
3.25709 -0.0931503 0
3.26197 -0.0600346 0
3.26686 -0.0365319 0
3.27175 -0.0204983 0
3.27664 -0.00988207 0
3.28153 -0.00301084 0
3.28641 0.00135892 0
3.2913 0.00409715 0
3.29619 0.00578792 0
3.30108 0.00681303 0
3.30596 0.00741748 0
3.31085 0.00775704 0
3.31574 0.00792959 0
3.32063 0.00799746 0
3.32551 0.0079991 0
3.3304 0.00795904 0
3.33529 0.00789274 0
3.34018 0.00781008 0
3.34506 0.0077169 0
3.34995 0.00761777 0
3.35484 0.00751495 0
3.35973 0.00741018 0
3.36461 0.00730452 0
3.3695 0.00719898 0
3.37439 0.00709365 0
3.37928 0.00698894 0
3.38416 0.0068851 0
3.38905 0.00678211 0
3.39394 0.00668019 0
3.39883 0.00657947 0
3.40371 0.00647991 0
3.4086 0.00638153 0
3.41349 0.00628439 0
3.41838 0.00618846 0
3.42326 0.00609371 0
3.42815 0.00600017 0
3.43304 0.0059078 0
3.43793 0.00581663 0
3.44282 0.00572666 0
3.4477 0.00563787 0
3.45259 0.00555028 0
3.45748 0.00546386 0
3.46237 0.00537862 0
3.46725 0.00529453 0
3.47214 0.00521158 0
3.47703 0.00512971 0
3.48192 0.00504889 0
3.4868 0.00496906 0
3.49169 0.00489016 0
3.49658 0.00481212 0
3.50147 0.00473491 0
3.50635 0.00465851 0
3.51124 0.0045829 0
3.51613 0.00450809 0
3.52102 0.00443409 0
3.5259 0.00436087 0
3.53079 0.00428842 0
3.53568 0.00421674 0
3.54057 0.00414581 0
3.54545 0.00407565 0
3.55034 0.00400625 0
3.55523 0.00393761 0
3.56012 0.00386969 0
3.56501 0.00380244 0
3.56989 0.00373586 0
3.57478 0.00366991 0
3.57967 0.00360461 0
3.58456 0.00353996 0
3.58944 0.00347596 0
3.59433 0.0034126 0
3.59922 0.00334988 0
3.60411 0.00328777 0
3.60899 0.00322626 0
3.61388 0.00316534 0
3.61877 0.00310499 0
3.62366 0.0030452 0
3.62854 0.00298594 0
3.63343 0.00292718 0
3.63832 0.00286887 0
3.64321 0.00281097 0
3.64809 0.00275346 0
3.65298 0.0026963 0
3.65787 0.00263946 0
3.66276 0.00258293 0
3.66764 0.00252665 0
3.67253 0.00247057 0
3.67742 0.00241469 0
3.68231 0.00235897 0
3.68719 0.00230345 0
3.69208 0.00224815 0
3.69697 0.00219311 0
3.70186 0.00213836 0
3.70674 0.00208389 0
3.71163 0.00202971 0
3.71652 0.0019758 0
3.72141 0.00192217 0
3.7263 0.00186883 0
3.73118 0.00181581 0
3.73607 0.00176311 0
3.74096 0.00171071 0
3.74585 0.00165856 0
3.75073 0.00160662 0
3.75562 0.0015548 0
3.76051 0.00150299 0
3.7654 0.00145115 0
3.77028 0.00139925 0
3.77517 0.00134734 0
3.78006 0.00129546 0
3.78495 0.00124367 0
3.78983 0.001192 0
3.79472 0.00114043 0
3.79961 0.00108892 0
3.8045 0.00103741 0
3.80938 0.000985881 0
3.81427 0.000934307 0
3.81916 0.000882705 0
3.82405 0.000831098 0
3.82893 0.000779511 0
3.83382 0.000727966 0
3.83871 0.00067649 0
3.8436 0.000625112 0
3.84848 0.000573845 0
3.85337 0.000522681 0
3.85826 0.000471548 0
3.86315 0.000420336 0
3.86804 0.000368901 0
3.87292 0.000317086 0
3.87781 0.000264705 0
3.8827 0.000211556 0
3.88759 0.000157438 0
3.89247 0.000102683 0
3.89736 4.61392e-05 0
3.90225 -1.17885e-05 0
3.90714 -7.11697e-05 0
3.91202 -0.000131538 0
3.91691 -0.000193932 0
3.9218 -0.000257373 0
3.92669 -0.000321934 0
3.93157 -0.000387726 0
3.93646 -0.000454348 0
3.94135 -0.000521327 0
3.94624 -0.000588046 0
3.95112 -0.000652643 0
3.95601 -0.000713372 0
3.9609 -0.000767796 0
3.96579 -0.00081252 0
3.97067 -0.000846391 0
3.97556 -0.000868321 0
3.98045 -0.000880511 0
3.98534 -0.000886009 0
3.99022 -0.000887846 0
3.99511 -0.000888206 0
4 -0.000888216 0
