-1 3.28119e-05 0
-0.995112 5.19909e-05 0
-0.990225 8.11082e-05 0
-0.985337 0.00012375 0
-0.98045 0.000183268 0
-0.975562 0.000261594 0
-0.970675 0.00035825 0
-0.965787 0.000470307 0
-0.960899 0.000593424 0
-0.956012 0.000723159 0
-0.951124 0.000855866 0
-0.946237 0.000989016 0
-0.941349 0.00112112 0
-0.936461 0.00125143 0
-0.931574 0.00137969 0
-0.926686 0.0015058 0
-0.921799 0.00162979 0
-0.916911 0.00175172 0
-0.912023 0.0018717 0
-0.907136 0.00198993 0
-0.902248 0.00210668 0
-0.897361 0.00222223 0
-0.892473 0.00233685 0
-0.887586 0.00245074 0
-0.882698 0.00256403 0
-0.87781 0.00267681 0
-0.872923 0.00278914 0
-0.868035 0.0029011 0
-0.863148 0.00301275 0
-0.85826 0.00312417 0
-0.853372 0.00323543 0
-0.848485 0.00334664 0
-0.843597 0.00345794 0
-0.83871 0.00356949 0
-0.833822 0.00368145 0
-0.828935 0.00379397 0
-0.824047 0.00390714 0
-0.819159 0.00402102 0
-0.814272 0.00413562 0
-0.809384 0.00425094 0
-0.804497 0.00436696 0
-0.799609 0.00448369 0
-0.794721 0.00460117 0
-0.789834 0.00471947 0
-0.784946 0.00483868 0
-0.780059 0.0049589 0
-0.775171 0.00508018 0
-0.770283 0.00520256 0
-0.765396 0.00532605 0
-0.760508 0.00545067 0
-0.755621 0.00557642 0
-0.750733 0.00570332 0
-0.745845 0.00583141 0
-0.740958 0.00596074 0
-0.73607 0.00609137 0
-0.731183 0.00622337 0
-0.726295 0.00635682 0
-0.721408 0.00649182 0
-0.71652 0.00662849 0
-0.711632 0.00676694 0
-0.706745 0.00690728 0
-0.701857 0.00704958 0
-0.69697 0.00719392 0
-0.692082 0.00734034 0
-0.687195 0.00748893 0
-0.682307 0.00763976 0
-0.677419 0.00779296 0
-0.672532 0.00794868 0
-0.667644 0.00810712 0
-0.662757 0.00826847 0
-0.657869 0.00843289 0
-0.652981 0.00860052 0
-0.648094 0.00877143 0
-0.643206 0.00894568 0
-0.638319 0.00912336 0
-0.633431 0.00930452 0
-0.628544 0.0094893 0
-0.623656 0.00967783 0
-0.618768 0.00987028 0
-0.613881 0.0100668 0
-0.608993 0.0102677 0
-0.604106 0.0104731 0
-0.599218 0.0106833 0
-0.59433 0.0108984 0
-0.589443 0.0111188 0
-0.584555 0.0113446 0
-0.579668 0.0115759 0
-0.57478 0.0118132 0
-0.569892 0.0120565 0
-0.565005 0.0123062 0
-0.560117 0.0125627 0
-0.55523 0.0128262 0
-0.550342 0.0130973 0
-0.545455 0.0133763 0
-0.540567 0.0136637 0
-0.535679 0.0139599 0
-0.530792 0.0142653 0
-0.525904 0.0145805 0
-0.521017 0.014906 0
-0.516129 0.0152422 0
-0.511241 0.0155898 0
-0.506354 0.0159495 0
-0.501466 0.016322 0
-0.496579 0.0167084 0
-0.491691 0.0171094 0
-0.486804 0.0175261 0
-0.481916 0.0179597 0
-0.477028 0.0184113 0
-0.472141 0.0188819 0
-0.467253 0.0193725 0
-0.462366 0.0198841 0
-0.457478 0.0204172 0
-0.45259 0.0209718 0
-0.447703 0.0215461 0
-0.442815 0.0221364 0
-0.437928 0.022735 0
-0.43304 0.0233279 0
-0.428152 0.023892 0
-0.423265 0.0243925 0
-0.418377 0.0247834 0
-0.41349 0.025018 0
-0.408602 0.0250703 0
-0.403715 0.0249578 0
-0.398827 0.0247466 0
-0.393939 0.024538 0
-0.389052 0.024444 0
-0.384164 0.0245643 0
-0.379277 0.0249818 0
-0.374389 0.0257812 0
-0.369501 0.0270676 0
-0.364614 0.0289883 0
-0.359726 0.0317945 0
-0.354839 0.0359603 0
-0.349951 0.0423259 0
-0.345064 0.0521984 0
-0.340176 0.0673183 0
-0.335288 0.0896138 0
-0.330401 0.120728 0
-0.325513 0.161404 0
-0.320626 0.210939 0
-0.315738 0.26704 0
-0.310851 0.326256 0
-0.305963 0.38494 0
-0.301075 0.440214 0
-0.296188 0.490473 0
-0.2913 0.535307 0
-0.286413 0.57512 0
-0.281525 0.610662 0
-0.276637 0.642618 0
-0.27175 0.671409 0
-0.266862 0.6972 0
-0.261975 0.719949 0
-0.257087 0.739487 0
-0.252199 0.755707 0
-0.247312 0.768825 0
-0.242424 0.779462 0
-0.237537 0.788574 0
-0.232649 0.797218 0
-0.227761 0.806165 0
-0.222874 0.815596 0
-0.217986 0.825196 0
-0.213099 0.83465 0
-0.208211 0.844121 0
-0.203324 0.85436 0
-0.198436 0.866366 0
-0.193548 0.880923 0
-0.188661 0.89825 0
-0.183773 0.91782 0
-0.178886 0.938347 0
-0.173998 0.958049 0
-0.16911 0.975156 0
-0.164223 0.988471 0
-0.159335 0.997753 0
-0.154448 1.00373 0
-0.14956 1.00776 0
-0.144672 1.01138 0
-0.139785 1.01601 0
-0.134897 1.02284 0
-0.13001 1.03275 0
-0.125122 1.04623 0
-0.120235 1.06321 0
-0.115347 1.08326 0
-0.110459 1.10592 0
-0.105572 1.131 0
-0.100684 1.15847 0
-0.0957966 1.18822 0
-0.0909091 1.21989 0
-0.0860215 1.25296 0
-0.0811339 1.28682 0
-0.0762463 1.32088 0
-0.0713587 1.35461 0
-0.0664712 1.38757 0
-0.0615836 1.41954 0
-0.056696 1.45054 0
-0.0518084 1.48078 0
-0.0469208 1.51063 0
-0.0420333 1.54056 0
-0.0371457 1.57084 0
-0.0322581 1.60137 0
-0.0273705 1.63168 0
-0.0224829 1.66128 0
-0.0175954 1.68982 0
-0.0127078 1.71718 0
-0.00782019 1.74332 0
-0.00293261 1.76823 0
0.00195497 1.79186 0
0.00684255 1.81412 0
0.0117301 1.83488 0
0.0166177 1.85393 0
0.0215053 1.87102 0
0.0263929 1.88594 0
0.0312805 1.89862 0
0.036168 1.90915 0
0.0410556 1.9178 0
0.0459432 1.92493 0
0.0508308 1.9309 0
0.0557185 1.93601 0
0.0606061 1.94049 0
0.0654937 1.94448 0
0.0703813 1.94805 0
0.0752688 1.95119 0
0.0801564 1.95386 0
0.085044 1.95601 0
0.0899316 1.95763 0
0.0948192 1.95882 0
0.0997067 1.95975 0
0.104594 1.96064 0
0.109482 1.96168 0
0.114369 1.96296 0
0.119257 1.96455 0
0.124145 1.96651 0
0.129032 1.96888 0
0.13392 1.97168 0
0.138808 1.97486 0
0.143695 1.9783 0
0.148583 1.98186 0
0.15347 1.98539 0
0.158358 1.9888 0
0.163245 1.99207 0
0.168133 1.99526 0
0.173021 1.99854 0
0.177908 2.00207 0
0.182796 2.00602 0
0.187683 2.01049 0
0.192571 2.01554 0
0.197459 2.02119 0
0.202346 2.02743 0
0.207234 2.03424 0
0.212121 2.04164 0
0.217009 2.04962 0
0.221896 2.05819 0
0.226784 2.06734 0
0.231672 2.07707 0
0.236559 2.08733 0
0.241447 2.09807 0
0.246334 2.10917 0
0.251222 2.12043 0
0.256109 2.13155 0
0.260997 2.1421 0
0.265885 2.15153 0
0.270772 2.15915 0
0.27566 2.16431 0
0.280547 2.16667 0
0.285435 2.16644 0
0.290323 2.16422 0
0.29521 2.16075 0
0.300098 2.15661 0
0.304985 2.15227 0
0.309873 2.14814 0
0.31476 2.14453 0
0.319648 2.14165 0
0.324536 2.13959 0
0.329423 2.13833 0
0.334311 2.13776 0
0.339198 2.13771 0
0.344086 2.13798 0
0.348974 2.13838 0
0.353861 2.13873 0
0.358749 2.13889 0
0.363636 2.13883 0
0.368524 2.13859 0
0.373412 2.13831 0
0.378299 2.13808 0
0.383187 2.138 0
0.388074 2.13808 0
0.392962 2.13827 0
0.397849 2.13848 0
0.402737 2.1386 0
0.407625 2.1386 0
0.412512 2.1385 0
0.4174 2.13834 0
0.422287 2.13817 0
0.427175 2.138 0
0.432063 2.13784 0
0.43695 2.13767 0
0.441838 2.1375 0
0.446725 2.13729 0
0.451613 2.13702 0
0.4565 2.13665 0
0.461388 2.13617 0
0.466276 2.13562 0
0.471163 2.13502 0
0.476051 2.13442 0
0.480938 2.13385 0
0.485826 2.13331 0
0.490714 2.13279 0
0.495601 2.1323 0
0.500489 2.13181 0
0.505376 2.13133 0
0.510264 2.13086 0
0.515152 2.1304 0
0.520039 2.12996 0
0.524927 2.12953 0
0.529814 2.12912 0
0.534702 2.12871 0
0.539589 2.12831 0
0.544477 2.1279 0
0.549365 2.1275 0
0.554252 2.12709 0
0.55914 2.12668 0
0.564027 2.12626 0
0.568915 2.12585 0
0.573803 2.12544 0
0.57869 2.12503 0
0.583578 2.12461 0
0.588465 2.1242 0
0.593353 2.12379 0
0.59824 2.12338 0
0.603128 2.12297 0
0.608016 2.12256 0
0.612903 2.12215 0
0.617791 2.12173 0
0.622678 2.12132 0
0.627566 2.1209 0
0.632454 2.12048 0
0.637341 2.12005 0
0.642229 2.11962 0
0.647116 2.11919 0
0.652004 2.11875 0
0.656892 2.11831 0
0.661779 2.11786 0
0.666667 2.11741 0
0.671554 2.11695 0
0.676442 2.11648 0
0.681329 2.116 0
0.686217 2.11552 0
0.691105 2.11502 0
0.695992 2.11452 0
0.70088 2.114 0
0.705767 2.11347 0
0.710655 2.11293 0
0.715543 2.11237 0
0.72043 2.1118 0
0.725318 2.11121 0
0.730205 2.1106 0
0.735093 2.10997 0
0.73998 2.10932 0
0.744868 2.10865 0
0.749756 2.10795 0
0.754643 2.10722 0
0.759531 2.10646 0
0.764418 2.10566 0
0.769306 2.10483 0
0.774194 2.10396 0
0.779081 2.10306 0
0.783969 2.1021 0
0.788856 2.10111 0
0.793744 2.10007 0
0.798632 2.09899 0
0.803519 2.09788 0
0.808407 2.09675 0
0.813294 2.09561 0
0.818182 2.0945 0
0.823069 2.09343 0
0.827957 2.09237 0
0.832845 2.09129 0
0.837732 2.09014 0
0.84262 2.0889 0
0.847507 2.08758 0
0.852395 2.08623 0
0.857283 2.08488 0
0.86217 2.08347 0
0.867058 2.08196 0
0.871945 2.08027 0
0.876833 2.0784 0
0.88172 2.07644 0
0.886608 2.0745 0
0.891496 2.07268 0
0.896383 2.07109 0
0.901271 2.06982 0
0.906158 2.06893 0
0.911046 2.06854 0
0.915933 2.06881 0
0.920821 2.06996 0
0.925709 2.07225 0
0.930596 2.07593 0
0.935484 2.08114 0
0.940371 2.08778 0
0.945259 2.09532 0
0.950147 2.10288 0
0.955034 2.10962 0
0.959922 2.11503 0
0.964809 2.11901 0
0.969697 2.12168 0
0.974585 2.12325 0
0.979472 2.12397 0
0.98436 2.12408 0
0.989247 2.12377 0
0.994135 2.12319 0
0.999022 2.12243 0
1.00391 2.12161 0
1.0088 2.12083 0
1.01369 2.12018 0
1.01857 2.11966 0
1.02346 2.11918 0
1.02835 2.1186 0
1.03324 2.11785 0
1.03812 2.11688 0
1.04301 2.11573 0
1.0479 2.11445 0
1.05279 2.11309 0
1.05767 2.11168 0
1.06256 2.11026 0
1.06745 2.10885 0
1.07234 2.10745 0
1.07722 2.10609 0
1.08211 2.10477 0
1.087 2.10352 0
1.09189 2.10236 0
1.09677 2.10132 0
1.10166 2.10041 0
1.10655 2.09963 0
1.11144 2.09897 0
1.11632 2.0984 0
1.12121 2.09787 0
1.1261 2.09739 0
1.13099 2.09699 0
1.13587 2.09677 0
1.14076 2.09693 0
1.14565 2.09779 0
1.15054 2.09973 0
1.15543 2.10308 0
1.16031 2.10801 0
1.1652 2.11453 0
1.17009 2.12261 0
1.17498 2.13216 0
1.17986 2.14306 0
1.18475 2.15504 0
1.18964 2.16763 0
1.19453 2.18031 0
1.19941 2.19269 0
1.2043 2.20462 0
1.20919 2.21618 0
1.21408 2.22763 0
1.21896 2.23928 0
1.22385 2.25136 0
1.22874 2.26393 0
1.23363 2.27696 0
1.23851 2.29046 0
1.2434 2.30453 0
1.24829 2.31927 0
1.25318 2.33461 0
1.25806 2.35033 0
1.26295 2.3662 0
1.26784 2.382 0
1.27273 2.39755 0
1.27761 2.41268 0
1.2825 2.42725 0
1.28739 2.44129 0
1.29228 2.45497 0
1.29717 2.46846 0
1.30205 2.48174 0
1.30694 2.49462 0
1.31183 2.50685 0
1.31672 2.51813 0
1.3216 2.52812 0
1.32649 2.53642 0
1.33138 2.54262 0
1.33627 2.54642 0
1.34115 2.54762 0
1.34604 2.54631 0
1.35093 2.54271 0
1.35582 2.53699 0
1.3607 2.52906 0
1.36559 2.51852 0
1.37048 2.50462 0
1.37537 2.48626 0
1.38025 2.46224 0
1.38514 2.43168 0
1.39003 2.39464 0
1.39492 2.35235 0
1.3998 2.3072 0
1.40469 2.26239 0
1.40958 2.2214 0
1.41447 2.18735 0
1.41935 2.16235 0
1.42424 2.14687 0
1.42913 2.13986 0
1.43402 2.13937 0
1.43891 2.14351 0
1.44379 2.15086 0
1.44868 2.16057 0
1.45357 2.17209 0
1.45846 2.18505 0
1.46334 2.19899 0
1.46823 2.21313 0
1.47312 2.22634 0
1.47801 2.23727 0
1.48289 2.24457 0
1.48778 2.24726 0
1.49267 2.24519 0
1.49756 2.23913 0
1.50244 2.23037 0
1.50733 2.2201 0
1.51222 2.20921 0
1.51711 2.19858 0
1.52199 2.18941 0
1.52688 2.18306 0
1.53177 2.1804 0
1.53666 2.1814 0
1.54154 2.18523 0
1.54643 2.19061 0
1.55132 2.19626 0
1.55621 2.20119 0
1.56109 2.20492 0
1.56598 2.20752 0
1.57087 2.20969 0
1.57576 2.21259 0
1.58065 2.21739 0
1.58553 2.2246 0
1.59042 2.23373 0
1.59531 2.24366 0
1.6002 2.25345 0
1.60508 2.26283 0
1.60997 2.27197 0
1.61486 2.28098 0
1.61975 2.28946 0
1.62463 2.29666 0
1.62952 2.30173 0
1.63441 2.30409 0
1.6393 2.30359 0
1.64418 2.30058 0
1.64907 2.29581 0
1.65396 2.29028 0
1.65885 2.28509 0
1.66373 2.28108 0
1.66862 2.2783 0
1.67351 2.27586 0
1.6784 2.27261 0
1.68328 2.26809 0
1.68817 2.26291 0
1.69306 2.25842 0
1.69795 2.25592 0
1.70283 2.25617 0
1.70772 2.2593 0
1.71261 2.26497 0
1.7175 2.27253 0
1.72239 2.28106 0
1.72727 2.28943 0
1.73216 2.29658 0
1.73705 2.30189 0
1.74194 2.30541 0
1.74682 2.30768 0
1.75171 2.3093 0
1.7566 2.3106 0
1.76149 2.31166 0
1.76637 2.31241 0
1.77126 2.31275 0
1.77615 2.31261 0
1.78104 2.31201 0
1.78592 2.31114 0
1.79081 2.31035 0
1.7957 2.31004 0
1.80059 2.3106 0
1.80547 2.31229 0
1.81036 2.31524 0
1.81525 2.31954 0
1.82014 2.3253 0
1.82502 2.3327 0
1.82991 2.34176 0
1.8348 2.35198 0
1.83969 2.36212 0
1.84457 2.37051 0
1.84946 2.37575 0
1.85435 2.3771 0
1.85924 2.37438 0
1.86413 2.36798 0
1.86901 2.35912 0
1.8739 2.34993 0
1.87879 2.34264 0
1.88368 2.33839 0
1.88856 2.33665 0
1.89345 2.33583 0
1.89834 2.33463 0
1.90323 2.33276 0
1.90811 2.33059 0
1.913 2.32834 0
1.91789 2.32561 0
1.92278 2.32179 0
1.92766 2.31664 0
1.93255 2.31055 0
1.93744 2.30428 0
1.94233 2.29871 0
1.94721 2.29457 0
1.9521 2.29211 0
1.95699 2.29087 0
1.96188 2.28993 0
1.96676 2.2887 0
1.97165 2.28761 0
1.97654 2.28803 0
1.98143 2.29134 0
1.98631 2.29791 0
1.9912 2.30709 0
1.99609 2.31776 0
2.00098 2.32896 0
2.00587 2.34011 0
2.01075 2.35092 0
2.01564 2.36117 0
2.02053 2.37051 0
2.02542 2.3785 0
2.0303 2.38492 0
2.03519 2.38982 0
2.04008 2.39333 0
2.04497 2.39525 0
2.04985 2.39494 0
2.05474 2.39178 0
2.05963 2.38604 0
2.06452 2.3793 0
2.0694 2.37383 0
2.07429 2.3714 0
2.07918 2.37249 0
2.08407 2.37642 0
2.08895 2.38211 0
2.09384 2.38884 0
2.09873 2.39657 0
2.10362 2.40551 0
2.1085 2.41536 0
2.11339 2.42511 0
2.11828 2.43342 0
2.12317 2.43953 0
2.12805 2.44359 0
2.13294 2.44626 0
2.13783 2.44829 0
2.14272 2.45013 0
2.1476 2.4519 0
2.15249 2.45324 0
2.15738 2.45337 0
2.16227 2.45142 0
2.16716 2.44705 0
2.17204 2.44085 0
2.17693 2.43408 0
2.18182 2.42807 0
2.18671 2.4237 0
2.19159 2.42116 0
2.19648 2.42011 0
2.20137 2.42 0
2.20626 2.42038 0
2.21114 2.42104 0
2.21603 2.42189 0
2.22092 2.42302 0
2.22581 2.42482 0
2.23069 2.42782 0
2.23558 2.43232 0
2.24047 2.43802 0
2.24536 2.44401 0
2.25024 2.44923 0
2.25513 2.45296 0
2.26002 2.45518 0
2.26491 2.45646 0
2.26979 2.45737 0
2.27468 2.4579 0
2.27957 2.45728 0
2.28446 2.45436 0
2.28935 2.44841 0
2.29423 2.43986 0
2.29912 2.43038 0
2.30401 2.42203 0
2.3089 2.41617 0
2.31378 2.41278 0
2.31867 2.41091 0
2.32356 2.4099 0
2.32845 2.41013 0
2.33333 2.4126 0
2.33822 2.41787 0
2.34311 2.42551 0
2.348 2.43437 0
2.35288 2.4432 0
2.35777 2.45119 0
2.36266 2.45794 0
2.36755 2.46329 0
2.37243 2.46708 0
2.37732 2.46894 0
2.38221 2.46823 0
2.3871 2.46435 0
2.39198 2.45729 0
2.39687 2.44789 0
2.40176 2.43745 0
2.40665 2.42687 0
2.41153 2.41613 0
2.41642 2.40443 0
2.42131 2.39065 0
2.4262 2.37386 0
2.43109 2.35333 0
2.43597 2.32849 0
2.44086 2.29904 0
2.44575 2.26505 0
2.45064 2.22696 0
2.45552 2.18527 0
2.46041 2.14031 0
2.4653 2.09232 0
2.47019 2.04186 0
2.47507 1.98988 0
2.47996 1.93724 0
2.48485 1.88386 0
2.48974 1.8283 0
2.49462 1.76826 0
2.49951 1.7015 0
2.5044 1.62663 0
2.50929 1.54343 0
2.51417 1.45263 0
2.51906 1.35578 0
2.52395 1.25541 0
2.52884 1.15525 0
2.53372 1.0597 0
2.53861 0.972491 0
2.5435 0.895396 0
2.54839 0.827813 0
2.55327 0.767665 0
2.55816 0.712871 0
2.56305 0.662251 0
2.56794 0.61547 0
2.57282 0.572458 0
2.57771 0.532876 0
2.5826 0.495789 0
2.58749 0.45963 0
2.59238 0.422489 0
2.59726 0.382603 0
2.60215 0.338824 0
2.60704 0.290911 0
2.61193 0.239695 0
2.61681 0.186967 0
2.6217 0.134912 0
2.62659 0.0851692 0
2.63148 0.0381131 0
2.63636 -0.00707059 0
2.64125 -0.0515906 0
2.64614 -0.0963277 0
2.65103 -0.141755 0
2.65591 -0.188117 0
2.6608 -0.235317 0
2.66569 -0.282713 0
2.67058 -0.329272 0
2.67546 -0.374013 0
2.68035 -0.41639 0
2.68524 -0.456498 0
2.69013 -0.495152 0
2.69501 -0.533735 0
2.6999 -0.573711 0
2.70479 -0.615975 0
2.70968 -0.660548 0
2.71457 -0.706813 0
2.71945 -0.753903 0
2.72434 -0.800775 0
2.72923 -0.846191 0
2.73412 -0.889033 0
2.739 -0.928814 0
2.74389 -0.965823 0
2.74878 -1.00084 0
2.75367 -1.03475 0
2.75855 -1.06827 0
2.76344 -1.10155 0
2.76833 -1.13404 0
2.77322 -1.16483 0
2.7781 -1.19324 0
2.78299 -1.21932 0
2.78788 -1.24389 0
2.79277 -1.26827 0
2.79765 -1.29378 0
2.80254 -1.32122 0
2.80743 -1.35085 0
2.81232 -1.3827 0
2.8172 -1.41701 0
2.82209 -1.45455 0
2.82698 -1.49646 0
2.83187 -1.54386 0
2.83675 -1.59724 0
2.84164 -1.6559 0
2.84653 -1.71771 0
2.85142 -1.77937 0
2.8563 -1.83709 0
2.86119 -1.88738 0
2.86608 -1.9277 0
2.87097 -1.95714 0
2.87586 -1.97648 0
2.88074 -1.98748 0
2.88563 -1.99194 0
2.89052 -1.99146 0
2.89541 -1.98762 0
2.90029 -1.98194 0
2.90518 -1.97555 0
2.91007 -1.96913 0
2.91496 -1.96325 0
2.91984 -1.95861 0
2.92473 -1.95592 0
2.92962 -1.95546 0
2.93451 -1.95691 0
2.93939 -1.95957 0
2.94428 -1.96268 0
2.94917 -1.96573 0
2.95406 -1.96857 0
2.95894 -1.97131 0
2.96383 -1.97423 0
2.96872 -1.9776 0
2.97361 -1.98146 0
2.97849 -1.98537 0
2.98338 -1.98855 0
2.98827 -1.99034 0
2.99316 -1.99067 0
2.99804 -1.99023 0
3.00293 -1.99025 0
3.00782 -1.99199 0
3.01271 -1.99616 0
3.0176 -2.00242 0
3.02248 -2.00962 0
3.02737 -2.0164 0
3.03226 -2.02189 0
3.03715 -2.02588 0
3.04203 -2.02856 0
3.04692 -2.03011 0
3.05181 -2.03066 0
3.0567 -2.0304 0
3.06158 -2.0296 0
3.06647 -2.02856 0
3.07136 -2.02747 0
3.07625 -2.02625 0
3.08113 -2.02458 0
3.08602 -2.02213 0
3.09091 -2.01894 0
3.0958 -2.01546 0
3.10068 -2.01231 0
3.10557 -2.00986 0
3.11046 -2.00822 0
3.11535 -2.00739 0
3.12023 -2.00734 0
3.12512 -2.00795 0
3.13001 -2.00889 0
3.1349 -2.0097 0
3.13978 -2.00989 0
3.14467 -2.00927 0
3.14956 -2.00793 0
3.15445 -2.00602 0
3.15934 -2.00348 0
3.16422 -2.00006 0
3.16911 -1.99556 0
3.174 -1.98977 0
3.17889 -1.98242 0
3.18377 -1.97321 0
3.18866 -1.96203 0
3.19355 -1.94909 0
3.19844 -1.93484 0
3.20332 -1.9198 0
3.20821 -1.90432 0
3.2131 -1.88834 0
3.21799 -1.87132 0
3.22287 -1.8524 0
3.22776 -1.8307 0
3.23265 -1.80538 0
3.23754 -1.77573 0
3.24242 -1.74121 0
3.24731 -1.70145 0
3.2522 -1.65611 0
3.25709 -1.60491 0
3.26197 -1.54745 0
3.26686 -1.48325 0
3.27175 -1.41175 0
3.27664 -1.3324 0
3.28153 -1.24479 0
3.28641 -1.14867 0
3.2913 -1.04411 0
3.29619 -0.931763 0
3.30108 -0.813212 0
3.30596 -0.691208 0
3.31085 -0.569678 0
3.31574 -0.453372 0
3.32063 -0.347174 0
3.32551 -0.255205 0
3.3304 -0.179954 0
3.33529 -0.121838 0
3.34018 -0.0793756 0
3.34506 -0.0498765 0
3.34995 -0.0302358 0
3.35484 -0.017581 0
3.35973 -0.00961491 0
3.36461 -0.00467811 0
3.3695 -0.00165378 0
3.37439 0.000181195 0
3.37928 0.00128124 0
3.38416 0.00193116 0
3.38905 0.00230521 0
3.39394 0.00251145 0
3.39883 0.00261605 0
3.40371 0.00265936 0
3.4086 0.00266612 0
3.41349 0.00265122 0
3.41838 0.00262343 0
3.42326 0.00258872 0
3.42815 0.00255012 0
3.43304 0.00250977 0
3.43793 0.00246872 0
3.44282 0.00242781 0
3.4477 0.00238735 0
3.45259 0.00234773 0
3.45748 0.0023086 0
3.46237 0.00227045 0
3.46725 0.00223291 0
3.47214 0.00219607 0
3.47703 0.00215996 0
3.48192 0.00212438 0
3.4868 0.00208932 0
3.49169 0.00205482 0
3.49658 0.00202078 0
3.50147 0.00198723 0
3.50635 0.00195417 0
3.51124 0.0019216 0
3.51613 0.00188951 0
3.52102 0.00185785 0
3.5259 0.00182661 0
3.53079 0.00179574 0
3.53568 0.00176522 0
3.54057 0.00173505 0
3.54545 0.00170523 0
3.55034 0.00167577 0
3.55523 0.00164669 0
3.56012 0.00161799 0
3.56501 0.00158964 0
3.56989 0.00156163 0
3.57478 0.00153395 0
3.57967 0.00150655 0
3.58456 0.00147943 0
3.58944 0.00145255 0
3.59433 0.0014259 0
3.59922 0.00139949 0
3.60411 0.00137329 0
3.60899 0.0013473 0
3.61388 0.00132149 0
3.61877 0.00129581 0
3.62366 0.00127023 0
3.62854 0.0012447 0
3.63343 0.00121919 0
3.63832 0.00119369 0
3.64321 0.0011682 0
3.64809 0.00114274 0
3.65298 0.00111733 0
3.65787 0.001092 0
3.66276 0.0010668 0
3.66764 0.00104177 0
3.67253 0.00101693 0
3.67742 0.000992283 0
3.68231 0.000967819 0
3.68719 0.0009435 0
3.69208 0.000919289 0
3.69697 0.000895169 0
3.70186 0.000871158 0
3.70674 0.000847297 0
3.71163 0.000823632 0
3.71652 0.000800204 0
3.72141 0.000777028 0
3.7263 0.000754096 0
3.73118 0.000731377 0
3.73607 0.000708811 0
3.74096 0.00068632 0
3.74585 0.000663812 0
3.75073 0.000641194 0
3.75562 0.000618394 0
3.76051 0.000595369 0
3.7654 0.000572097 0
3.77028 0.000548578 0
3.77517 0.000524829 0
3.78006 0.000500881 0
3.78495 0.000476778 0
3.78983 0.000452578 0
3.79472 0.000428334 0
3.79961 0.000404093 0
3.8045 0.000379894 0
3.80938 0.000355773 0
3.81427 0.000331765 0
3.81916 0.000307899 0
3.82405 0.000284187 0
3.82893 0.000260612 0
3.83382 0.000237131 0
3.83871 0.000213685 0
3.8436 0.000190195 0
3.84848 0.000166581 0
3.85337 0.000142772 0
3.85826 0.000118719 0
3.86315 9.44167e-05 0
3.86804 6.99042e-05 0
3.87292 4.52488e-05 0
3.87781 2.05091e-05 0
3.8827 -4.30643e-06 0
3.88759 -2.92603e-05 0
3.89247 -5.44712e-05 0
3.89736 -8.00636e-05 0
3.90225 -0.000105659 0
3.90714 -0.000132118 0
3.91202 -0.000158903 0
3.91691 -0.000185492 0
3.9218 -0.000212802 0
3.92669 -0.000239682 0
3.93157 -0.000267332 0
3.93646 -0.000295671 0
3.94135 -0.000324151 0
3.94624 -0.000353021 0
3.95112 -0.000381949 0
3.95601 -0.000409465 0
3.9609 -0.000434513 0
3.96579 -0.00045534 0
3.97067 -0.000470413 0
3.97556 -0.000480275 0
3.98045 -0.000485238 0
3.98534 -0.000486746 0
3.99022 -0.000486784 0
3.99511 -0.000486059 0
4 -0.000485759 0
