-1.5 -1.06219e-25 0
-1.49462 -1.81844e-25 0
-1.48925 -3.11306e-25 0
-1.48387 -5.32941e-25 0
-1.47849 -9.12362e-25 0
-1.47312 -1.56194e-24 0
-1.46774 -2.67395e-24 0
-1.46237 -4.57768e-24 0
-1.45699 -7.8367e-24 0
-1.45161 -1.34162e-23 0
-1.44624 -2.29678e-23 0
-1.44086 -3.93198e-23 0
-1.43548 -6.73131e-23 0
-1.43011 -1.15238e-22 0
-1.42473 -1.97281e-22 0
-1.41936 -3.37736e-22 0
-1.41398 -5.78182e-22 0
-1.4086 -9.89832e-22 0
-1.40323 -1.69453e-21 0
-1.39785 -2.90096e-21 0
-1.39247 -4.96627e-21 0
-1.3871 -8.50211e-21 0
-1.38172 -1.45551e-20 0
-1.37634 -2.49177e-20 0
-1.37097 -4.26576e-20 0
-1.36559 -7.30285e-20 0
-1.36022 -1.25021e-19 0
-1.35484 -2.1403e-19 0
-1.34946 -3.66406e-19 0
-1.34409 -6.27275e-19 0
-1.33871 -1.07386e-18 0
-1.33333 -1.8384e-18 0
-1.32796 -3.14722e-18 0
-1.32258 -5.38796e-18 0
-1.3172 -9.22387e-18 0
-1.31183 -1.57909e-17 0
-1.30645 -2.70329e-17 0
-1.30108 -4.62797e-17 0
-1.2957 -7.92281e-17 0
-1.29032 -1.35636e-16 0
-1.28495 -2.32202e-16 0
-1.27957 -3.97522e-16 0
-1.27419 -6.8053e-16 0
-1.26882 -1.16504e-15 0
-1.26344 -1.99448e-15 0
-1.25806 -3.41447e-15 0
-1.25269 -5.84538e-15 0
-1.24731 -1.00071e-14 0
-1.24194 -1.71315e-14 0
-1.23656 -2.93285e-14 0
-1.23118 -5.02087e-14 0
-1.22581 -8.59553e-14 0
-1.22043 -1.4715e-13 0
-1.21505 -2.51916e-13 0
-1.20968 -4.31265e-13 0
-1.2043 -7.38309e-13 0
-1.19892 -1.26402e-12 0
-1.19355 -2.16394e-12 0
-1.18817 -3.70457e-12 0
-1.1828 -6.34204e-12 0
-1.17742 -1.08573e-11 0
-1.17204 -1.85871e-11 0
-1.16667 -3.18202e-11 0
-1.16129 -5.44747e-11 0
-1.15591 -9.32579e-11 0
-1.15054 -1.59653e-10 0
-1.14516 -2.73318e-10 0
-1.13978 -4.67908e-10 0
-1.13441 -8.01036e-10 0
-1.12903 -1.37133e-09 0
-1.12366 -2.34765e-09 0
-1.11828 -4.01906e-09 0
-1.1129 -6.88042e-09 0
-1.10753 -1.17789e-08 0
-1.10215 -2.01649e-08 0
-1.09677 -3.45212e-08 0
-1.0914 -5.90981e-08 0
-1.08602 -1.01172e-07 0
-1.08065 -1.73197e-07 0
-1.07527 -2.96494e-07 0
-1.06989 -5.07551e-07 0
-1.06452 -8.68807e-07 0
-1.05914 -1.48707e-06 0
-1.05376 -2.54497e-06 0
-1.04839 -4.35444e-06 0
-1.04301 -7.4475e-06 0
-1.03763 -1.2729e-05 0
-1.03226 -2.17307e-05 0
-1.02688 -3.70246e-05 0
-1.02151 -6.28677e-05 0
-1.01613 -0.000106127 0
-1.01075 -0.000177365 0
-1.00538 -0.00029134 0
-1 -0.000464418 0
-0.994624 -0.000702235 0
-0.989247 -0.000963917 0
-0.983871 -0.00108516 0
-0.978495 -0.000663632 0
-0.973118 0.00102094 0
-0.967742 0.00492874 0
-0.962366 0.0120333 0
-0.956989 0.0231604 0
-0.951613 0.0388388 0
-0.946237 0.0586457 0
-0.94086 0.0802594 0
-0.935484 0.0996419 0
-0.930108 0.112838 0
-0.924731 0.117934 0
-0.919355 0.115668 0
-0.913979 0.108628 0
-0.908602 0.0998896 0
-0.903226 0.0916289 0
-0.89785 0.0841991 0
-0.892473 0.0764221 0
-0.887097 0.0668444 0
-0.881721 0.0546876 0
-0.876344 0.0400214 0
-0.870968 0.0233652 0
-0.865592 0.00498351 0
-0.860215 -0.0154329 0
-0.854839 -0.0383925 0
-0.849463 -0.0642517 0
-0.844086 -0.0931227 0
-0.83871 -0.124364 0
-0.833333 -0.156013 0
-0.827957 -0.185355 0
-0.822581 -0.21051 0
-0.817204 -0.23157 0
-0.811828 -0.250239 0
-0.806452 -0.26807 0
-0.801075 -0.284528 0
-0.795699 -0.296564 0
-0.790323 -0.300388 0
-0.784946 -0.293765 0
-0.77957 -0.276828 0
-0.774194 -0.251491 0
-0.768817 -0.220636 0
-0.763441 -0.187588 0
-0.758065 -0.155464 0
-0.752688 -0.126085 0
-0.747312 -0.0991401 0
-0.741936 -0.0725053 0
-0.736559 -0.0434645 0
-0.731183 -0.00994252 0
-0.725806 0.0283559 0
-0.72043 0.0687993 0
-0.715054 0.105578 0
-0.709677 0.131069 0
-0.704301 0.138361 0
-0.698925 0.123883 0
-0.693548 0.0891381 0
-0.688172 0.0406273 0
-0.682796 -0.0122869 0
-0.677419 -0.0605414 0
-0.672043 -0.0978626 0
-0.666667 -0.122012 0
-0.66129 -0.134753 0
-0.655914 -0.140158 0
-0.650538 -0.14202 0
-0.645161 -0.142166 0
-0.639785 -0.140335 0
-0.634409 -0.134974 0
-0.629032 -0.124326 0
-0.623656 -0.107441 0
-0.61828 -0.084726 0
-0.612903 -0.0576492 0
-0.607527 -0.027924 0
-0.602151 0.00278038 0
-0.596774 0.0324302 0
-0.591398 0.0585997 0
-0.586022 0.0796595 0
-0.580645 0.0962004 0
-0.575269 0.110871 0
-0.569893 0.126667 0
-0.564516 0.145528 0
-0.55914 0.16821 0
-0.553764 0.194718 0
-0.548387 0.224603 0
-0.543011 0.257109 0
-0.537635 0.291165 0
-0.532258 0.32531 0
-0.526882 0.357852 0
-0.521506 0.387137 0
-0.516129 0.41169 0
-0.510753 0.430383 0
-0.505377 0.443016 0
-0.5 0.45109 0
-0.494624 0.457881 0
-0.489248 0.467278 0
-0.483871 0.481906 0
-0.478495 0.501868 0
-0.473118 0.525071 0
-0.467742 0.548707 0
-0.462366 0.570623 0
-0.456989 0.589698 0
-0.451613 0.605375 0
-0.446237 0.61746 0
-0.44086 0.626685 0
-0.435484 0.634804 0
-0.430107 0.643303 0
-0.424731 0.652153 0
-0.419355 0.660579 0
-0.413978 0.668906 0
-0.408602 0.678835 0
-0.403226 0.691672 0
-0.397849 0.706746 0
-0.392473 0.721927 0
-0.387097 0.735499 0
-0.38172 0.747318 0
-0.376344 0.758384 0
-0.370968 0.76973 0
-0.365591 0.781852 0
-0.360215 0.794743 0
-0.354839 0.80806 0
-0.349462 0.821317 0
-0.344086 0.834168 0
-0.33871 0.846555 0
-0.333333 0.85874 0
-0.327957 0.871407 0
-0.322581 0.885479 0
-0.317204 0.90124 0
-0.311828 0.917493 0
-0.306452 0.931964 0
-0.301075 0.942724 0
-0.295699 0.949266 0
-0.290323 0.952493 0
-0.284946 0.953888 0
-0.27957 0.954613 0
-0.274194 0.955287 0
-0.268817 0.956351 0
-0.263441 0.958316 0
-0.258065 0.961544 0
-0.252688 0.965861 0
-0.247312 0.970455 0
-0.241936 0.974362 0
-0.236559 0.977324 0
-0.231183 0.98026 0
-0.225807 0.984787 0
-0.22043 0.992037 0
-0.215054 1.0017 0
-0.209678 1.01212 0
-0.204301 1.02129 0
-0.198925 1.02801 0
-0.193549 1.03229 0
-0.188172 1.03484 0
-0.182796 1.03659 0
-0.17742 1.03832 0
-0.172043 1.04046 0
-0.166667 1.04299 0
-0.161291 1.04555 0
-0.155914 1.04781 0
-0.150538 1.04969 0
-0.145162 1.05133 0
-0.139785 1.05298 0
-0.134409 1.05504 0
-0.129032 1.05805 0
-0.123656 1.06247 0
-0.11828 1.0684 0
-0.112903 1.07557 0
-0.107527 1.08346 0
-0.10215 1.09148 0
-0.0967742 1.09902 0
-0.0913978 1.10563 0
-0.0860215 1.11114 0
-0.0806451 1.11572 0
-0.0752688 1.11966 0
-0.0698925 1.12322 0
-0.0645161 1.12652 0
-0.0591398 1.12961 0
-0.0537634 1.13253 0
-0.0483871 1.13529 0
-0.0430108 1.13792 0
-0.0376344 1.14045 0
-0.0322581 1.14291 0
-0.0268818 1.1453 0
-0.0215054 1.14767 0
-0.0161291 1.15002 0
-0.0107527 1.15237 0
-0.0053764 1.15475 0
-5.96046e-08 1.15716 0
0.00537628 1.15962 0
0.0107526 1.16215 0
0.016129 1.16476 0
0.0215053 1.16745 0
0.0268816 1.17022 0
0.032258 1.17308 0
0.0376343 1.17602 0
0.0430107 1.17903 0
0.048387 1.18209 0
0.0537633 1.1852 0
0.0591397 1.1883 0
0.064516 1.19129 0
0.0698923 1.19401 0
0.0752687 1.19622 0
0.080645 1.19764 0
0.0860214 1.19809 0
0.0913977 1.19753 0
0.096774 1.19621 0
0.10215 1.19464 0
0.107527 1.19337 0
0.112903 1.19279 0
0.118279 1.19301 0
0.123656 1.19396 0
0.129032 1.19548 0
0.134408 1.19739 0
0.139785 1.19954 0
0.145161 1.2019 0
0.150537 1.20468 0
0.155914 1.20825 0
0.16129 1.21286 0
0.166666 1.21848 0
0.172043 1.22473 0
0.177419 1.23104 0
0.182796 1.23688 0
0.188172 1.24205 0
0.193548 1.24673 0
0.198925 1.25142 0
0.204301 1.25673 0
0.209677 1.26312 0
0.215054 1.27085 0
0.22043 1.2799 0
0.225806 1.29005 0
0.231183 1.30089 0
0.236559 1.31196 0
0.241935 1.32275 0
0.247312 1.33287 0
0.252688 1.34216 0
0.258065 1.3508 0
0.263441 1.35923 0
0.268817 1.36796 0
0.274194 1.3773 0
0.27957 1.38712 0
0.284946 1.39689 0
0.290323 1.40565 0
0.295699 1.41203 0
0.301075 1.41456 0
0.306452 1.41229 0
0.311828 1.40537 0
0.317204 1.39521 0
0.322581 1.3837 0
0.327957 1.37235 0
0.333333 1.36192 0
0.33871 1.35256 0
0.344086 1.34419 0
0.349462 1.33685 0
0.354839 1.33074 0
0.360215 1.32618 0
0.365591 1.32341 0
0.370968 1.32245 0
0.376344 1.32306 0
0.38172 1.32477 0
0.387097 1.32702 0
0.392473 1.3293 0
0.397849 1.33119 0
0.403226 1.33229 0
0.408602 1.33232 0
0.413978 1.33119 0
0.419355 1.32904 0
0.424731 1.32623 0
0.430107 1.32326 0
0.435484 1.32059 0
0.44086 1.31856 0
0.446236 1.31725 0
0.451613 1.31659 0
0.456989 1.31639 0
0.462365 1.31648 0
0.467742 1.31674 0
0.473118 1.31709 0
0.478494 1.31752 0
0.483871 1.318 0
0.489247 1.31851 0
0.494624 1.31903 0
0.5 1.31954 0
0.505376 1.32002 0
0.510753 1.32044 0
0.516129 1.32075 0
0.521505 1.32088 0
0.526882 1.32077 0
0.532258 1.32034 0
0.537634 1.31962 0
0.543011 1.31866 0
0.548387 1.31756 0
0.553763 1.3164 0
0.55914 1.31527 0
0.564516 1.31419 0
0.569892 1.31318 0
0.575269 1.31224 0
0.580645 1.31136 0
0.586021 1.31053 0
0.591398 1.30975 0
0.596774 1.30901 0
0.60215 1.3083 0
0.607527 1.30762 0
0.612903 1.30695 0
0.61828 1.3063 0
0.623656 1.30566 0
0.629032 1.30503 0
0.634409 1.3044 0
0.639785 1.30378 0
0.645161 1.30317 0
0.650538 1.30256 0
0.655914 1.30195 0
0.66129 1.30133 0
0.666667 1.3007 0
0.672043 1.30005 0
0.677419 1.29938 0
0.682796 1.2987 0
0.688172 1.298 0
0.693548 1.2973 0
0.698925 1.29659 0
0.704301 1.29587 0
0.709677 1.29514 0
0.715054 1.29441 0
0.72043 1.29366 0
0.725806 1.2929 0
0.731183 1.29213 0
0.736559 1.29136 0
0.741935 1.29057 0
0.747312 1.28976 0
0.752688 1.28894 0
0.758064 1.28811 0
0.763441 1.28726 0
0.768817 1.28639 0
0.774193 1.2855 0
0.77957 1.28459 0
0.784946 1.28367 0
0.790323 1.28271 0
0.795699 1.28173 0
0.801075 1.28073 0
0.806452 1.27969 0
0.811828 1.27862 0
0.817204 1.27752 0
0.822581 1.27639 0
0.827957 1.27521 0
0.833333 1.27399 0
0.83871 1.27273 0
0.844086 1.27142 0
0.849462 1.27005 0
0.854839 1.26862 0
0.860215 1.26712 0
0.865591 1.26556 0
0.870968 1.26391 0
0.876344 1.26219 0
0.88172 1.26037 0
0.887097 1.25846 0
0.892473 1.25645 0
0.897849 1.25434 0
0.903226 1.25213 0
0.908602 1.2498 0
0.913978 1.24737 0
0.919355 1.24483 0
0.924731 1.2422 0
0.930107 1.23948 0
0.935484 1.23667 0
0.94086 1.23376 0
0.946236 1.23075 0
0.951613 1.22768 0
0.956989 1.22462 0
0.962366 1.22169 0
0.967742 1.21903 0
0.973118 1.21675 0
0.978495 1.21489 0
0.983871 1.21338 0
0.989247 1.21202 0
0.994624 1.21047 0
1 1.20831 0
1.00538 1.20523 0
1.01075 1.2011 0
1.01613 1.19605 0
1.02151 1.19048 0
1.02688 1.1849 0
1.03226 1.17979 0
1.03763 1.17551 0
1.04301 1.17214 0
1.04839 1.16946 0
1.05376 1.16711 0
1.05914 1.16484 0
1.06452 1.16276 0
1.06989 1.16159 0
1.07527 1.16269 0
1.08064 1.16785 0
1.08602 1.17889 0
1.0914 1.19704 0
1.09677 1.222 0
1.10215 1.25135 0
1.10753 1.28107 0
1.1129 1.30724 0
1.11828 1.3275 0
1.12366 1.34126 0
1.12903 1.34909 0
1.13441 1.35201 0
1.13979 1.35123 0
1.14516 1.348 0
1.15054 1.34356 0
1.15591 1.33896 0
1.16129 1.33487 0
1.16667 1.33152 0
1.17204 1.3288 0
1.17742 1.32638 0
1.1828 1.3239 0
1.18817 1.32105 0
1.19355 1.31766 0
1.19892 1.31368 0
1.2043 1.30924 0
1.20968 1.30449 0
1.21505 1.29961 0
1.22043 1.29475 0
1.22581 1.29004 0
1.23118 1.28561 0
1.23656 1.28164 0
1.24194 1.27831 0
1.24731 1.2758 0
1.25269 1.27425 0
1.25806 1.27363 0
1.26344 1.2737 0
1.26882 1.27405 0
1.27419 1.27423 0
1.27957 1.27394 0
1.28495 1.27305 0
1.29032 1.27164 0
1.2957 1.26984 0
1.30108 1.26778 0
1.30645 1.26557 0
1.31183 1.26329 0
1.3172 1.26102 0
1.32258 1.25884 0
1.32796 1.25691 0
1.33333 1.25538 0
1.33871 1.25448 0
1.34409 1.25442 0
1.34946 1.25533 0
1.35484 1.25712 0
1.36021 1.25942 0
1.36559 1.26169 0
1.37097 1.26341 0
1.37634 1.26435 0
1.38172 1.26454 0
1.3871 1.26417 0
1.39247 1.26344 0
1.39785 1.26248 0
1.40323 1.26139 0
1.4086 1.26024 0
1.41398 1.25906 0
1.41935 1.25789 0
1.42473 1.25679 0
1.43011 1.25576 0
1.43548 1.25482 0
1.44086 1.25398 0
1.44624 1.25321 0
1.45161 1.25249 0
1.45699 1.25178 0
1.46237 1.25107 0
1.46774 1.25036 0
1.47312 1.24965 0
1.47849 1.24895 0
1.48387 1.24826 0
1.48925 1.24759 0
1.49462 1.24694 0
1.5 1.24631 0
1.50538 1.2457 0
1.51075 1.2451 0
1.51613 1.24453 0
1.52151 1.24397 0
1.52688 1.24343 0
1.53226 1.24288 0
1.53763 1.24234 0
1.54301 1.24181 0
1.54839 1.24127 0
1.55376 1.24074 0
1.55914 1.24021 0
1.56452 1.23968 0
1.56989 1.23914 0
1.57527 1.23861 0
1.58065 1.23807 0
1.58602 1.23753 0
1.5914 1.23698 0
1.59677 1.23642 0
1.60215 1.23585 0
1.60753 1.23527 0
1.6129 1.23466 0
1.61828 1.23403 0
1.62366 1.23336 0
1.62903 1.23267 0
1.63441 1.23194 0
1.63978 1.23118 0
1.64516 1.23039 0
1.65054 1.22961 0
1.65591 1.22886 0
1.66129 1.22822 0
1.66667 1.22777 0
1.67204 1.22763 0
1.67742 1.22787 0
1.6828 1.2285 0
1.68817 1.22939 0
1.69355 1.23033 0
1.69892 1.23112 0
1.7043 1.23162 0
1.70968 1.23181 0
1.71505 1.2317 0
1.72043 1.23135 0
1.72581 1.2308 0
1.73118 1.23007 0
1.73656 1.22922 0
1.74194 1.22826 0
1.74731 1.22727 0
1.75269 1.22634 0
1.75806 1.22554 0
1.76344 1.22489 0
1.76882 1.22431 0
1.77419 1.22364 0
1.77957 1.2228 0
1.78495 1.22184 0
1.79032 1.22088 0
1.7957 1.22007 0
1.80108 1.21953 0
1.80645 1.21951 0
1.81183 1.22033 0
1.8172 1.22216 0
1.82258 1.22489 0
1.82796 1.22826 0
1.83333 1.23203 0
1.83871 1.2359 0
1.84409 1.23948 0
1.84946 1.24241 0
1.85484 1.24463 0
1.86021 1.24646 0
1.86559 1.24835 0
1.87097 1.25078 0
1.87634 1.2543 0
1.88172 1.2595 0
1.8871 1.26678 0
1.89247 1.27594 0
1.89785 1.28602 0
1.90323 1.2957 0
1.9086 1.30385 0
1.91398 1.30999 0
1.91935 1.31444 0
1.92473 1.31823 0
1.93011 1.32275 0
1.93548 1.32927 0
1.94086 1.33831 0
1.94624 1.34937 0
1.95161 1.36128 0
1.95699 1.37299 0
1.96237 1.38424 0
1.96774 1.39542 0
1.97312 1.40686 0
1.97849 1.41836 0
1.98387 1.42934 0
1.98925 1.43966 0
1.99462 1.45013 0
2 1.46202 0
2.00538 1.47593 0
2.01075 1.49107 0
2.01613 1.50595 0
2.02151 1.5196 0
2.02688 1.53212 0
2.03226 1.54405 0
2.03763 1.55544 0
2.04301 1.56559 0
2.04839 1.57364 0
2.05376 1.57945 0
2.05914 1.58414 0
2.06452 1.5896 0
2.06989 1.59733 0
2.07527 1.60756 0
2.08065 1.61952 0
2.08602 1.63247 0
2.0914 1.64621 0
2.09677 1.6607 0
2.10215 1.67572 0
2.10753 1.69101 0
2.1129 1.7067 0
2.11828 1.72351 0
2.12366 1.74213 0
2.12903 1.76243 0
2.13441 1.78347 0
2.13978 1.80403 0
2.14516 1.82313 0
2.15054 1.84009 0
2.15591 1.85448 0
2.16129 1.86637 0
2.16667 1.87638 0
2.17204 1.88553 0
2.17742 1.89486 0
2.1828 1.90536 0
2.18817 1.91768 0
2.19355 1.93184 0
2.19892 1.94717 0
2.2043 1.96293 0
2.20968 1.97914 0
2.21505 1.99679 0
2.22043 2.0172 0
2.22581 2.04102 0
2.23118 2.0674 0
2.23656 2.09427 0
2.24194 2.11933 0
2.24731 2.14112 0
2.25269 2.15926 0
2.25806 2.17409 0
2.26344 2.18633 0
2.26882 2.19689 0
2.27419 2.20676 0
2.27957 2.21677 0
2.28495 2.22732 0
2.29032 2.23852 0
2.2957 2.25051 0
2.30108 2.26406 0
2.30645 2.2806 0
2.31183 2.30148 0
2.3172 2.32687 0
2.32258 2.35577 0
2.32796 2.38652 0
2.33333 2.41713 0
2.33871 2.44538 0
2.34409 2.46939 0
2.34946 2.48846 0
2.35484 2.50335 0
2.36021 2.51574 0
2.36559 2.5272 0
2.37097 2.53882 0
2.37634 2.55135 0
2.38172 2.56526 0
2.3871 2.58029 0
2.39247 2.59553 0
2.39785 2.60999 0
2.40323 2.6233 0
2.4086 2.63586 0
2.41398 2.64849 0
2.41935 2.66222 0
2.42473 2.67787 0
2.43011 2.69552 0
2.43548 2.71457 0
2.44086 2.73445 0
2.44624 2.75507 0
2.45161 2.77621 0
2.45699 2.79681 0
2.46237 2.8153 0
2.46774 2.8307 0
2.47312 2.84335 0
2.47849 2.85441 0
2.48387 2.86516 0
2.48925 2.87661 0
2.49462 2.8892 0
2.5 2.9026 0
2.50538 2.91607 0
2.51075 2.92929 0
2.51613 2.9425 0
2.52151 2.9561 0
2.52688 2.97011 0
2.53226 2.98378 0
2.53763 2.99551 0
2.54301 3.00349 0
2.54839 3.00653 0
2.55376 3.00457 0
2.55914 2.99851 0
2.56452 2.99006 0
2.56989 2.98132 0
2.57527 2.9742 0
2.58065 2.96992 0
2.58602 2.96886 0
2.5914 2.97036 0
2.59677 2.9724 0
2.60215 2.97171 0
2.60753 2.96511 0
2.6129 2.95186 0
2.61828 2.93453 0
2.62366 2.91721 0
2.62903 2.90258 0
2.63441 2.89051 0
2.63978 2.87872 0
2.64516 2.86421 0
2.65054 2.84408 0
2.65591 2.81532 0
2.66129 2.77481 0
2.66667 2.72049 0
2.67204 2.65275 0
2.67742 2.57434 0
2.6828 2.48928 0
2.68817 2.40197 0
2.69355 2.31693 0
2.69892 2.23847 0
2.7043 2.16998 0
2.70968 2.11357 0
2.71505 2.07063 0
2.72043 2.04364 0
2.72581 2.03821 0
2.73118 2.06246 0
2.73656 2.122 0
2.74194 2.2136 0
2.74731 2.32323 0
2.75269 2.43133 0
2.75806 2.52131 0
2.76344 2.58487 0
2.76882 2.62219 0
2.77419 2.63888 0
2.77957 2.64196 0
2.78495 2.63646 0
2.79032 2.62387 0
2.7957 2.60315 0
2.80108 2.57319 0
2.80645 2.53489 0
2.81183 2.49202 0
2.8172 2.45035 0
2.82258 2.41549 0
2.82796 2.39076 0
2.83333 2.37646 0
2.83871 2.37038 0
2.84409 2.36872 0
2.84946 2.36724 0
2.85484 2.36271 0
2.86021 2.35352 0
2.86559 2.33975 0
2.87097 2.32305 0
2.87634 2.30643 0
2.88172 2.29315 0
2.8871 2.28567 0
2.89247 2.28494 0
2.89785 2.29046 0
2.90323 2.30062 0
2.9086 2.31299 0
2.91398 2.32517 0
2.91935 2.33606 0
2.92473 2.34638 0
2.93011 2.35787 0
2.93548 2.37199 0
2.94086 2.38906 0
2.94624 2.40789 0
2.95161 2.42591 0
2.95699 2.44012 0
2.96237 2.44834 0
2.96774 2.45017 0
2.97312 2.44723 0
2.97849 2.44244 0
2.98387 2.43857 0
2.98925 2.43722 0
2.99462 2.43837 0
3 2.44077 0
3.00538 2.44259 0
3.01075 2.44256 0
3.01613 2.44109 0
3.02151 2.4403 0
3.02688 2.44253 0
3.03226 2.44857 0
3.03763 2.45741 0
3.04301 2.46738 0
3.04839 2.47735 0
3.05376 2.48706 0
3.05914 2.49683 0
3.06452 2.50729 0
3.06989 2.51907 0
3.07527 2.53224 0
3.08065 2.54609 0
3.08602 2.55949 0
3.0914 2.57191 0
3.09677 2.58363 0
3.10215 2.59513 0
3.10753 2.60636 0
3.1129 2.61694 0
3.11828 2.62675 0
3.12366 2.6362 0
3.12903 2.64591 0
3.13441 2.65604 0
3.13978 2.6658 0
3.14516 2.67355 0
3.15054 2.67739 0
3.15591 2.67585 0
3.16129 2.66824 0
3.16667 2.65471 0
3.17204 2.63603 0
3.17742 2.61306 0
3.1828 2.58614 0
3.18817 2.5548 0
3.19355 2.51808 0
3.19892 2.4751 0
3.2043 2.42555 0
3.20968 2.36953 0
3.21505 2.30721 0
3.22043 2.23897 0
3.22581 2.16577 0
3.23118 2.08907 0
3.23656 2.01041 0
3.24194 1.93124 0
3.24731 1.85311 0
3.25269 1.77775 0
3.25806 1.70709 0
3.26344 1.64325 0
3.26882 1.58828 0
3.27419 1.544 0
3.27957 1.51179 0
3.28495 1.4925 0
3.29032 1.48617 0
3.2957 1.4919 0
3.30108 1.50787 0
3.30645 1.53176 0
3.31183 1.56124 0
3.3172 1.5942 0
3.32258 1.62866 0
3.32796 1.66268 0
3.33333 1.69432 0
3.33871 1.72176 0
3.34409 1.74358 0
3.34946 1.7591 0
3.35484 1.76861 0
3.36022 1.77306 0
3.36559 1.77362 0
3.37097 1.77128 0
3.37634 1.76672 0
3.38172 1.76029 0
3.3871 1.75191 0
3.39247 1.74143 0
3.39785 1.72914 0
3.40323 1.71601 0
3.4086 1.7034 0
3.41398 1.69241 0
3.41935 1.68345 0
3.42473 1.67585 0
3.43011 1.66814 0
3.43548 1.65889 0
3.44086 1.64771 0
3.44624 1.63545 0
3.45161 1.62365 0
3.45699 1.61375 0
3.46237 1.60631 0
3.46774 1.60043 0
3.47312 1.59408 0
3.47849 1.58544 0
3.48387 1.57414 0
3.48925 1.5608 0
3.49462 1.54578 0
3.5 1.52878 0
3.50538 1.50985 0
3.51075 1.4901 0
3.51613 1.47107 0
3.52151 1.45347 0
3.52688 1.43673 0
3.53226 1.41949 0
3.53763 1.40064 0
3.54301 1.3801 0
3.54839 1.35879 0
3.55376 1.33766 0
3.55914 1.31656 0
3.56452 1.29398 0
3.56989 1.26799 0
3.57527 1.23752 0
3.58065 1.20261 0
3.58602 1.16373 0
3.5914 1.12055 0
3.59677 1.07104 0
3.60215 1.01238 0
3.60753 0.943559 0
3.6129 0.866996 0
3.61828 0.787671 0
3.62366 0.711162 0
3.62903 0.641771 0
3.63441 0.581147 0
3.63979 0.528234 0
3.64516 0.480646 0
3.65054 0.436174 0
3.65591 0.393517 0
3.66129 0.352339 0
3.66667 0.31305 0
3.67204 0.276428 0
3.67742 0.243113 0
3.6828 0.21326 0
3.68817 0.18649 0
3.69355 0.162071 0
3.69892 0.139361 0
3.7043 0.118176 0
3.70968 0.0985507 0
3.71505 0.0803184 0
3.72043 0.0632673 0
3.72581 0.0477162 0
3.73118 0.0346528 0
3.73656 0.0249071 0
3.74194 0.0181407 0
3.74731 0.0129033 0
3.75269 0.00773485 0
3.75806 0.00212309 0
3.76344 -0.00348497 0
3.76882 -0.00845155 0
3.77419 -0.0127535 0
3.77957 -0.0171186 0
3.78495 -0.0224743 0
3.79032 -0.0293012 0
3.7957 -0.0373302 0
3.80108 -0.045671 0
3.80645 -0.0533254 0
3.81183 -0.0598031 0
3.8172 -0.0653358 0
3.82258 -0.0704849 0
3.82796 -0.0755116 0
3.83333 -0.0801148 0
3.83871 -0.0837829 0
3.84409 -0.0863206 0
3.84946 -0.0879511 0
3.85484 -0.0890179 0
3.86021 -0.0897522 0
3.86559 -0.0902849 0
3.87097 -0.0907073 0
3.87634 -0.0910746 0
3.88172 -0.0914117 0
3.8871 -0.0917529 0
3.89247 -0.0921787 0
3.89785 -0.0928336 0
3.90323 -0.0938912 0
3.9086 -0.0954539 0
3.91398 -0.0974538 0
3.91935 -0.0996794 0
3.92473 -0.101914 0
3.93011 -0.104055 0
3.93548 -0.106102 0
3.94086 -0.108088 0
3.94624 -0.110027 0
3.95161 -0.111911 0
3.95699 -0.11371 0
3.96237 -0.115377 0
3.96774 -0.116862 0
3.97312 -0.118111 0
3.97849 -0.119094 0
3.98387 -0.119815 0
3.98925 -0.120311 0
3.99462 -0.120634 0
4 -0.120836 0
