-1.5 -2.24146e-26 0
-1.49462 -3.8372e-26 0
-1.48925 -6.56925e-26 0
-1.48387 -1.12459e-25 0
-1.47849 -1.9253e-25 0
-1.47312 -3.29594e-25 0
-1.46774 -5.64263e-25 0
-1.46237 -9.65965e-25 0
-1.45699 -1.65372e-24 0
-1.45161 -2.83103e-24 0
-1.44624 -4.8467e-24 0
-1.44086 -8.29711e-24 0
-1.43548 -1.42046e-23 0
-1.43011 -2.4317e-23 0
-1.42473 -4.16305e-23 0
-1.41936 -7.12677e-23 0
-1.41398 -1.2201e-22 0
-1.4086 -2.08871e-22 0
-1.40323 -3.57584e-22 0
-1.39785 -6.12152e-22 0
-1.39247 -1.048e-21 0
-1.3871 -1.79408e-21 0
-1.38172 -3.07145e-21 0
-1.37634 -5.25805e-21 0
-1.37097 -9.00172e-21 0
-1.36559 -1.54102e-20 0
-1.36022 -2.63821e-20 0
-1.35484 -4.51638e-20 0
-1.34946 -7.732e-20 0
-1.34409 -1.32365e-19 0
-1.33871 -2.26608e-19 0
-1.33333 -3.87932e-19 0
-1.32796 -6.64137e-19 0
-1.32258 -1.13694e-18 0
-1.3172 -1.94643e-18 0
-1.31183 -3.33213e-18 0
-1.30645 -5.70457e-18 0
-1.30108 -9.76574e-18 0
-1.2957 -1.67189e-17 0
-1.29032 -2.86221e-17 0
-1.28495 -4.89993e-17 0
-1.27957 -8.38847e-17 0
-1.27419 -1.43606e-16 0
-1.26882 -2.45844e-16 0
-1.26344 -4.20873e-16 0
-1.25806 -7.20517e-16 0
-1.25269 -1.23349e-15 0
-1.24731 -2.11168e-15 0
-1.24194 -3.61509e-15 0
-1.23656 -6.18886e-15 0
-1.23118 -1.0595e-14 0
-1.22581 -1.81382e-14 0
-1.22043 -3.10516e-14 0
-1.21505 -5.3159e-14 0
-1.20968 -9.10053e-14 0
-1.2043 -1.55797e-13 0
-1.19892 -2.66733e-13 0
-1.19355 -4.56635e-13 0
-1.18817 -7.81735e-13 0
-1.1828 -1.3383e-12 0
-1.17742 -2.29109e-12 0
-1.17204 -3.92226e-12 0
-1.16667 -6.71468e-12 0
-1.16129 -1.14952e-11 0
-1.15591 -1.96792e-11 0
-1.15054 -3.369e-11 0
-1.14516 -5.76754e-11 0
-1.13978 -9.87381e-11 0
-1.13441 -1.69034e-10 0
-1.12903 -2.89376e-10 0
-1.12366 -4.95397e-10 0
-1.11828 -8.481e-10 0
-1.1129 -1.4519e-09 0
-1.10753 -2.48557e-09 0
-1.10215 -4.25516e-09 0
-1.09677 -7.2846e-09 0
-1.0914 -1.24708e-08 0
-1.08602 -2.13489e-08 0
-1.08065 -3.65471e-08 0
-1.07527 -6.25633e-08 0
-1.06989 -1.07095e-07 0
-1.06452 -1.83312e-07 0
-1.05914 -3.13732e-07 0
-1.05376 -5.36836e-07 0
-1.04839 -9.18285e-07 0
-1.04301 -1.56984e-06 0
-1.03763 -2.68099e-06 0
-1.03226 -4.57073e-06 0
-1.02688 -7.76941e-06 0
-1.02151 -1.31392e-05 0
-1.01613 -2.20249e-05 0
-1.01075 -3.63552e-05 0
-1.00538 -5.83947e-05 0
-1 -8.92406e-05 0
-0.994624 -0.000123761 0
-0.989247 -0.000137137 0
-0.983871 -5.54484e-05 0
-0.978495 0.000296079 0
-0.973118 0.00126277 0
-0.967742 0.00341733 0
-0.962366 0.00751828 0
-0.956989 0.0142409 0
-0.951613 0.0236693 0
-0.946237 0.0347964 0
-0.94086 0.0454157 0
-0.935484 0.0526436 0
-0.930108 0.0538728 0
-0.924731 0.0475708 0
-0.919355 0.0335116 0
-0.913979 0.0126213 0
-0.908602 -0.0132126 0
-0.903226 -0.0414543 0
-0.89785 -0.0697156 0
-0.892473 -0.0968883 0
-0.887097 -0.123686 0
-0.881721 -0.151877 0
-0.876344 -0.182789 0
-0.870968 -0.216395 0
-0.865592 -0.251421 0
-0.860215 -0.285818 0
-0.854839 -0.317153 0
-0.849463 -0.343197 0
-0.844086 -0.363047 0
-0.83871 -0.378009 0
-0.833333 -0.390993 0
-0.827957 -0.404641 0
-0.822581 -0.420162 0
-0.817204 -0.437791 0
-0.811828 -0.457673 0
-0.806452 -0.480163 0
-0.801075 -0.505786 0
-0.795699 -0.535041 0
-0.790323 -0.567608 0
-0.784946 -0.601387 0
-0.77957 -0.632626 0
-0.774194 -0.657289 0
-0.768817 -0.672411 0
-0.763441 -0.676405 0
-0.758065 -0.66856 0
-0.752688 -0.648496 0
-0.747312 -0.616232 0
-0.741936 -0.572975 0
-0.736559 -0.52161 0
-0.731183 -0.466008 0
-0.725806 -0.410061 0
-0.72043 -0.3578 0
-0.715054 -0.31403 0
-0.709677 -0.283797 0
-0.704301 -0.270548 0
-0.698925 -0.274558 0
-0.693548 -0.292769 0
-0.688172 -0.319678 0
-0.682796 -0.34861 0
-0.677419 -0.373345 0
-0.672043 -0.389715 0
-0.666667 -0.395936 0
-0.66129 -0.391463 0
-0.655914 -0.376104 0
-0.650538 -0.350559 0
-0.645161 -0.317157 0
-0.639785 -0.27935 0
-0.634409 -0.240252 0
-0.629032 -0.20147 0
-0.623656 -0.163246 0
-0.61828 -0.125927 0
-0.612903 -0.0911987 0
-0.607527 -0.0614687 0
-0.602151 -0.0378618 0
-0.596774 -0.0189994 0
-0.591398 -0.00186586 0
-0.586022 0.016355 0
-0.580645 0.0373156 0
-0.575269 0.0616055 0
-0.569893 0.0890447 0
-0.564516 0.118872 0
-0.55914 0.150092 0
-0.553764 0.181974 0
-0.548387 0.214104 0
-0.543011 0.245899 0
-0.537635 0.276411 0
-0.532258 0.304867 0
-0.526882 0.331395 0
-0.521506 0.357116 0
-0.516129 0.383333 0
-0.510753 0.410488 0
-0.505377 0.437763 0
-0.5 0.46359 0
-0.494624 0.486699 0
-0.489248 0.506721 0
-0.483871 0.523618 0
-0.478495 0.536819 0
-0.473118 0.545604 0
-0.467742 0.550492 0
-0.462366 0.553735 0
-0.456989 0.558276 0
-0.451613 0.566323 0
-0.446237 0.578516 0
-0.44086 0.593834 0
-0.435484 0.610187 0
-0.430107 0.625601 0
-0.424731 0.639395 0
-0.419355 0.652479 0
-0.413978 0.666427 0
-0.408602 0.682375 0
-0.403226 0.70066 0
-0.397849 0.72107 0
-0.392473 0.742949 0
-0.387097 0.765058 0
-0.38172 0.785757 0
-0.376344 0.803725 0
-0.370968 0.818594 0
-0.365591 0.830881 0
-0.360215 0.841306 0
-0.354839 0.850224 0
-0.349462 0.857652 0
-0.344086 0.863614 0
-0.33871 0.86841 0
-0.333333 0.872599 0
-0.327957 0.876748 0
-0.322581 0.881166 0
-0.317204 0.885849 0
-0.311828 0.890638 0
-0.306452 0.895354 0
-0.301075 0.899787 0
-0.295699 0.903646 0
-0.290323 0.906643 0
-0.284946 0.908751 0
-0.27957 0.910343 0
-0.274194 0.91198 0
-0.268817 0.914096 0
-0.263441 0.916988 0
-0.258065 0.92095 0
-0.252688 0.926219 0
-0.247312 0.932807 0
-0.241936 0.940539 0
-0.236559 0.949179 0
-0.231183 0.958369 0
-0.225807 0.9676 0
-0.22043 0.976372 0
-0.215054 0.984376 0
-0.209678 0.991463 0
-0.204301 0.997501 0
-0.198925 1.00227 0
-0.193549 1.00559 0
-0.188172 1.00761 0
-0.182796 1.00898 0
-0.17742 1.01056 0
-0.172043 1.01285 0
-0.166667 1.01571 0
-0.161291 1.0187 0
-0.155914 1.02152 0
-0.150538 1.02421 0
-0.145162 1.02691 0
-0.139785 1.02973 0
-0.134409 1.03276 0
-0.129032 1.03616 0
-0.123656 1.0401 0
-0.11828 1.0446 0
-0.112903 1.04955 0
-0.107527 1.05474 0
-0.10215 1.06005 0
-0.0967742 1.0654 0
-0.0913978 1.07067 0
-0.0860215 1.07578 0
-0.0806451 1.08061 0
-0.0752688 1.08514 0
-0.0698925 1.08936 0
-0.0645161 1.09328 0
-0.0591398 1.09695 0
-0.0537634 1.10041 0
-0.0483871 1.10372 0
-0.0430108 1.10691 0
-0.0376344 1.11002 0
-0.0322581 1.11308 0
-0.0268818 1.11613 0
-0.0215054 1.11918 0
-0.0161291 1.12226 0
-0.0107527 1.12538 0
-0.0053764 1.12858 0
-5.96046e-08 1.13187 0
0.00537628 1.13527 0
0.0107526 1.13879 0
0.016129 1.14245 0
0.0215053 1.14625 0
0.0268816 1.15018 0
0.032258 1.15421 0
0.0376343 1.15834 0
0.0430107 1.16253 0
0.048387 1.16676 0
0.0537633 1.17099 0
0.0591397 1.17512 0
0.064516 1.17899 0
0.0698923 1.18233 0
0.0752687 1.18476 0
0.080645 1.18593 0
0.0860214 1.18558 0
0.0913977 1.18378 0
0.096774 1.18098 0
0.10215 1.17796 0
0.107527 1.17556 0
0.112903 1.17429 0
0.118279 1.1743 0
0.123656 1.17543 0
0.129032 1.17744 0
0.134408 1.18008 0
0.139785 1.18311 0
0.145161 1.18652 0
0.150537 1.19058 0
0.155914 1.19575 0
0.16129 1.20235 0
0.166666 1.21027 0
0.172043 1.21896 0
0.177419 1.22762 0
0.182796 1.23557 0
0.188172 1.24253 0
0.193548 1.2488 0
0.198925 1.25506 0
0.204301 1.26207 0
0.209677 1.27046 0
0.215054 1.28053 0
0.22043 1.29225 0
0.225806 1.30525 0
0.231183 1.31902 0
0.236559 1.33293 0
0.241935 1.34638 0
0.247312 1.35893 0
0.252688 1.37049 0
0.258065 1.38129 0
0.263441 1.39188 0
0.268817 1.40274 0
0.274194 1.41405 0
0.27957 1.42561 0
0.284946 1.43688 0
0.290323 1.44694 0
0.295699 1.45455 0
0.301075 1.4584 0
0.306452 1.45764 0
0.311828 1.45238 0
0.317204 1.44368 0
0.322581 1.43301 0
0.327957 1.4216 0
0.333333 1.41022 0
0.33871 1.39922 0
0.344086 1.38882 0
0.349462 1.37929 0
0.354839 1.37104 0
0.360215 1.36451 0
0.365591 1.35999 0
0.370968 1.35754 0
0.376344 1.35692 0
0.38172 1.35767 0
0.387097 1.35925 0
0.392473 1.36115 0
0.397849 1.3629 0
0.403226 1.36404 0
0.408602 1.36415 0
0.413978 1.36296 0
0.419355 1.36049 0
0.424731 1.35705 0
0.430107 1.35314 0
0.435484 1.34934 0
0.44086 1.34612 0
0.446236 1.34373 0
0.451613 1.34216 0
0.456989 1.34127 0
0.462365 1.34088 0
0.467742 1.34083 0
0.473118 1.341 0
0.478494 1.34133 0
0.483871 1.34177 0
0.489247 1.3423 0
0.494624 1.34289 0
0.5 1.34352 0
0.505376 1.34417 0
0.510753 1.34478 0
0.516129 1.34528 0
0.521505 1.34557 0
0.526882 1.34553 0
0.532258 1.34507 0
0.537634 1.34415 0
0.543011 1.34286 0
0.548387 1.34132 0
0.553763 1.33967 0
0.55914 1.33804 0
0.564516 1.33646 0
0.569892 1.33495 0
0.575269 1.33352 0
0.580645 1.33214 0
0.586021 1.33084 0
0.591398 1.3296 0
0.596774 1.32843 0
0.60215 1.32732 0
0.607527 1.32626 0
0.612903 1.32525 0
0.61828 1.32427 0
0.623656 1.32333 0
0.629032 1.32241 0
0.634409 1.32152 0
0.639785 1.32065 0
0.645161 1.3198 0
0.650538 1.31897 0
0.655914 1.31814 0
0.66129 1.3173 0
0.666667 1.31643 0
0.672043 1.31553 0
0.677419 1.31459 0
0.682796 1.31363 0
0.688172 1.31264 0
0.693548 1.31164 0
0.698925 1.31064 0
0.704301 1.30962 0
0.709677 1.3086 0
0.715054 1.30758 0
0.72043 1.30654 0
0.725806 1.3055 0
0.731183 1.30444 0
0.736559 1.30337 0
0.741935 1.30228 0
0.747312 1.30118 0
0.752688 1.30006 0
0.758064 1.29892 0
0.763441 1.29776 0
0.768817 1.29658 0
0.774193 1.29537 0
0.77957 1.29414 0
0.784946 1.29287 0
0.790323 1.29157 0
0.795699 1.29023 0
0.801075 1.28886 0
0.806452 1.28744 0
0.811828 1.28598 0
0.817204 1.28447 0
0.822581 1.28291 0
0.827957 1.28129 0
0.833333 1.27961 0
0.83871 1.27786 0
0.844086 1.27604 0
0.849462 1.27413 0
0.854839 1.27213 0
0.860215 1.27004 0
0.865591 1.26785 0
0.870968 1.26555 0
0.876344 1.26313 0
0.88172 1.2606 0
0.887097 1.25795 0
0.892473 1.25517 0
0.897849 1.25227 0
0.903226 1.24926 0
0.908602 1.24613 0
0.913978 1.24289 0
0.919355 1.23957 0
0.924731 1.23616 0
0.930107 1.2327 0
0.935484 1.22919 0
0.94086 1.22561 0
0.946236 1.22199 0
0.951613 1.21838 0
0.956989 1.21491 0
0.962366 1.21175 0
0.967742 1.20903 0
0.973118 1.20686 0
0.978495 1.20525 0
0.983871 1.20408 0
0.989247 1.20306 0
0.994624 1.20177 0
1 1.19976 0
1.00538 1.19666 0
1.01075 1.19235 0
1.01613 1.18703 0
1.02151 1.18118 0
1.02688 1.17544 0
1.03226 1.17038 0
1.03763 1.16636 0
1.04301 1.16345 0
1.04839 1.16141 0
1.05376 1.15981 0
1.05914 1.15838 0
1.06452 1.15722 0
1.06989 1.15698 0
1.07527 1.15891 0
1.08064 1.16463 0
1.08602 1.17574 0
1.0914 1.1933 0
1.09677 1.21712 0
1.10215 1.24528 0
1.10753 1.27445 0
1.1129 1.30116 0
1.11828 1.32299 0
1.12366 1.33892 0
1.12903 1.34898 0
1.13441 1.35385 0
1.13979 1.35458 0
1.14516 1.35244 0
1.15054 1.34878 0
1.15591 1.3448 0
1.16129 1.3413 0
1.16667 1.33865 0
1.17204 1.33673 0
1.17742 1.33516 0
1.1828 1.33348 0
1.18817 1.33123 0
1.19355 1.32815 0
1.19892 1.32414 0
1.2043 1.3193 0
1.20968 1.31382 0
1.21505 1.30794 0
1.22043 1.30188 0
1.22581 1.29585 0
1.23118 1.29007 0
1.23656 1.2848 0
1.24194 1.28035 0
1.24731 1.27702 0
1.25269 1.27502 0
1.25806 1.27438 0
1.26344 1.27481 0
1.26882 1.27575 0
1.27419 1.27654 0
1.27957 1.27668 0
1.28495 1.27594 0
1.29032 1.27438 0
1.2957 1.27215 0
1.30108 1.26946 0
1.30645 1.26647 0
1.31183 1.26331 0
1.3172 1.26011 0
1.32258 1.25702 0
1.32796 1.25425 0
1.33333 1.25207 0
1.33871 1.25082 0
1.34409 1.25083 0
1.34946 1.25231 0
1.35484 1.25516 0
1.36021 1.25885 0
1.36559 1.26256 0
1.37097 1.26552 0
1.37634 1.26735 0
1.38172 1.26806 0
1.3871 1.26791 0
1.39247 1.26718 0
1.39785 1.26606 0
1.40323 1.26469 0
1.4086 1.26315 0
1.41398 1.26151 0
1.41935 1.25986 0
1.42473 1.25826 0
1.43011 1.25677 0
1.43548 1.25544 0
1.44086 1.25426 0
1.44624 1.25321 0
1.45161 1.25222 0
1.45699 1.25126 0
1.46237 1.25028 0
1.46774 1.24928 0
1.47312 1.24826 0
1.47849 1.24724 0
1.48387 1.24624 0
1.48925 1.24527 0
1.49462 1.24432 0
1.5 1.2434 0
1.50538 1.24252 0
1.51075 1.24168 0
1.51613 1.24087 0
1.52151 1.24009 0
1.52688 1.23932 0
1.53226 1.23856 0
1.53763 1.23781 0
1.54301 1.23705 0
1.54839 1.23631 0
1.55376 1.23556 0
1.55914 1.23481 0
1.56452 1.23406 0
1.56989 1.23332 0
1.57527 1.23257 0
1.58065 1.23183 0
1.58602 1.23108 0
1.5914 1.23032 0
1.59677 1.22954 0
1.60215 1.22875 0
1.60753 1.22793 0
1.6129 1.22707 0
1.61828 1.22618 0
1.62366 1.22524 0
1.62903 1.22426 0
1.63441 1.22323 0
1.63978 1.22215 0
1.64516 1.22104 0
1.65054 1.21992 0
1.65591 1.21884 0
1.66129 1.2179 0
1.66667 1.21722 0
1.67204 1.21697 0
1.67742 1.21725 0
1.6828 1.21811 0
1.68817 1.21941 0
1.69355 1.22089 0
1.69892 1.22228 0
1.7043 1.2234 0
1.70968 1.22418 0
1.71505 1.2246 0
1.72043 1.22468 0
1.72581 1.22444 0
1.73118 1.22389 0
1.73656 1.22305 0
1.74194 1.22198 0
1.74731 1.22072 0
1.75269 1.21937 0
1.75806 1.21803 0
1.76344 1.21677 0
1.76882 1.21567 0
1.77419 1.21475 0
1.77957 1.21403 0
1.78495 1.21356 0
1.79032 1.21344 0
1.7957 1.21379 0
1.80108 1.21475 0
1.80645 1.2165 0
1.81183 1.21918 0
1.8172 1.2227 0
1.82258 1.22674 0
1.82796 1.23091 0
1.83333 1.23507 0
1.83871 1.23947 0
1.84409 1.24456 0
1.84946 1.25055 0
1.85484 1.25727 0
1.86021 1.26423 0
1.86559 1.27077 0
1.87097 1.2762 0
1.87634 1.28 0
1.88172 1.28214 0
1.8871 1.28318 0
1.89247 1.28403 0
1.89785 1.28543 0
1.90323 1.28764 0
1.9086 1.29057 0
1.91398 1.29412 0
1.91935 1.29835 0
1.92473 1.30339 0
1.93011 1.30918 0
1.93548 1.31555 0
1.94086 1.32231 0
1.94624 1.32926 0
1.95161 1.33626 0
1.95699 1.34341 0
1.96237 1.3512 0
1.96774 1.36031 0
1.97312 1.37127 0
1.97849 1.38418 0
1.98387 1.39853 0
1.98925 1.41337 0
1.99462 1.42762 0
2 1.4405 0
2.00538 1.45186 0
2.01075 1.46211 0
2.01613 1.47193 0
2.02151 1.48191 0
2.02688 1.49251 0
2.03226 1.50412 0
2.03763 1.51694 0
2.04301 1.53078 0
2.04839 1.54507 0
2.05376 1.55907 0
2.05914 1.57229 0
2.06452 1.58466 0
2.06989 1.59629 0
2.07527 1.60725 0
2.08065 1.61755 0
2.08602 1.6273 0
2.0914 1.63682 0
2.09677 1.64658 0
2.10215 1.65726 0
2.10753 1.6695 0
2.1129 1.68351 0
2.11828 1.69875 0
2.12366 1.71417 0
2.12903 1.72883 0
2.13441 1.74244 0
2.13978 1.75551 0
2.14516 1.76921 0
2.15054 1.78477 0
2.15591 1.80268 0
2.16129 1.82227 0
2.16667 1.84234 0
2.17204 1.86227 0
2.17742 1.88235 0
2.1828 1.90299 0
2.18817 1.92392 0
2.19355 1.94422 0
2.19892 1.96297 0
2.2043 1.97991 0
2.20968 1.99524 0
2.21505 2.00908 0
2.22043 2.02156 0
2.22581 2.03323 0
2.23118 2.04521 0
2.23656 2.05889 0
2.24194 2.07537 0
2.24731 2.09499 0
2.25269 2.11727 0
2.25806 2.14136 0
2.26344 2.16624 0
2.26882 2.19061 0
2.27419 2.21328 0
2.27957 2.23401 0
2.28495 2.25391 0
2.29032 2.27484 0
2.2957 2.2977 0
2.30108 2.32144 0
2.30645 2.34367 0
2.31183 2.36241 0
2.3172 2.37742 0
2.32258 2.38988 0
2.32796 2.40119 0
2.33333 2.41218 0
2.33871 2.42359 0
2.34409 2.43656 0
2.34946 2.45253 0
2.35484 2.47242 0
2.36021 2.4961 0
2.36559 2.52225 0
2.37097 2.54857 0
2.37634 2.57249 0
2.38172 2.59267 0
2.3871 2.60984 0
2.39247 2.62623 0
2.39785 2.64386 0
2.40323 2.66354 0
2.4086 2.68499 0
2.41398 2.70743 0
2.41935 2.73016 0
2.42473 2.75292 0
2.43011 2.77579 0
2.43548 2.79889 0
2.44086 2.82217 0
2.44624 2.84549 0
2.45161 2.8689 0
2.45699 2.89257 0
2.46237 2.91643 0
2.46774 2.93967 0
2.47312 2.96075 0
2.47849 2.97824 0
2.48387 2.99182 0
2.48925 3.00288 0
2.49462 3.01412 0
2.5 3.02836 0
2.50538 3.04714 0
2.51075 3.07003 0
2.51613 3.09518 0
2.52151 3.12044 0
2.52688 3.14416 0
2.53226 3.1659 0
2.53763 3.18675 0
2.54301 3.20869 0
2.54839 3.23303 0
2.55376 3.25921 0
2.55914 3.28548 0
2.56452 3.31052 0
2.56989 3.33414 0
2.57527 3.35658 0
2.58065 3.37756 0
2.58602 3.39573 0
2.5914 3.40888 0
2.59677 3.41515 0
2.60215 3.41451 0
2.60753 3.40934 0
2.6129 3.40298 0
2.61828 3.39754 0
2.62366 3.39273 0
2.62903 3.38688 0
2.63441 3.37863 0
2.63978 3.36751 0
2.64516 3.35332 0
2.65054 3.33582 0
2.65591 3.31528 0
2.66129 3.29243 0
2.66667 3.26796 0
2.67204 3.24218 0
2.67742 3.21465 0
2.6828 3.18329 0
2.68817 3.1442 0
2.69355 3.09323 0
2.69892 3.0282 0
2.7043 2.94986 0
2.70968 2.86204 0
2.71505 2.772 0
2.72043 2.69075 0
2.72581 2.63174 0
2.73118 2.60715 0
2.73656 2.6227 0
2.74194 2.6741 0
2.74731 2.74765 0
2.75269 2.82483 0
2.75806 2.88893 0
2.76344 2.93032 0
2.76882 2.94755 0
2.77419 2.94458 0
2.77957 2.92724 0
2.78495 2.90071 0
2.79032 2.86859 0
2.7957 2.83256 0
2.80108 2.79286 0
2.80645 2.74907 0
2.81183 2.70081 0
2.8172 2.64841 0
2.82258 2.59365 0
2.82796 2.54 0
2.83333 2.49163 0
2.83871 2.45172 0
2.84409 2.42166 0
2.84946 2.40113 0
2.85484 2.38843 0
2.86021 2.38081 0
2.86559 2.37524 0
2.87097 2.36934 0
2.87634 2.36171 0
2.88172 2.35175 0
2.8871 2.33964 0
2.89247 2.32654 0
2.89785 2.31463 0
2.90323 2.3068 0
2.9086 2.30589 0
2.91398 2.31369 0
2.91935 2.33032 0
2.92473 2.35435 0
2.93011 2.38356 0
2.93548 2.41551 0
2.94086 2.44762 0
2.94624 2.47718 0
2.95161 2.50164 0
2.95699 2.51942 0
2.96237 2.53046 0
2.96774 2.53597 0
2.97312 2.53758 0
2.97849 2.53629 0
2.98387 2.53258 0
2.98925 2.52758 0
2.99462 2.52383 0
3 2.52431 0
3.00538 2.53038 0
3.01075 2.54119 0
3.01613 2.55466 0
3.02151 2.56887 0
3.02688 2.58268 0
3.03226 2.59569 0
3.03763 2.60793 0
3.04301 2.61944 0
3.04839 2.62982 0
3.05376 2.63835 0
3.05914 2.6449 0
3.06452 2.65053 0
3.06989 2.65724 0
3.07527 2.66689 0
3.08065 2.68007 0
3.08602 2.69586 0
3.0914 2.71266 0
3.09677 2.72932 0
3.10215 2.74516 0
3.10753 2.75952 0
3.1129 2.77153 0
3.11828 2.78028 0
3.12366 2.78489 0
3.12903 2.78453 0
3.13441 2.77879 0
3.13978 2.76804 0
3.14516 2.75341 0
3.15054 2.73623 0
3.15591 2.71761 0
3.16129 2.69807 0
3.16667 2.67718 0
3.17204 2.65375 0
3.17742 2.62629 0
3.1828 2.59315 0
3.18817 2.55263 0
3.19355 2.50322 0
3.19892 2.44412 0
3.2043 2.37559 0
3.20968 2.29888 0
3.21505 2.21616 0
3.22043 2.13015 0
3.22581 2.04352 0
3.23118 1.95819 0
3.23656 1.87518 0
3.24194 1.79503 0
3.24731 1.71836 0
3.25269 1.64625 0
3.25806 1.58039 0
3.26344 1.5227 0
3.26882 1.47475 0
3.27419 1.43758 0
3.27957 1.41195 0
3.28495 1.39837 0
3.29032 1.39686 0
3.2957 1.40654 0
3.30108 1.42584 0
3.30645 1.45293 0
3.31183 1.48588 0
3.3172 1.52253 0
3.32258 1.56062 0
3.32796 1.59812 0
3.33333 1.63351 0
3.33871 1.6657 0
3.34409 1.6939 0
3.34946 1.71736 0
3.35484 1.73533 0
3.36022 1.74739 0
3.36559 1.75397 0
3.37097 1.75621 0
3.37634 1.75526 0
3.38172 1.75189 0
3.3871 1.74685 0
3.39247 1.74114 0
3.39785 1.73548 0
3.40323 1.72964 0
3.4086 1.72268 0
3.41398 1.71416 0
3.41935 1.70471 0
3.42473 1.69536 0
3.43011 1.68657 0
3.43548 1.67807 0
3.44086 1.66931 0
3.44624 1.65996 0
3.45161 1.64999 0
3.45699 1.6396 0
3.46237 1.62932 0
3.46774 1.61993 0
3.47312 1.61192 0
3.47849 1.605 0
3.48387 1.5982 0
3.48925 1.59074 0
3.49462 1.5829 0
3.5 1.57589 0
3.50538 1.57094 0
3.51075 1.5684 0
3.51613 1.56717 0
3.52151 1.56474 0
3.52688 1.55871 0
3.53226 1.54852 0
3.53763 1.53523 0
3.54301 1.51969 0
3.54839 1.50111 0
3.55376 1.4777 0
3.55914 1.44817 0
3.56452 1.4123 0
3.56989 1.37025 0
3.57527 1.32183 0
3.58065 1.26678 0
3.58602 1.20554 0
3.5914 1.13932 0
3.59677 1.06942 0
3.60215 0.997047 0
3.60753 0.923991 0
3.6129 0.853042 0
3.61828 0.786911 0
3.62366 0.726851 0
3.62903 0.672459 0
3.63441 0.622396 0
3.63979 0.574953 0
3.64516 0.528598 0
3.65054 0.482736 0
3.65591 0.437976 0
3.66129 0.395754 0
3.66667 0.357814 0
3.67204 0.325622 0
3.67742 0.299534 0
3.6828 0.278158 0
3.68817 0.25876 0
3.69355 0.238726 0
3.69892 0.216909 0
3.7043 0.19391 0
3.70968 0.171368 0
3.71505 0.150868 0
3.72043 0.133101 0
3.72581 0.117782 0
3.73118 0.104241 0
3.73656 0.0919004 0
3.74194 0.0801106 0
3.74731 0.0678602 0
3.75269 0.0541736 0
3.75806 0.0389764 0
3.76344 0.0233877 0
3.76882 0.00912053 0
3.77419 -0.00230309 0
3.77957 -0.00996422 0
3.78495 -0.013761 0
3.79032 -0.0145614 0
3.7957 -0.0139581 0
3.80108 -0.0136176 0
3.80645 -0.0147687 0
3.81183 -0.0180243 0
3.8172 -0.0233451 0
3.82258 -0.0301021 0
3.82796 -0.0373489 0
3.83333 -0.0442198 0
3.83871 -0.0501252 0
3.84409 -0.0547512 0
3.84946 -0.0581325 0
3.85484 -0.0607235 0
3.86021 -0.0631814 0
3.86559 -0.0659315 0
3.87097 -0.0689439 0
3.87634 -0.0719217 0
3.88172 -0.0746227 0
3.8871 -0.0770032 0
3.89247 -0.0791647 0
3.89785 -0.0812461 0
3.90323 -0.0833701 0
3.9086 -0.0856283 0
3.91398 -0.088042 0
3.91935 -0.0905426 0
3.92473 -0.0930412 0
3.93011 -0.095505 0
3.93548 -0.0979506 0
3.94086 -0.100397 0
3.94624 -0.102835 0
3.95161 -0.105232 0
3.95699 -0.107535 0
3.96237 -0.109683 0
3.96774 -0.1116 0
3.97312 -0.113218 0
3.97849 -0.114495 0
3.98387 -0.115434 0
3.98925 -0.11608 0
3.99462 -0.116502 0
4 -0.116766 0
