-1 3.31749e-07 0
-0.995112 5.28726e-07 0
-0.990225 8.31988e-07 0
-0.985337 1.28495e-06 0
-0.98045 1.93347e-06 0
-0.975562 2.81191e-06 0
-0.970675 3.9246e-06 0
-0.965787 5.23275e-06 0
-0.960899 6.65784e-06 0
-0.956012 8.10162e-06 0
-0.951124 9.47184e-06 0
-0.946237 1.07012e-05 0
-0.941349 1.17543e-05 0
-0.936461 1.26248e-05 0
-0.931574 1.33266e-05 0
-0.926686 1.38851e-05 0
-0.921799 1.43286e-05 0
-0.916911 1.46834e-05 0
-0.912023 1.49702e-05 0
-0.907136 1.52044e-05 0
-0.902248 1.53969e-05 0
-0.897361 1.55553e-05 0
-0.892473 1.56843e-05 0
-0.887586 1.57865e-05 0
-0.882698 1.58637e-05 0
-0.87781 1.59179e-05 0
-0.872923 1.5952e-05 0
-0.868035 1.59689e-05 0
-0.863148 1.59719e-05 0
-0.85826 1.5964e-05 0
-0.853372 1.59488e-05 0
-0.848485 1.59297e-05 0
-0.843597 1.59097e-05 0
-0.83871 1.58912e-05 0
-0.833822 1.5876e-05 0
-0.828935 1.58659e-05 0
-0.824047 1.58635e-05 0
-0.819159 1.58712e-05 0
-0.814272 1.58907e-05 0
-0.809384 1.59221e-05 0
-0.804497 1.59648e-05 0
-0.799609 1.60178e-05 0
-0.794721 1.60797e-05 0
-0.789834 1.61477e-05 0
-0.784946 1.62176e-05 0
-0.780059 1.62848e-05 0
-0.775171 1.6346e-05 0
-0.770283 1.63999e-05 0
-0.765396 1.64464e-05 0
-0.760508 1.64863e-05 0
-0.755621 1.65201e-05 0
-0.750733 1.6549e-05 0
-0.745845 1.65762e-05 0
-0.740958 1.66081e-05 0
-0.73607 1.66564e-05 0
-0.731183 1.67397e-05 0
-0.726295 1.68864e-05 0
-0.721408 1.71409e-05 0
-0.71652 1.75741e-05 0
-0.711632 1.83025e-05 0
-0.706745 1.95178e-05 0
-0.701857 2.1536e-05 0
-0.69697 2.48715e-05 0
-0.692082 3.03583e-05 0
-0.687195 3.93442e-05 0
-0.682307 5.40059e-05 0
-0.677419 7.78509e-05 0
-0.672532 0.000116512 0
-0.667644 0.00017898 0
-0.662757 0.00027949 0
-0.657869 0.000440306 0
-0.652981 0.000695661 0
-0.648094 0.00109703 0
-0.643206 0.00171969 0
-0.638319 0.00267018 0
-0.633431 0.00409395 0
-0.628544 0.00618203 0
-0.623656 0.00917522 0
-0.618768 0.013364 0
-0.613881 0.0190815 0
-0.608993 0.0266878 0
-0.604106 0.0365455 0
-0.599218 0.0489894 0
-0.59433 0.0642973 0
-0.589443 0.0826643 0
-0.584555 0.104185 0
-0.579668 0.128842 0
-0.57478 0.156504 0
-0.569892 0.186938 0
-0.565005 0.219824 0
-0.560117 0.254786 0
-0.55523 0.29142 0
-0.550342 0.329314 0
-0.545455 0.368055 0
-0.540567 0.407235 0
-0.535679 0.446476 0
-0.530792 0.485483 0
-0.525904 0.524097 0
-0.521017 0.562302 0
-0.516129 0.600167 0
-0.511241 0.637763 0
-0.506354 0.675093 0
-0.501466 0.712076 0
-0.496579 0.748582 0
-0.491691 0.784467 0
-0.486804 0.81962 0
-0.481916 0.853993 0
-0.477028 0.887614 0
-0.472141 0.920541 0
-0.467253 0.952825 0
-0.462366 0.984482 0
-0.457478 1.01546 0
-0.45259 1.04565 0
-0.447703 1.07493 0
-0.442815 1.10325 0
-0.437928 1.13067 0
-0.43304 1.1573 0
-0.428152 1.18328 0
-0.423265 1.20865 0
-0.418377 1.23339 0
-0.41349 1.25746 0
-0.408602 1.28082 0
-0.403715 1.30354 0
-0.398827 1.32564 0
-0.393939 1.34704 0
-0.389052 1.36759 0
-0.384164 1.38706 0
-0.379277 1.40529 0
-0.374389 1.42221 0
-0.369501 1.4378 0
-0.364614 1.45208 0
-0.359726 1.46516 0
-0.354839 1.47716 0
-0.349951 1.48829 0
-0.345064 1.4988 0
-0.340176 1.50893 0
-0.335288 1.51878 0
-0.330401 1.52831 0
-0.325513 1.53744 0
-0.320626 1.54613 0
-0.315738 1.55441 0
-0.310851 1.56226 0
-0.305963 1.56958 0
-0.301075 1.57621 0
-0.296188 1.58196 0
-0.2913 1.58667 0
-0.286413 1.59026 0
-0.281525 1.59281 0
-0.276637 1.5945 0
-0.27175 1.59547 0
-0.266862 1.59576 0
-0.261975 1.59528 0
-0.257087 1.59393 0
-0.252199 1.59179 0
-0.247312 1.589 0
-0.242424 1.5857 0
-0.237537 1.58198 0
-0.232649 1.57794 0
-0.227761 1.57382 0
-0.222874 1.56989 0
-0.217986 1.56636 0
-0.213099 1.56325 0
-0.208211 1.5604 0
-0.203324 1.55755 0
-0.198436 1.55455 0
-0.193548 1.55137 0
-0.188661 1.5481 0
-0.183773 1.54479 0
-0.178886 1.5414 0
-0.173998 1.53779 0
-0.16911 1.53381 0
-0.164223 1.52938 0
-0.159335 1.52454 0
-0.154448 1.51931 0
-0.14956 1.51375 0
-0.144672 1.50792 0
-0.139785 1.50183 0
-0.134897 1.4955 0
-0.13001 1.48894 0
-0.125122 1.48226 0
-0.120235 1.47563 0
-0.115347 1.46928 0
-0.110459 1.46334 0
-0.105572 1.45782 0
-0.100684 1.45261 0
-0.0957966 1.44754 0
-0.0909091 1.44243 0
-0.0860215 1.43719 0
-0.0811339 1.43183 0
-0.0762463 1.42642 0
-0.0713587 1.4211 0
-0.0664712 1.41601 0
-0.0615836 1.41135 0
-0.056696 1.40735 0
-0.0518084 1.40425 0
-0.0469208 1.40223 0
-0.0420333 1.40143 0
-0.0371457 1.40189 0
-0.0322581 1.40363 0
-0.0273705 1.4066 0
-0.0224829 1.41081 0
-0.0175954 1.41633 0
-0.0127078 1.42326 0
-0.00782019 1.43169 0
-0.00293261 1.44167 0
0.00195497 1.45328 0
0.00684255 1.46666 0
0.0117301 1.48198 0
0.0166177 1.49924 0
0.0215053 1.51821 0
0.0263929 1.53854 0
0.0312805 1.55983 0
0.036168 1.58171 0
0.0410556 1.60379 0
0.0459432 1.62565 0
0.0508308 1.64682 0
0.0557185 1.66691 0
0.0606061 1.68567 0
0.0654937 1.70305 0
0.0703813 1.71906 0
0.0752688 1.73369 0
0.0801564 1.74683 0
0.085044 1.75838 0
0.0899316 1.76828 0
0.0948192 1.77654 0
0.0997067 1.78325 0
0.104594 1.78854 0
0.109482 1.79261 0
0.114369 1.79565 0
0.119257 1.79786 0
0.124145 1.79944 0
0.129032 1.80053 0
0.13392 1.80127 0
0.138808 1.80176 0
0.143695 1.80208 0
0.148583 1.80228 0
0.15347 1.80241 0
0.158358 1.80249 0
0.163245 1.80254 0
0.168133 1.80257 0
0.173021 1.80259 0
0.177908 1.80261 0
0.182796 1.80261 0
0.187683 1.80262 0
0.192571 1.80262 0
0.197459 1.80262 0
0.202346 1.80262 0
0.207234 1.80263 0
0.212121 1.80263 0
0.217009 1.80263 0
0.221896 1.80263 0
0.226784 1.80263 0
0.231672 1.80263 0
0.236559 1.80263 0
0.241447 1.80263 0
0.246334 1.80263 0
0.251222 1.80263 0
0.256109 1.80263 0
0.260997 1.80263 0
0.265885 1.80263 0
0.270772 1.80263 0
0.27566 1.80263 0
0.280547 1.80263 0
0.285435 1.80263 0
0.290323 1.80263 0
0.29521 1.80263 0
0.300098 1.80263 0
0.304985 1.80263 0
0.309873 1.80263 0
0.31476 1.80263 0
0.319648 1.80263 0
0.324536 1.80263 0
0.329423 1.80263 0
0.334311 1.80263 0
0.339198 1.80263 0
0.344086 1.80263 0
0.348974 1.80263 0
0.353861 1.80263 0
0.358749 1.80263 0
0.363636 1.80263 0
0.368524 1.80263 0
0.373412 1.80263 0
0.378299 1.80263 0
0.383187 1.80263 0
0.388074 1.80263 0
0.392962 1.80263 0
0.397849 1.80263 0
0.402737 1.80263 0
0.407625 1.80263 0
0.412512 1.80263 0
0.4174 1.80263 0
0.422287 1.80263 0
0.427175 1.80263 0
0.432063 1.80263 0
0.43695 1.80263 0
0.441838 1.80263 0
0.446725 1.80263 0
0.451613 1.80263 0
0.4565 1.80263 0
0.461388 1.80263 0
0.466276 1.80263 0
0.471163 1.80263 0
0.476051 1.80263 0
0.480938 1.80263 0
0.485826 1.80263 0
0.490714 1.80263 0
0.495601 1.80263 0
0.500489 1.80263 0
0.505376 1.80263 0
0.510264 1.80263 0
0.515152 1.80263 0
0.520039 1.80263 0
0.524927 1.80263 0
0.529814 1.80263 0
0.534702 1.80263 0
0.539589 1.80263 0
0.544477 1.80263 0
0.549365 1.80263 0
0.554252 1.80263 0
0.55914 1.80263 0
0.564027 1.80263 0
0.568915 1.80263 0
0.573803 1.80263 0
0.57869 1.80263 0
0.583578 1.80263 0
0.588465 1.80263 0
0.593353 1.80263 0
0.59824 1.80263 0
0.603128 1.80263 0
0.608016 1.80263 0
0.612903 1.80263 0
0.617791 1.80263 0
0.622678 1.80263 0
0.627566 1.80263 0
0.632454 1.80263 0
0.637341 1.80263 0
0.642229 1.80263 0
0.647116 1.80263 0
0.652004 1.80263 0
0.656892 1.80263 0
0.661779 1.80263 0
0.666667 1.80263 0
0.671554 1.80263 0
0.676442 1.80263 0
0.681329 1.80263 0
0.686217 1.80263 0
0.691105 1.80263 0
0.695992 1.80263 0
0.70088 1.80263 0
0.705767 1.80263 0
0.710655 1.80263 0
0.715543 1.80263 0
0.72043 1.80263 0
0.725318 1.80263 0
0.730205 1.80263 0
0.735093 1.80263 0
0.73998 1.80263 0
0.744868 1.80263 0
0.749756 1.80263 0
0.754643 1.80263 0
0.759531 1.80263 0
0.764418 1.80263 0
0.769306 1.80263 0
0.774194 1.80263 0
0.779081 1.80263 0
0.783969 1.80263 0
0.788856 1.80263 0
0.793744 1.80263 0
0.798632 1.80263 0
0.803519 1.80263 0
0.808407 1.80263 0
0.813294 1.80263 0
0.818182 1.80263 0
0.823069 1.80263 0
0.827957 1.80263 0
0.832845 1.80263 0
0.837732 1.80263 0
0.84262 1.80263 0
0.847507 1.80263 0
0.852395 1.80263 0
0.857283 1.80263 0
0.86217 1.80263 0
0.867058 1.80263 0
0.871945 1.80263 0
0.876833 1.80263 0
0.88172 1.80263 0
0.886608 1.80263 0
0.891496 1.80263 0
0.896383 1.80263 0
0.901271 1.80263 0
0.906158 1.80263 0
0.911046 1.80263 0
0.915933 1.80263 0
0.920821 1.80263 0
0.925709 1.80263 0
0.930596 1.80263 0
0.935484 1.80263 0
0.940371 1.80263 0
0.945259 1.80263 0
0.950147 1.80263 0
0.955034 1.80263 0
0.959922 1.80263 0
0.964809 1.80263 0
0.969697 1.80263 0
0.974585 1.80263 0
0.979472 1.80263 0
0.98436 1.80263 0
0.989247 1.80263 0
0.994135 1.80263 0
0.999022 1.80263 0
1.00391 1.80263 0
1.0088 1.80263 0
1.01369 1.80263 0
1.01857 1.80263 0
1.02346 1.80263 0
1.02835 1.80263 0
1.03324 1.80263 0
1.03812 1.80263 0
1.04301 1.80263 0
1.0479 1.80263 0
1.05279 1.80263 0
1.05767 1.80263 0
1.06256 1.80263 0
1.06745 1.80263 0
1.07234 1.80263 0
1.07722 1.80263 0
1.08211 1.80263 0
1.087 1.80263 0
1.09189 1.80263 0
1.09677 1.80263 0
1.10166 1.80263 0
1.10655 1.80263 0
1.11144 1.80263 0
1.11632 1.80263 0
1.12121 1.80263 0
1.1261 1.80263 0
1.13099 1.80263 0
1.13587 1.80263 0
1.14076 1.80263 0
1.14565 1.80263 0
1.15054 1.80263 0
1.15543 1.80263 0
1.16031 1.80263 0
1.1652 1.80263 0
1.17009 1.80263 0
1.17498 1.80263 0
1.17986 1.80263 0
1.18475 1.80263 0
1.18964 1.80263 0
1.19453 1.80263 0
1.19941 1.80263 0
1.2043 1.80263 0
1.20919 1.80263 0
1.21408 1.80263 0
1.21896 1.80263 0
1.22385 1.80263 0
1.22874 1.80263 0
1.23363 1.80263 0
1.23851 1.80263 0
1.2434 1.80263 0
1.24829 1.80262 0
1.25318 1.80262 0
1.25806 1.80263 0
1.26295 1.80263 0
1.26784 1.80263 0
1.27273 1.80263 0
1.27761 1.80263 0
1.2825 1.80263 0
1.28739 1.80263 0
1.29228 1.80263 0
1.29717 1.80263 0
1.30205 1.80263 0
1.30694 1.80263 0
1.31183 1.80263 0
1.31672 1.80263 0
1.3216 1.80263 0
1.32649 1.80263 0
1.33138 1.80263 0
1.33627 1.80263 0
1.34115 1.80263 0
1.34604 1.80263 0
1.35093 1.80262 0
1.35582 1.80262 0
1.3607 1.80262 0
1.36559 1.80261 0
1.37048 1.8026 0
1.37537 1.80259 0
1.38025 1.80256 0
1.38514 1.80253 0
1.39003 1.80247 0
1.39492 1.80239 0
1.3998 1.80227 0
1.40469 1.80212 0
1.40958 1.80189 0
1.41447 1.80158 0
1.41935 1.80116 0
1.42424 1.80062 0
1.42913 1.79998 0
1.43402 1.79926 0
1.43891 1.79845 0
1.44379 1.79753 0
1.44868 1.79646 0
1.45357 1.79521 0
1.45846 1.79379 0
1.46334 1.7923 0
1.46823 1.7909 0
1.47312 1.78977 0
1.47801 1.78902 0
1.48289 1.78857 0
1.48778 1.78815 0
1.49267 1.78737 0
1.49756 1.7859 0
1.50244 1.78361 0
1.50733 1.78061 0
1.51222 1.7772 0
1.51711 1.77382 0
1.52199 1.77091 0
1.52688 1.76876 0
1.53177 1.76749 0
1.53666 1.76696 0
1.54154 1.76696 0
1.54643 1.76727 0
1.55132 1.76767 0
1.55621 1.76793 0
1.56109 1.76779 0
1.56598 1.76701 0
1.57087 1.76545 0
1.57576 1.76318 0
1.58065 1.76046 0
1.58553 1.7576 0
1.59042 1.75487 0
1.59531 1.75242 0
1.6002 1.75035 0
1.60508 1.7487 0
1.60997 1.74747 0
1.61486 1.74659 0
1.61975 1.74598 0
1.62463 1.74558 0
1.62952 1.74532 0
1.63441 1.74507 0
1.6393 1.74458 0
1.64418 1.74365 0
1.64907 1.74224 0
1.65396 1.74044 0
1.65885 1.73843 0
1.66373 1.73628 0
1.66862 1.73408 0
1.67351 1.73179 0
1.6784 1.72934 0
1.68328 1.72657 0
1.68817 1.72337 0
1.69306 1.71986 0
1.69795 1.71646 0
1.70283 1.71372 0
1.70772 1.71194 0
1.71261 1.71096 0
1.7175 1.71021 0
1.72239 1.70906 0
1.72727 1.70716 0
1.73216 1.70451 0
1.73705 1.7013 0
1.74194 1.69766 0
1.74682 1.69357 0
1.75171 1.68898 0
1.7566 1.68395 0
1.76149 1.6786 0
1.76637 1.67289 0
1.77126 1.66649 0
1.77615 1.65901 0
1.78104 1.65029 0
1.78592 1.64053 0
1.79081 1.63018 0
1.7957 1.6196 0
1.80059 1.60901 0
1.80547 1.59848 0
1.81036 1.58811 0
1.81525 1.57804 0
1.82014 1.56835 0
1.82502 1.5589 0
1.82991 1.54935 0
1.8348 1.53945 0
1.83969 1.52915 0
1.84457 1.51867 0
1.84946 1.50825 0
1.85435 1.49813 0
1.85924 1.48846 0
1.86413 1.4793 0
1.86901 1.47058 0
1.8739 1.4622 0
1.87879 1.45412 0
1.88368 1.44634 0
1.88856 1.43888 0
1.89345 1.4316 0
1.89834 1.42423 0
1.90323 1.41645 0
1.90811 1.4081 0
1.913 1.39925 0
1.91789 1.39018 0
1.92278 1.38113 0
1.92766 1.37218 0
1.93255 1.36326 0
1.93744 1.35439 0
1.94233 1.34584 0
1.94721 1.33812 0
1.9521 1.33171 0
1.95699 1.32682 0
1.96188 1.32312 0
1.96676 1.31992 0
1.97165 1.31645 0
1.97654 1.3122 0
1.98143 1.30695 0
1.98631 1.30073 0
1.9912 1.29367 0
1.99609 1.28596 0
2.00098 1.27778 0
2.00587 1.26942 0
2.01075 1.26136 0
2.01564 1.2542 0
2.02053 1.24849 0
2.02542 1.2444 0
2.0303 1.24172 0
2.03519 1.24002 0
2.04008 1.23894 0
2.04497 1.23844 0
2.04985 1.23889 0
2.05474 1.24059 0
2.05963 1.24336 0
2.06452 1.24635 0
2.0694 1.24843 0
2.07429 1.24883 0
2.07918 1.24738 0
2.08407 1.24433 0
2.08895 1.24004 0
2.09384 1.23478 0
2.09873 1.22876 0
2.10362 1.22229 0
2.1085 1.21594 0
2.11339 1.21046 0
2.11828 1.20646 0
2.12317 1.20424 0
2.12805 1.20368 0
2.13294 1.20443 0
2.13783 1.20604 0
2.14272 1.20821 0
2.1476 1.21082 0
2.15249 1.21395 0
2.15738 1.21771 0
2.16227 1.22207 0
2.16716 1.22686 0
2.17204 1.2318 0
2.17693 1.23656 0
2.18182 1.24087 0
2.18671 1.24453 0
2.19159 1.24744 0
2.19648 1.2496 0
2.20137 1.25116 0
2.20626 1.25237 0
2.21114 1.25344 0
2.21603 1.25447 0
2.22092 1.25557 0
2.22581 1.25709 0
2.23069 1.25955 0
2.23558 1.26339 0
2.24047 1.26862 0
2.24536 1.2747 0
2.25024 1.28077 0
2.25513 1.28613 0
2.26002 1.29048 0
2.26491 1.29401 0
2.26979 1.29717 0
2.27468 1.30037 0
2.27957 1.30386 0
2.28446 1.30776 0
2.28935 1.31209 0
2.29423 1.31687 0
2.29912 1.32221 0
2.30401 1.32832 0
2.3089 1.33538 0
2.31378 1.34337 0
2.31867 1.35201 0
2.32356 1.36098 0
2.32845 1.37003 0
2.33333 1.37914 0
2.33822 1.38822 0
2.34311 1.39701 0
2.348 1.4051 0
2.35288 1.41237 0
2.35777 1.41903 0
2.36266 1.42556 0
2.36755 1.4323 0
2.37243 1.43936 0
2.37732 1.44671 0
2.38221 1.45444 0
2.3871 1.4627 0
2.39198 1.47159 0
2.39687 1.48095 0
2.40176 1.49048 0
2.40665 1.49991 0
2.41153 1.5092 0
2.41642 1.51865 0
2.42131 1.52879 0
2.4262 1.54021 0
2.43109 1.55345 0
2.43597 1.56885 0
2.44086 1.58626 0
2.44575 1.60488 0
2.45064 1.62345 0
2.45552 1.64086 0
2.46041 1.65682 0
2.4653 1.67199 0
2.47019 1.68743 0
2.47507 1.70376 0
2.47996 1.72075 0
2.48485 1.73756 0
2.48974 1.75345 0
2.49462 1.76832 0
2.49951 1.7827 0
2.5044 1.79734 0
2.50929 1.81268 0
2.51417 1.82868 0
2.51906 1.84497 0
2.52395 1.86114 0
2.52884 1.87711 0
2.53372 1.89325 0
2.53861 1.91017 0
2.5435 1.92852 0
2.54839 1.9486 0
2.55327 1.97011 0
2.55816 1.99215 0
2.56305 2.01357 0
2.56794 2.03351 0
2.57282 2.05167 0
2.57771 2.06816 0
2.5826 2.08311 0
2.58749 2.09635 0
2.59238 2.10763 0
2.59726 2.11671 0
2.60215 2.1234 0
2.60704 2.12738 0
2.61193 2.12816 0
2.61681 2.12522 0
2.6217 2.11817 0
2.62659 2.10674 0
2.63148 2.09067 0
2.63636 2.06957 0
2.64125 2.04301 0
2.64614 2.0106 0
2.65103 1.97213 0
2.65591 1.92757 0
2.6608 1.87707 0
2.66569 1.82091 0
2.67058 1.75953 0
2.67546 1.69363 0
2.68035 1.62421 0
2.68524 1.55229 0
2.69013 1.47873 0
2.69501 1.40404 0
2.6999 1.32863 0
2.70479 1.25316 0
2.70968 1.1787 0
2.71457 1.10654 0
2.71945 1.03776 0
2.72434 0.972875 0
2.72923 0.911853 0
2.73412 0.854432 0
2.739 0.800462 0
2.74389 0.750028 0
2.74878 0.703357 0
2.75367 0.660645 0
2.75855 0.621951 0
2.76344 0.587148 0
2.76833 0.555938 0
2.77322 0.527878 0
2.7781 0.502417 0
2.78299 0.479021 0
2.78788 0.457308 0
2.79277 0.437139 0
2.79765 0.418565 0
2.80254 0.401707 0
2.80743 0.386698 0
2.81232 0.373641 0
2.8172 0.362522 0
2.82209 0.353122 0
2.82698 0.345039 0
2.83187 0.337856 0
2.83675 0.331343 0
2.84164 0.325531 0
2.84653 0.320637 0
2.85142 0.316913 0
2.8563 0.314542 0
2.86119 0.313571 0
2.86608 0.313888 0
2.87097 0.315199 0
2.87586 0.317092 0
2.88074 0.319181 0
2.88563 0.321285 0
2.89052 0.323502 0
2.89541 0.326107 0
2.90029 0.329381 0
2.90518 0.333499 0
2.91007 0.33852 0
2.91496 0.344425 0
2.91984 0.351148 0
2.92473 0.358583 0
2.92962 0.366562 0
2.93451 0.37483 0
2.93939 0.383075 0
2.94428 0.391007 0
2.94917 0.398466 0
2.95406 0.405504 0
2.95894 0.412354 0
2.96383 0.41926 0
2.96872 0.426285 0
2.97361 0.433242 0
2.97849 0.439766 0
2.98338 0.445487 0
2.98827 0.4502 0
2.99316 0.453939 0
2.99804 0.456909 0
3.00293 0.459383 0
3.00782 0.461569 0
3.01271 0.463539 0
3.0176 0.465223 0
3.02248 0.466488 0
3.02737 0.467265 0
3.03226 0.467622 0
3.03715 0.467733 0
3.04203 0.467753 0
3.04692 0.467713 0
3.05181 0.467522 0
3.0567 0.46703 0
3.06158 0.466095 0
3.06647 0.464616 0
3.07136 0.46252 0
3.07625 0.459739 0
3.08113 0.456251 0
3.08602 0.452194 0
3.09091 0.447928 0
3.0958 0.443936 0
3.10068 0.440571 0
3.10557 0.43785 0
3.11046 0.435438 0
3.11535 0.432794 0
3.12023 0.429367 0
3.12512 0.42475 0
3.13001 0.418795 0
3.1349 0.411659 0
3.13978 0.403731 0
3.14467 0.395431 0
3.14956 0.387051 0
3.15445 0.378701 0
3.15934 0.370353 0
3.16422 0.361927 0
3.16911 0.353367 0
3.174 0.344721 0
3.17889 0.336162 0
3.18377 0.327915 0
3.18866 0.320113 0
3.19355 0.312692 0
3.19844 0.305413 0
3.20332 0.297963 0
3.20821 0.290091 0
3.2131 0.281702 0
3.21799 0.27287 0
3.22287 0.263747 0
3.22776 0.25443 0
3.23265 0.244899 0
3.23754 0.235113 0
3.24242 0.225128 0
3.24731 0.215128 0
3.2522 0.205334 0
3.25709 0.195909 0
3.26197 0.186904 0
3.26686 0.178276 0
3.27175 0.169909 0
3.27664 0.161663 0
3.28153 0.15339 0
3.28641 0.14498 0
3.2913 0.136397 0
3.29619 0.127732 0
3.30108 0.119184 0
3.30596 0.11097 0
3.31085 0.103204 0
3.31574 0.09586 0
3.32063 0.0888354 0
3.32551 0.0820401 0
3.3304 0.0754314 0
3.33529 0.0689731 0
3.34018 0.062585 0
3.34506 0.0561495 0
3.34995 0.0495781 0
3.35484 0.0428753 0
3.35973 0.0361496 0
3.36461 0.0295831 0
3.3695 0.0233842 0
3.37439 0.0177362 0
3.37928 0.0127554 0
3.38416 0.00848744 0
3.38905 0.00494217 0
3.39394 0.00212814 0
3.39883 5.09334e-05 0
3.40371 -0.00131866 0
3.4086 -0.00206867 0
3.41349 -0.00233624 0
3.41838 -0.00227521 0
3.42326 -0.00202397 0
3.42815 -0.00168817 0
3.43304 -0.00133856 0
3.43793 -0.00101681 0
3.44282 -0.00074373 0
3.4477 -0.000525913 0
3.45259 -0.000360775 0
3.45748 -0.00024045 0
3.46237 -0.000155277 0
3.46725 -9.62398e-05 0
3.47214 -5.59923e-05 0
3.47703 -2.89916e-05 0
3.48192 -1.11261e-05 0
3.4868 5.4517e-07 0
3.49169 8.10077e-06 0
3.49658 1.29601e-05 0
3.50147 1.60907e-05 0
3.50635 1.80972e-05 0
3.51124 1.94184e-05 0
3.51613 2.02927e-05 0
3.52102 2.08916e-05 0
3.5259 2.13192e-05 0
3.53079 2.16344e-05 0
3.53568 2.18853e-05 0
3.54057 2.2093e-05 0
3.54545 2.22713e-05 0
3.55034 2.24308e-05 0
3.55523 2.2571e-05 0
3.56012 2.26912e-05 0
3.56501 2.27917e-05 0
3.56989 2.28713e-05 0
3.57478 2.29306e-05 0
3.57967 2.29727e-05 0
3.58456 2.30026e-05 0
3.58944 2.3024e-05 0
3.59433 2.30424e-05 0
3.59922 2.30604e-05 0
3.60411 2.30796e-05 0
3.60899 2.31002e-05 0
3.61388 2.31215e-05 0
3.61877 2.31434e-05 0
3.62366 2.31655e-05 0
3.62854 2.31874e-05 0
3.63343 2.32084e-05 0
3.63832 2.32276e-05 0
3.64321 2.32434e-05 0
3.64809 2.32542e-05 0
3.65298 2.32576e-05 0
3.65787 2.32518e-05 0
3.66276 2.32352e-05 0
3.66764 2.32076e-05 0
3.67253 2.31701e-05 0
3.67742 2.31254e-05 0
3.68231 2.30773e-05 0
3.68719 2.30305e-05 0
3.69208 2.29904e-05 0
3.69697 2.29621e-05 0
3.70186 2.29508e-05 0
3.70674 2.29603e-05 0
3.71163 2.29935e-05 0
3.71652 2.3052e-05 0
3.72141 2.31363e-05 0
3.7263 2.32461e-05 0
3.73118 2.33799e-05 0
3.73607 2.35355e-05 0
3.74096 2.37096e-05 0
3.74585 2.38978e-05 0
3.75073 2.40949e-05 0
3.75562 2.42943e-05 0
3.76051 2.4489e-05 0
3.7654 2.46712e-05 0
3.77028 2.48344e-05 0
3.77517 2.49733e-05 0
3.78006 2.50856e-05 0
3.78495 2.5172e-05 0
3.78983 2.52364e-05 0
3.79472 2.52847e-05 0
3.79961 2.53238e-05 0
3.8045 2.53599e-05 0
3.80938 2.53976e-05 0
3.81427 2.54395e-05 0
3.81916 2.54864e-05 0
3.82405 2.55372e-05 0
3.82893 2.55893e-05 0
3.83382 2.56392e-05 0
3.83871 2.56825e-05 0
3.8436 2.5714e-05 0
3.84848 2.57279e-05 0
3.85337 2.57181e-05 0
3.85826 2.56797e-05 0
3.86315 2.56098e-05 0
3.86804 2.55094e-05 0
3.87292 2.53846e-05 0
3.87781 2.52461e-05 0
3.8827 2.51086e-05 0
3.88759 2.49881e-05 0
3.89247 2.4899e-05 0
3.89736 2.48519e-05 0
3.90225 2.4852e-05 0
3.90714 2.48978e-05 0
3.91202 2.49814e-05 0
3.91691 2.5089e-05 0
3.9218 2.52028e-05 0
3.92669 2.53032e-05 0
3.93157 2.537e-05 0
3.93646 2.53837e-05 0
3.94135 2.53271e-05 0
3.94624 2.51858e-05 0
3.95112 2.49517e-05 0
3.95601 2.46283e-05 0
3.9609 2.42357e-05 0
3.96579 2.35571e-05 0
3.97067 2.31446e-05 0
3.97556 2.2529e-05 0
3.98045 2.2239e-05 0
3.98534 2.17702e-05 0
3.99022 2.16198e-05 0
3.99511 2.15192e-05 0
4 2.1454e-05 0
