-1 4.86709e-08 0
-0.995112 5.65335e-08 0
-0.990225 3.90455e-08 0
-0.985337 -5.11475e-08 0
-0.98045 -3.05434e-07 0
-0.975562 -8.627e-07 0
-0.970675 -1.87248e-06 0
-0.965787 -3.41156e-06 0
-0.960899 -5.40231e-06 0
-0.956012 -7.59981e-06 0
-0.951124 -9.65959e-06 0
-0.946237 -1.12409e-05 0
-0.941349 -1.20986e-05 0
-0.936461 -1.21394e-05 0
-0.931574 -1.14316e-05 0
-0.926686 -1.0166e-05 0
-0.921799 -8.58986e-06 0
-0.916911 -6.94298e-06 0
-0.912023 -5.42108e-06 0
-0.907136 -4.1623e-06 0
-0.902248 -3.24236e-06 0
-0.897361 -2.67479e-06 0
-0.892473 -2.42245e-06 0
-0.887586 -2.41983e-06 0
-0.882698 -2.59221e-06 0
-0.87781 -2.86196e-06 0
-0.872923 -3.14753e-06 0
-0.868035 -3.36631e-06 0
-0.863148 -3.44534e-06 0
-0.85826 -3.33294e-06 0
-0.853372 -3.00117e-06 0
-0.848485 -2.43829e-06 0
-0.843597 -1.64252e-06 0
-0.83871 -6.25472e-07 0
-0.833822 5.78985e-07 0
-0.828935 1.91281e-06 0
-0.824047 3.30506e-06 0
-0.819159 4.68843e-06 0
-0.814272 6.0085e-06 0
-0.809384 7.22127e-06 0
-0.804497 8.28816e-06 0
-0.799609 9.17645e-06 0
-0.794721 9.86475e-06 0
-0.789834 1.03465e-05 0
-0.784946 1.06259e-05 0
-0.780059 1.07069e-05 0
-0.775171 1.05817e-05 0
-0.770283 1.02293e-05 0
-0.765396 9.62366e-06 0
-0.760508 8.74867e-06 0
-0.755621 7.61075e-06 0
-0.750733 6.24558e-06 0
-0.745845 4.7131e-06 0
-0.740958 3.08041e-06 0
-0.73607 1.40266e-06 0
-0.731183 -2.84791e-07 0
-0.726295 -1.95815e-06 0
-0.721408 -3.59093e-06 0
-0.71652 -5.1476e-06 0
-0.711632 -6.58955e-06 0
-0.706745 -7.88684e-06 0
-0.701857 -9.02553e-06 0
-0.69697 -1.00057e-05 0
-0.692082 -1.0833e-05 0
-0.687195 -1.1511e-05 0
-0.682307 -1.20387e-05 0
-0.677419 -1.24105e-05 0
-0.672532 -1.26182e-05 0
-0.667644 -1.26571e-05 0
-0.662757 -1.25352e-05 0
-0.657869 -1.22764e-05 0
-0.652981 -1.19168e-05 0
-0.648094 -1.14952e-05 0
-0.643206 -1.10468e-05 0
-0.638319 -1.06006e-05 0
-0.633431 -1.01833e-05 0
-0.628544 -9.82474e-06 0
-0.623656 -9.5568e-06 0
-0.618768 -9.40637e-06 0
-0.613881 -9.38949e-06 0
-0.608993 -9.51069e-06 0
-0.604106 -9.76257e-06 0
-0.599218 -1.01219e-05 0
-0.59433 -1.05489e-05 0
-0.589443 -1.09965e-05 0
-0.584555 -1.14262e-05 0
-0.579668 -1.18233e-05 0
-0.57478 -1.2204e-05 0
-0.569892 -1.26132e-05 0
-0.565005 -1.31083e-05 0
-0.560117 -1.37378e-05 0
-0.55523 -1.45219e-05 0
-0.550342 -1.54498e-05 0
-0.545455 -1.64919e-05 0
-0.540567 -1.76253e-05 0
-0.535679 -1.88495e-05 0
-0.530792 -2.01838e-05 0
-0.525904 -2.16506e-05 0
-0.521017 -2.32577e-05 0
-0.516129 -2.49836e-05 0
-0.511241 -2.67656e-05 0
-0.506354 -2.84831e-05 0
-0.501466 -2.99434e-05 0
-0.496579 -3.0859e-05 0
-0.491691 -3.07902e-05 0
-0.486804 -2.90239e-05 0
-0.481916 -2.43807e-05 0
-0.477028 -1.49317e-05 0
-0.472141 2.42513e-06 0
-0.467253 3.26217e-05 0
-0.462366 8.35166e-05 0
-0.457478 0.000167738 0
-0.45259 0.000305801 0
-0.447703 0.000531313 0
-0.442815 0.000899626 0
-0.437928 0.00150217 0
-0.43304 0.0024903 0
-0.428152 0.00411447 0
-0.423265 0.00678593 0
-0.418377 0.0111613 0
-0.41349 0.0182234 0
-0.408602 0.0292735 0
-0.403715 0.0457128 0
-0.398827 0.068588 0
-0.393939 0.0981327 0
-0.389052 0.133688 0
-0.384164 0.174113 0
-0.379277 0.21834 0
-0.374389 0.265665 0
-0.369501 0.315733 0
-0.364614 0.368446 0
-0.359726 0.423985 0
-0.354839 0.482903 0
-0.349951 0.54607 0
-0.345064 0.614369 0
-0.340176 0.688283 0
-0.335288 0.767535 0
-0.330401 0.85086 0
-0.325513 0.93592 0
-0.320626 1.01956 0
-0.315738 1.0984 0
-0.310851 1.16955 0
-0.305963 1.23099 0
-0.301075 1.28164 0
-0.296188 1.32122 0
-0.2913 1.35018 0
-0.286413 1.36965 0
-0.281525 1.38121 0
-0.276637 1.38677 0
-0.27175 1.38831 0
-0.266862 1.38763 0
-0.261975 1.38607 0
-0.257087 1.38439 0
-0.252199 1.38299 0
-0.247312 1.38213 0
-0.242424 1.38216 0
-0.237537 1.38332 0
-0.232649 1.38534 0
-0.227761 1.38701 0
-0.222874 1.38638 0
-0.217986 1.3814 0
-0.213099 1.37057 0
-0.208211 1.35352 0
-0.203324 1.33143 0
-0.198436 1.30698 0
-0.193548 1.28371 0
-0.188661 1.26494 0
-0.183773 1.25268 0
-0.178886 1.24725 0
-0.173998 1.24759 0
-0.16911 1.25206 0
-0.164223 1.25925 0
-0.159335 1.26828 0
-0.154448 1.27871 0
-0.14956 1.29023 0
-0.144672 1.30255 0
-0.139785 1.31555 0
-0.134897 1.32935 0
-0.13001 1.34399 0
-0.125122 1.35929 0
-0.120235 1.37469 0
-0.115347 1.38942 0
-0.110459 1.4028 0
-0.105572 1.41448 0
-0.100684 1.42466 0
-0.0957966 1.43407 0
-0.0909091 1.44363 0
-0.0860215 1.45416 0
-0.0811339 1.46622 0
-0.0762463 1.47983 0
-0.0713587 1.49453 0
-0.0664712 1.50951 0
-0.0615836 1.52394 0
-0.056696 1.53733 0
-0.0518084 1.54958 0
-0.0469208 1.56104 0
-0.0420333 1.57223 0
-0.0371457 1.58372 0
-0.0322581 1.59588 0
-0.0273705 1.60883 0
-0.0224829 1.6224 0
-0.0175954 1.63624 0
-0.0127078 1.64994 0
-0.00782019 1.6632 0
-0.00293261 1.67596 0
0.00195497 1.68836 0
0.00684255 1.70062 0
0.0117301 1.71296 0
0.0166177 1.72547 0
0.0215053 1.73811 0
0.0263929 1.75066 0
0.0312805 1.76279 0
0.036168 1.7741 0
0.0410556 1.78414 0
0.0459432 1.79251 0
0.0508308 1.79906 0
0.0557185 1.80388 0
0.0606061 1.80732 0
0.0654937 1.80974 0
0.0703813 1.81142 0
0.0752688 1.81259 0
0.0801564 1.81339 0
0.085044 1.81394 0
0.0899316 1.81433 0
0.0948192 1.81459 0
0.0997067 1.81478 0
0.104594 1.81492 0
0.109482 1.81502 0
0.114369 1.81509 0
0.119257 1.81515 0
0.124145 1.81519 0
0.129032 1.81523 0
0.13392 1.81525 0
0.138808 1.81528 0
0.143695 1.8153 0
0.148583 1.81532 0
0.15347 1.81533 0
0.158358 1.81534 0
0.163245 1.81535 0
0.168133 1.81536 0
0.173021 1.81537 0
0.177908 1.81538 0
0.182796 1.81539 0
0.187683 1.8154 0
0.192571 1.8154 0
0.197459 1.81541 0
0.202346 1.81541 0
0.207234 1.81542 0
0.212121 1.81542 0
0.217009 1.81542 0
0.221896 1.81543 0
0.226784 1.81543 0
0.231672 1.81543 0
0.236559 1.81544 0
0.241447 1.81544 0
0.246334 1.81544 0
0.251222 1.81544 0
0.256109 1.81544 0
0.260997 1.81545 0
0.265885 1.81545 0
0.270772 1.81545 0
0.27566 1.81545 0
0.280547 1.81545 0
0.285435 1.81545 0
0.290323 1.81546 0
0.29521 1.81546 0
0.300098 1.81546 0
0.304985 1.81546 0
0.309873 1.81546 0
0.31476 1.81546 0
0.319648 1.81546 0
0.324536 1.81546 0
0.329423 1.81546 0
0.334311 1.81547 0
0.339198 1.81547 0
0.344086 1.81547 0
0.348974 1.81547 0
0.353861 1.81547 0
0.358749 1.81547 0
0.363636 1.81547 0
0.368524 1.81547 0
0.373412 1.81547 0
0.378299 1.81547 0
0.383187 1.81547 0
0.388074 1.81547 0
0.392962 1.81547 0
0.397849 1.81548 0
0.402737 1.81548 0
0.407625 1.81548 0
0.412512 1.81548 0
0.4174 1.81548 0
0.422287 1.81548 0
0.427175 1.81548 0
0.432063 1.81548 0
0.43695 1.81548 0
0.441838 1.81548 0
0.446725 1.81548 0
0.451613 1.81548 0
0.4565 1.81548 0
0.461388 1.81548 0
0.466276 1.81548 0
0.471163 1.81548 0
0.476051 1.81548 0
0.480938 1.81548 0
0.485826 1.81548 0
0.490714 1.81548 0
0.495601 1.81548 0
0.500489 1.81548 0
0.505376 1.81548 0
0.510264 1.81548 0
0.515152 1.81548 0
0.520039 1.81548 0
0.524927 1.81548 0
0.529814 1.81548 0
0.534702 1.81548 0
0.539589 1.81548 0
0.544477 1.81548 0
0.549365 1.81548 0
0.554252 1.81548 0
0.55914 1.81548 0
0.564027 1.81548 0
0.568915 1.81548 0
0.573803 1.81548 0
0.57869 1.81548 0
0.583578 1.81548 0
0.588465 1.81548 0
0.593353 1.81548 0
0.59824 1.81548 0
0.603128 1.81548 0
0.608016 1.81548 0
0.612903 1.81548 0
0.617791 1.81548 0
0.622678 1.81548 0
0.627566 1.81548 0
0.632454 1.81548 0
0.637341 1.81548 0
0.642229 1.81548 0
0.647116 1.81548 0
0.652004 1.81548 0
0.656892 1.81548 0
0.661779 1.81548 0
0.666667 1.81548 0
0.671554 1.81548 0
0.676442 1.81548 0
0.681329 1.81548 0
0.686217 1.81548 0
0.691105 1.81549 0
0.695992 1.81549 0
0.70088 1.81548 0
0.705767 1.81548 0
0.710655 1.81549 0
0.715543 1.81549 0
0.72043 1.81549 0
0.725318 1.81549 0
0.730205 1.81549 0
0.735093 1.81549 0
0.73998 1.81549 0
0.744868 1.81548 0
0.749756 1.81549 0
0.754643 1.81548 0
0.759531 1.81548 0
0.764418 1.81548 0
0.769306 1.81548 0
0.774194 1.81548 0
0.779081 1.81548 0
0.783969 1.81548 0
0.788856 1.81548 0
0.793744 1.81548 0
0.798632 1.81548 0
0.803519 1.81548 0
0.808407 1.81548 0
0.813294 1.81548 0
0.818182 1.81548 0
0.823069 1.81548 0
0.827957 1.81548 0
0.832845 1.81548 0
0.837732 1.81548 0
0.84262 1.81548 0
0.847507 1.81548 0
0.852395 1.81548 0
0.857283 1.81548 0
0.86217 1.81548 0
0.867058 1.81548 0
0.871945 1.81548 0
0.876833 1.81548 0
0.88172 1.81548 0
0.886608 1.81548 0
0.891496 1.81548 0
0.896383 1.81548 0
0.901271 1.81548 0
0.906158 1.81548 0
0.911046 1.81548 0
0.915933 1.81548 0
0.920821 1.81548 0
0.925709 1.81548 0
0.930596 1.81548 0
0.935484 1.81548 0
0.940371 1.81548 0
0.945259 1.81548 0
0.950147 1.81548 0
0.955034 1.81548 0
0.959922 1.81548 0
0.964809 1.81548 0
0.969697 1.81548 0
0.974585 1.81548 0
0.979472 1.81548 0
0.98436 1.81548 0
0.989247 1.81548 0
0.994135 1.81548 0
0.999022 1.81548 0
1.00391 1.81548 0
1.0088 1.81548 0
1.01369 1.81548 0
1.01857 1.81548 0
1.02346 1.81548 0
1.02835 1.81548 0
1.03324 1.81548 0
1.03812 1.81548 0
1.04301 1.81548 0
1.0479 1.81548 0
1.05279 1.81548 0
1.05767 1.81548 0
1.06256 1.81548 0
1.06745 1.81548 0
1.07234 1.81548 0
1.07722 1.81548 0
1.08211 1.81548 0
1.087 1.81548 0
1.09189 1.81548 0
1.09677 1.81548 0
1.10166 1.81548 0
1.10655 1.81548 0
1.11144 1.81548 0
1.11632 1.81548 0
1.12121 1.81548 0
1.1261 1.81548 0
1.13099 1.81548 0
1.13587 1.81548 0
1.14076 1.81548 0
1.14565 1.81548 0
1.15054 1.81548 0
1.15543 1.81548 0
1.16031 1.81548 0
1.1652 1.81548 0
1.17009 1.81548 0
1.17498 1.81548 0
1.17986 1.81548 0
1.18475 1.81547 0
1.18964 1.81547 0
1.19453 1.81547 0
1.19941 1.81547 0
1.2043 1.81547 0
1.20919 1.81547 0
1.21408 1.81547 0
1.21896 1.81547 0
1.22385 1.81546 0
1.22874 1.81546 0
1.23363 1.81546 0
1.23851 1.81546 0
1.2434 1.81546 0
1.24829 1.81545 0
1.25318 1.81545 0
1.25806 1.81545 0
1.26295 1.81545 0
1.26784 1.81544 0
1.27273 1.81544 0
1.27761 1.81544 0
1.2825 1.81543 0
1.28739 1.81543 0
1.29228 1.81542 0
1.29717 1.81542 0
1.30205 1.81541 0
1.30694 1.81541 0
1.31183 1.8154 0
1.31672 1.8154 0
1.3216 1.81539 0
1.32649 1.81538 0
1.33138 1.81537 0
1.33627 1.81536 0
1.34115 1.81535 0
1.34604 1.81534 0
1.35093 1.81533 0
1.35582 1.81531 0
1.3607 1.8153 0
1.36559 1.81528 0
1.37048 1.81526 0
1.37537 1.81524 0
1.38025 1.81522 0
1.38514 1.81519 0
1.39003 1.81516 0
1.39492 1.81512 0
1.3998 1.81508 0
1.40469 1.81503 0
1.40958 1.81497 0
1.41447 1.81489 0
1.41935 1.8148 0
1.42424 1.81468 0
1.42913 1.81452 0
1.43402 1.81431 0
1.43891 1.81402 0
1.44379 1.81361 0
1.44868 1.81304 0
1.45357 1.81222 0
1.45846 1.81105 0
1.46334 1.80939 0
1.46823 1.80705 0
1.47312 1.80389 0
1.47801 1.79982 0
1.48289 1.79504 0
1.48778 1.78995 0
1.49267 1.78499 0
1.49756 1.78027 0
1.50244 1.77554 0
1.50733 1.77036 0
1.51222 1.76433 0
1.51711 1.75721 0
1.52199 1.74879 0
1.52688 1.73881 0
1.53177 1.72698 0
1.53666 1.71318 0
1.54154 1.69761 0
1.54643 1.68088 0
1.55132 1.66387 0
1.55621 1.64759 0
1.56109 1.63293 0
1.56598 1.62048 0
1.57087 1.61042 0
1.57576 1.60237 0
1.58065 1.59541 0
1.58553 1.58835 0
1.59042 1.5801 0
1.59531 1.57007 0
1.6002 1.5584 0
1.60508 1.54591 0
1.60997 1.53365 0
1.61486 1.52242 0
1.61975 1.51241 0
1.62463 1.50341 0
1.62952 1.4952 0
1.63441 1.48784 0
1.6393 1.48131 0
1.64418 1.47516 0
1.64907 1.46858 0
1.65396 1.46106 0
1.65885 1.45268 0
1.66373 1.44392 0
1.66862 1.43517 0
1.67351 1.4265 0
1.6784 1.41782 0
1.68328 1.40895 0
1.68817 1.39978 0
1.69306 1.39031 0
1.69795 1.38058 0
1.70283 1.37048 0
1.70772 1.35981 0
1.71261 1.34856 0
1.7175 1.33714 0
1.72239 1.32628 0
1.72727 1.31659 0
1.73216 1.30816 0
1.73705 1.30052 0
1.74194 1.29295 0
1.74682 1.28487 0
1.75171 1.27603 0
1.7566 1.26662 0
1.76149 1.25709 0
1.76637 1.24786 0
1.77126 1.23911 0
1.77615 1.23069 0
1.78104 1.22231 0
1.78592 1.21373 0
1.79081 1.20475 0
1.7957 1.19518 0
1.80059 1.18492 0
1.80547 1.17415 0
1.81036 1.16348 0
1.81525 1.15373 0
1.82014 1.14561 0
1.82502 1.13937 0
1.82991 1.13483 0
1.8348 1.13163 0
1.83969 1.12944 0
1.84457 1.1278 0
1.84946 1.12591 0
1.85435 1.12283 0
1.85924 1.11798 0
1.86413 1.1115 0
1.86901 1.10412 0
1.8739 1.09671 0
1.87879 1.08988 0
1.88368 1.08405 0
1.88856 1.07978 0
1.89345 1.0777 0
1.89834 1.07809 0
1.90323 1.08052 0
1.90811 1.08403 0
1.913 1.08759 0
1.91789 1.09033 0
1.92278 1.09173 0
1.92766 1.09196 0
1.93255 1.09183 0
1.93744 1.09204 0
1.94233 1.09233 0
1.94721 1.09129 0
1.9521 1.0873 0
1.95699 1.0798 0
1.96188 1.06991 0
1.96676 1.05984 0
1.97165 1.05183 0
1.97654 1.04726 0
1.98143 1.04605 0
1.98631 1.04693 0
1.9912 1.04825 0
1.99609 1.04874 0
2.00098 1.04776 0
2.00587 1.04508 0
2.01075 1.04089 0
2.01564 1.03603 0
2.02053 1.0319 0
2.02542 1.02996 0
2.0303 1.03107 0
2.03519 1.03497 0
2.04008 1.0406 0
2.04497 1.04697 0
2.04985 1.05376 0
2.05474 1.06109 0
2.05963 1.06913 0
2.06452 1.07776 0
2.0694 1.08646 0
2.07429 1.09461 0
2.07918 1.10188 0
2.08407 1.10806 0
2.08895 1.11264 0
2.09384 1.11494 0
2.09873 1.11477 0
2.10362 1.11288 0
2.1085 1.11053 0
2.11339 1.10882 0
2.11828 1.10837 0
2.12317 1.10938 0
2.12805 1.11182 0
2.13294 1.11529 0
2.13783 1.11912 0
2.14272 1.12258 0
2.1476 1.12522 0
2.15249 1.12703 0
2.15738 1.12852 0
2.16227 1.13037 0
2.16716 1.13302 0
2.17204 1.13651 0
2.17693 1.1407 0
2.18182 1.14567 0
2.18671 1.15167 0
2.19159 1.15855 0
2.19648 1.16568 0
2.20137 1.17234 0
2.20626 1.178 0
2.21114 1.18246 0
2.21603 1.18601 0
2.22092 1.18939 0
2.22581 1.19355 0
2.23069 1.19931 0
2.23558 1.20693 0
2.24047 1.21576 0
2.24536 1.22449 0
2.25024 1.23212 0
2.25513 1.2386 0
2.26002 1.24458 0
2.26491 1.25066 0
2.26979 1.25703 0
2.27468 1.26378 0
2.27957 1.27123 0
2.28446 1.27959 0
2.28935 1.28867 0
2.29423 1.29826 0
2.29912 1.30868 0
2.30401 1.32059 0
2.3089 1.33426 0
2.31378 1.34912 0
2.31867 1.36378 0
2.32356 1.37649 0
2.32845 1.38587 0
2.33333 1.39161 0
2.33822 1.39447 0
2.34311 1.39594 0
2.348 1.3977 0
2.35288 1.40112 0
2.35777 1.40699 0
2.36266 1.41532 0
2.36755 1.42553 0
2.37243 1.43683 0
2.37732 1.44868 0
2.38221 1.46094 0
2.3871 1.47351 0
2.39198 1.48622 0
2.39687 1.49904 0
2.40176 1.51224 0
2.40665 1.52624 0
2.41153 1.5414 0
2.41642 1.55791 0
2.42131 1.57566 0
2.4262 1.59419 0
2.43109 1.61293 0
2.43597 1.63142 0
2.44086 1.64934 0
2.44575 1.66621 0
2.45064 1.68148 0
2.45552 1.69502 0
2.46041 1.70759 0
2.4653 1.7208 0
2.47019 1.73629 0
2.47507 1.75479 0
2.47996 1.7759 0
2.48485 1.79873 0
2.48974 1.82248 0
2.49462 1.84626 0
2.49951 1.86904 0
2.5044 1.88992 0
2.50929 1.90873 0
2.51417 1.92618 0
2.51906 1.94336 0
2.52395 1.96121 0
2.52884 1.98018 0
2.53372 2.00022 0
2.53861 2.02094 0
2.5435 2.04196 0
2.54839 2.06326 0
2.55327 2.08516 0
2.55816 2.10811 0
2.56305 2.13231 0
2.56794 2.15764 0
2.57282 2.18392 0
2.57771 2.21118 0
2.5826 2.23989 0
2.58749 2.27069 0
2.59238 2.304 0
2.59726 2.33959 0
2.60215 2.37672 0
2.60704 2.41474 0
2.61193 2.45354 0
2.61681 2.49357 0
2.6217 2.53529 0
2.62659 2.57863 0
2.63148 2.62294 0
2.63636 2.66736 0
2.64125 2.71127 0
2.64614 2.75449 0
2.65103 2.79743 0
2.65591 2.8409 0
2.6608 2.88559 0
2.66569 2.9316 0
2.67058 2.97837 0
2.67546 3.02458 0
2.68035 3.06822 0
2.68524 3.10645 0
2.69013 3.1355 0
2.69501 3.15021 0
2.6999 3.14343 0
2.70479 3.10569 0
2.70968 3.02594 0
2.71457 2.89336 0
2.71945 2.70006 0
2.72434 2.44437 0
2.72923 2.13313 0
2.73412 1.78142 0
2.739 1.40918 0
2.74389 1.03698 0
2.74878 0.683155 0
2.75367 0.362351 0
2.75855 0.0841548 0
2.76344 -0.147745 0
2.76833 -0.335036 0
2.77322 -0.48311 0
2.7781 -0.599076 0
2.78299 -0.69013 0
2.78788 -0.762602 0
2.79277 -0.821621 0
2.79765 -0.871008 0
2.80254 -0.913306 0
2.80743 -0.950059 0
2.81232 -0.982327 0
2.8172 -1.01109 0
2.82209 -1.03726 0
2.82698 -1.06153 0
2.83187 -1.08439 0
2.83675 -1.10615 0
2.84164 -1.12704 0
2.84653 -1.14723 0
2.85142 -1.16696 0
2.8563 -1.18681 0
2.86119 -1.20752 0
2.86608 -1.22958 0
2.87097 -1.25293 0
2.87586 -1.27701 0
2.88074 -1.30117 0
2.88563 -1.32503 0
2.89052 -1.34886 0
2.89541 -1.3734 0
2.90029 -1.39944 0
2.90518 -1.42726 0
2.91007 -1.45638 0
2.91496 -1.48567 0
2.91984 -1.51396 0
2.92473 -1.54081 0
2.92962 -1.56676 0
2.93451 -1.59308 0
2.93939 -1.62101 0
2.94428 -1.65122 0
2.94917 -1.68365 0
2.95406 -1.71789 0
2.95894 -1.75356 0
2.96383 -1.79061 0
2.96872 -1.82925 0
2.97361 -1.86953 0
2.97849 -1.91103 0
2.98338 -1.95305 0
2.98827 -1.99479 0
2.99316 -2.03554 0
2.99804 -2.07468 0
3.00293 -2.11198 0
3.00782 -2.1479 0
3.01271 -2.18324 0
3.0176 -2.2183 0
3.02248 -2.25198 0
3.02737 -2.28155 0
3.03226 -2.3031 0
3.03715 -2.31222 0
3.04203 -2.30429 0
3.04692 -2.27432 0
3.05181 -2.21664 0
3.0567 -2.12486 0
3.06158 -1.99245 0
3.06647 -1.81399 0
3.07136 -1.58752 0
3.07625 -1.31727 0
3.08113 -1.01577 0
3.08602 -0.703378 0
3.09091 -0.40447 0
3.0958 -0.141248 0
3.10068 0.0719097 0
3.10557 0.230801 0
3.11046 0.339744 0
3.11535 0.407707 0
3.12023 0.444688 0
3.12512 0.459709 0
3.13001 0.460181 0
3.1349 0.451846 0
3.13978 0.438817 0
3.14467 0.423618 0
3.14956 0.407479 0
3.15445 0.390868 0
3.15934 0.373968 0
3.16422 0.35681 0
3.16911 0.339234 0
3.174 0.320999 0
3.17889 0.302047 0
3.18377 0.282626 0
3.18866 0.263158 0
3.19355 0.24402 0
3.19844 0.225411 0
3.20332 0.207288 0
3.20821 0.189371 0
3.2131 0.171281 0
3.21799 0.152781 0
3.22287 0.133948 0
3.22776 0.115146 0
3.23265 0.0968683 0
3.23754 0.0796337 0
3.24242 0.0639184 0
3.24731 0.0500862 0
3.2522 0.0383085 0
3.25709 0.0285404 0
3.26197 0.0206143 0
3.26686 0.0143689 0
3.27175 0.00966166 0
3.27664 0.00629535 0
3.28153 0.00400092 0
3.28641 0.00249262 0
3.2913 0.00152519 0
3.29619 0.000913977 0
3.30108 0.000531299 0
3.30596 0.000292681 0
3.31085 0.00014415 0
3.31574 5.16714e-05 0
3.32063 -5.98134e-06 0
3.32551 -4.19975e-05 0
3.3304 -6.45764e-05 0
3.33529 -7.87823e-05 0
3.34018 -8.77071e-05 0
3.34506 -9.32933e-05 0
3.34995 -9.67497e-05 0
3.35484 -9.88407e-05 0
3.35973 -0.000100099 0
3.36461 -0.000100742 0
3.3695 -0.000101178 0
3.37439 -0.000101526 0
3.37928 -0.000101852 0
3.38416 -0.000102271 0
3.38905 -0.000102814 0
3.39394 -0.00010345 0
3.39883 -0.000104168 0
3.40371 -0.000104953 0
3.4086 -0.000105703 0
3.41349 -0.00010639 0
3.41838 -0.000106998 0
3.42326 -0.000107493 0
3.42815 -0.000107904 0
3.43304 -0.000108237 0
3.43793 -0.000108521 0
3.44282 -0.000108758 0
3.4477 -0.000108947 0
3.45259 -0.000109081 0
3.45748 -0.000109135 0
3.46237 -0.000109089 0
3.46725 -0.00010893 0
3.47214 -0.000108656 0
3.47703 -0.000108277 0
3.48192 -0.000107813 0
3.4868 -0.0001073 0
3.49169 -0.000106777 0
3.49658 -0.00010629 0
3.50147 -0.000105883 0
3.50635 -0.000105601 0
3.51124 -0.000105475 0
3.51613 -0.000105515 0
3.52102 -0.000105707 0
3.5259 -0.000106014 0
3.53079 -0.000106387 0
3.53568 -0.000106777 0
3.54057 -0.000107149 0
3.54545 -0.000107483 0
3.55034 -0.000107776 0
3.55523 -0.00010803 0
3.56012 -0.000108251 0
3.56501 -0.000108439 0
3.56989 -0.000108589 0
3.57478 -0.000108697 0
3.57967 -0.000108764 0
3.58456 -0.000108792 0
3.58944 -0.000108792 0
3.59433 -0.000108772 0
3.59922 -0.000108739 0
3.60411 -0.000108693 0
3.60899 -0.000108623 0
3.61388 -0.000108511 0
3.61877 -0.000108337 0
3.62366 -0.000108086 0
3.62854 -0.000107744 0
3.63343 -0.000107307 0
3.63832 -0.000106774 0
3.64321 -0.000106156 0
3.64809 -0.000105473 0
3.65298 -0.000104757 0
3.65787 -0.000104042 0
3.66276 -0.000103357 0
3.66764 -0.000102732 0
3.67253 -0.000102185 0
3.67742 -0.000101728 0
3.68231 -0.000101358 0
3.68719 -0.00010106 0
3.69208 -0.00010081 0
3.69697 -0.000100572 0
3.70186 -0.000100311 0
3.70674 -0.000100002 0
3.71163 -9.96472e-05 0
3.71652 -9.92819e-05 0
3.72141 -9.89698e-05 0
3.7263 -9.87875e-05 0
3.73118 -9.88034e-05 0
3.73607 -9.90589e-05 0
3.74096 -9.95573e-05 0
3.74585 -0.000100264 0
3.75073 -0.000101122 0
3.75562 -0.000102067 0
3.76051 -0.000103038 0
3.7654 -0.000103978 0
3.77028 -0.000104822 0
3.77517 -0.000105501 0
3.78006 -0.000105941 0
3.78495 -0.00010608 0
3.78983 -0.000105882 0
3.79472 -0.000105352 0
3.79961 -0.00010454 0
3.8045 -0.000103542 0
3.80938 -0.000102483 0
3.81427 -0.000101493 0
3.81916 -0.000100678 0
3.82405 -0.000100108 0
3.82893 -9.98058e-05 0
3.83382 -9.97639e-05 0
3.83871 -9.99581e-05 0
3.8436 -0.000100363 0
3.84848 -0.000100953 0
3.85337 -0.000101703 0
3.85826 -0.000102569 0
3.86315 -0.000103494 0
3.86804 -0.000104409 0
3.87292 -0.000105254 0
3.87781 -0.000105994 0
3.8827 -0.000106634 0
3.88759 -0.000107214 0
3.89247 -0.000107794 0
3.89736 -0.000108452 0
3.90225 -0.00010927 0
3.90714 -0.00011033 0
3.91202 -0.000111701 0
3.91691 -0.000113445 0
3.9218 -0.000115619 0
3.92669 -0.00011828 0
3.93157 -0.000120978 0
3.93646 -0.000124777 0
3.94135 -0.000129206 0
3.94624 -0.000133752 0
3.95112 -0.000138838 0
3.95601 -0.000143749 0
3.9609 -0.000148151 0
3.96579 -0.000152147 0
3.97067 -0.000154865 0
3.97556 -0.000156097 0
3.98045 -0.000156851 0
3.98534 -0.000156758 0
3.99022 -0.000157034 0
3.99511 -0.000156854 0
4 -0.000156368 0
