-1 -1.00024e-07 0
-0.995112 -1.56422e-07 0
-0.990225 -2.39085e-07 0
-0.985337 -3.53615e-07 0
-0.98045 -5.00277e-07 0
-0.975562 -6.69515e-07 0
-0.970675 -8.40744e-07 0
-0.965787 -9.87081e-07 0
-0.960899 -1.08314e-06 0
-0.956012 -1.1104e-06 0
-0.951124 -1.05833e-06 0
-0.946237 -9.23286e-07 0
-0.941349 -7.07206e-07 0
-0.936461 -4.17189e-07 0
-0.931574 -6.55175e-08 0
-0.926686 3.30955e-07 0
-0.921799 7.52824e-07 0
-0.916911 1.18095e-06 0
-0.912023 1.59897e-06 0
-0.907136 1.99454e-06 0
-0.902248 2.35971e-06 0
-0.897361 2.69029e-06 0
-0.892473 2.98505e-06 0
-0.887586 3.24484e-06 0
-0.882698 3.47161e-06 0
-0.87781 3.6675e-06 0
-0.872923 3.83423e-06 0
-0.868035 3.97314e-06 0
-0.863148 4.08569e-06 0
-0.85826 4.17407e-06 0
-0.853372 4.24146e-06 0
-0.848485 4.29192e-06 0
-0.843597 4.32982e-06 0
-0.83871 4.35935e-06 0
-0.833822 4.38415e-06 0
-0.828935 4.40728e-06 0
-0.824047 4.43142e-06 0
-0.819159 4.45896e-06 0
-0.814272 4.49194e-06 0
-0.809384 4.53172e-06 0
-0.804497 4.57879e-06 0
-0.799609 4.6332e-06 0
-0.794721 4.6955e-06 0
-0.789834 4.7682e-06 0
-0.784946 4.85705e-06 0
-0.780059 4.97245e-06 0
-0.775171 5.13191e-06 0
-0.770283 5.36528e-06 0
-0.765396 5.72484e-06 0
-0.760508 6.3031e-06 0
-0.755621 7.26451e-06 0
-0.750733 8.90058e-06 0
-0.745845 1.17204e-05 0
-0.740958 1.6593e-05 0
-0.73607 2.49641e-05 0
-0.731183 3.91665e-05 0
-0.726295 6.28126e-05 0
-0.721408 0.000101198 0
-0.71652 0.000161584 0
-0.711632 0.000253246 0
-0.706745 0.000387418 0
-0.701857 0.000577575 0
-0.69697 0.000840409 0
-0.692082 0.00119699 0
-0.687195 0.00167306 0
-0.682307 0.00229839 0
-0.677419 0.00310582 0
-0.672532 0.00413032 0
-0.667644 0.00540844 0
-0.662757 0.00697978 0
-0.657869 0.00889125 0
-0.652981 0.0111981 0
-0.648094 0.0139562 0
-0.643206 0.0172101 0
-0.638319 0.020987 0
-0.633431 0.0253023 0
-0.628544 0.0301669 0
-0.623656 0.0355942 0
-0.618768 0.041599 0
-0.613881 0.0481895 0
-0.608993 0.0553516 0
-0.604106 0.0630359 0
-0.599218 0.0711629 0
-0.59433 0.0796453 0
-0.589443 0.0884119 0
-0.584555 0.0974268 0
-0.579668 0.106701 0
-0.57478 0.116296 0
-0.569892 0.126304 0
-0.565005 0.136816 0
-0.560117 0.147888 0
-0.55523 0.159519 0
-0.550342 0.171653 0
-0.545455 0.184202 0
-0.540567 0.197048 0
-0.535679 0.210049 0
-0.530792 0.223064 0
-0.525904 0.236019 0
-0.521017 0.248948 0
-0.516129 0.261971 0
-0.511241 0.275205 0
-0.506354 0.288712 0
-0.501466 0.302506 0
-0.496579 0.316593 0
-0.491691 0.330991 0
-0.486804 0.345703 0
-0.481916 0.36071 0
-0.477028 0.375967 0
-0.472141 0.391425 0
-0.467253 0.407028 0
-0.462366 0.422703 0
-0.457478 0.438356 0
-0.45259 0.453872 0
-0.447703 0.469146 0
-0.442815 0.484123 0
-0.437928 0.498843 0
-0.43304 0.513425 0
-0.428152 0.528002 0
-0.423265 0.542649 0
-0.418377 0.557349 0
-0.41349 0.572024 0
-0.408602 0.586589 0
-0.403715 0.601019 0
-0.398827 0.61538 0
-0.393939 0.629802 0
-0.389052 0.644416 0
-0.384164 0.659281 0
-0.379277 0.674352 0
-0.374389 0.689506 0
-0.369501 0.704609 0
-0.364614 0.719566 0
-0.359726 0.734348 0
-0.354839 0.748978 0
-0.349951 0.763492 0
-0.345064 0.777916 0
-0.340176 0.792259 0
-0.335288 0.806552 0
-0.330401 0.820833 0
-0.325513 0.83512 0
-0.320626 0.849382 0
-0.315738 0.863536 0
-0.310851 0.877485 0
-0.305963 0.89115 0
-0.301075 0.904488 0
-0.296188 0.917504 0
-0.2913 0.930254 0
-0.286413 0.942853 0
-0.281525 0.95546 0
-0.276637 0.968246 0
-0.27175 0.981354 0
-0.266862 0.994859 0
-0.261975 1.00875 0
-0.257087 1.02292 0
-0.252199 1.03725 0
-0.247312 1.05162 0
-0.242424 1.06594 0
-0.237537 1.0801 0
-0.232649 1.09402 0
-0.227761 1.10758 0
-0.222874 1.12069 0
-0.217986 1.13331 0
-0.213099 1.14546 0
-0.208211 1.15717 0
-0.203324 1.16852 0
-0.198436 1.1796 0
-0.193548 1.19048 0
-0.188661 1.2012 0
-0.183773 1.2117 0
-0.178886 1.22195 0
-0.173998 1.2319 0
-0.16911 1.24156 0
-0.164223 1.25096 0
-0.159335 1.26016 0
-0.154448 1.26927 0
-0.14956 1.27842 0
-0.144672 1.28775 0
-0.139785 1.2974 0
-0.134897 1.30745 0
-0.13001 1.31789 0
-0.125122 1.32866 0
-0.120235 1.33959 0
-0.115347 1.35055 0
-0.110459 1.36137 0
-0.105572 1.37192 0
-0.100684 1.3821 0
-0.0957966 1.39189 0
-0.0909091 1.40143 0
-0.0860215 1.41092 0
-0.0811339 1.42052 0
-0.0762463 1.43026 0
-0.0713587 1.44015 0
-0.0664712 1.45024 0
-0.0615836 1.46067 0
-0.056696 1.4715 0
-0.0518084 1.48273 0
-0.0469208 1.49432 0
-0.0420333 1.50623 0
-0.0371457 1.51848 0
-0.0322581 1.53105 0
-0.0273705 1.54397 0
-0.0224829 1.55719 0
-0.0175954 1.57064 0
-0.0127078 1.58419 0
-0.00782019 1.59774 0
-0.00293261 1.61123 0
0.00195497 1.62465 0
0.00684255 1.63802 0
0.0117301 1.65139 0
0.0166177 1.66487 0
0.0215053 1.67858 0
0.0263929 1.69261 0
0.0312805 1.70705 0
0.036168 1.72189 0
0.0410556 1.73709 0
0.0459432 1.75252 0
0.0508308 1.76803 0
0.0557185 1.7835 0
0.0606061 1.79891 0
0.0654937 1.81435 0
0.0703813 1.82997 0
0.0752688 1.84588 0
0.0801564 1.86209 0
0.085044 1.87852 0
0.0899316 1.89512 0
0.0948192 1.91183 0
0.0997067 1.92863 0
0.104594 1.94544 0
0.109482 1.96209 0
0.114369 1.97837 0
0.119257 1.99403 0
0.124145 2.00882 0
0.129032 2.02256 0
0.13392 2.03511 0
0.138808 2.04639 0
0.143695 2.05639 0
0.148583 2.0651 0
0.15347 2.07259 0
0.158358 2.07894 0
0.163245 2.08422 0
0.168133 2.08856 0
0.173021 2.09204 0
0.177908 2.09479 0
0.182796 2.09691 0
0.187683 2.09851 0
0.192571 2.09969 0
0.197459 2.10054 0
0.202346 2.10115 0
0.207234 2.10157 0
0.212121 2.10186 0
0.217009 2.10205 0
0.221896 2.10218 0
0.226784 2.10226 0
0.231672 2.10232 0
0.236559 2.10235 0
0.241447 2.10237 0
0.246334 2.10239 0
0.251222 2.10239 0
0.256109 2.1024 0
0.260997 2.1024 0
0.265885 2.1024 0
0.270772 2.1024 0
0.27566 2.10241 0
0.280547 2.10241 0
0.285435 2.10241 0
0.290323 2.10241 0
0.29521 2.10241 0
0.300098 2.10241 0
0.304985 2.10241 0
0.309873 2.10241 0
0.31476 2.10241 0
0.319648 2.10241 0
0.324536 2.10241 0
0.329423 2.10241 0
0.334311 2.10241 0
0.339198 2.10241 0
0.344086 2.10241 0
0.348974 2.10241 0
0.353861 2.10241 0
0.358749 2.10241 0
0.363636 2.10241 0
0.368524 2.10241 0
0.373412 2.1024 0
0.378299 2.1024 0
0.383187 2.10241 0
0.388074 2.1024 0
0.392962 2.10241 0
0.397849 2.10241 0
0.402737 2.1024 0
0.407625 2.10241 0
0.412512 2.10241 0
0.4174 2.1024 0
0.422287 2.10241 0
0.427175 2.10241 0
0.432063 2.1024 0
0.43695 2.1024 0
0.441838 2.10241 0
0.446725 2.1024 0
0.451613 2.10241 0
0.4565 2.1024 0
0.461388 2.1024 0
0.466276 2.10241 0
0.471163 2.1024 0
0.476051 2.1024 0
0.480938 2.1024 0
0.485826 2.1024 0
0.490714 2.1024 0
0.495601 2.1024 0
0.500489 2.1024 0
0.505376 2.1024 0
0.510264 2.1024 0
0.515152 2.1024 0
0.520039 2.1024 0
0.524927 2.1024 0
0.529814 2.1024 0
0.534702 2.1024 0
0.539589 2.1024 0
0.544477 2.10241 0
0.549365 2.1024 0
0.554252 2.1024 0
0.55914 2.10241 0
0.564027 2.1024 0
0.568915 2.1024 0
0.573803 2.1024 0
0.57869 2.1024 0
0.583578 2.1024 0
0.588465 2.1024 0
0.593353 2.1024 0
0.59824 2.1024 0
0.603128 2.1024 0
0.608016 2.1024 0
0.612903 2.1024 0
0.617791 2.1024 0
0.622678 2.1024 0
0.627566 2.1024 0
0.632454 2.1024 0
0.637341 2.1024 0
0.642229 2.1024 0
0.647116 2.1024 0
0.652004 2.1024 0
0.656892 2.1024 0
0.661779 2.1024 0
0.666667 2.1024 0
0.671554 2.1024 0
0.676442 2.1024 0
0.681329 2.1024 0
0.686217 2.1024 0
0.691105 2.1024 0
0.695992 2.1024 0
0.70088 2.1024 0
0.705767 2.1024 0
0.710655 2.1024 0
0.715543 2.1024 0
0.72043 2.1024 0
0.725318 2.1024 0
0.730205 2.1024 0
0.735093 2.1024 0
0.73998 2.1024 0
0.744868 2.10241 0
0.749756 2.1024 0
0.754643 2.1024 0
0.759531 2.1024 0
0.764418 2.1024 0
0.769306 2.1024 0
0.774194 2.1024 0
0.779081 2.1024 0
0.783969 2.1024 0
0.788856 2.1024 0
0.793744 2.1024 0
0.798632 2.10241 0
0.803519 2.1024 0
0.808407 2.1024 0
0.813294 2.1024 0
0.818182 2.10241 0
0.823069 2.10241 0
0.827957 2.10241 0
0.832845 2.10241 0
0.837732 2.1024 0
0.84262 2.1024 0
0.847507 2.1024 0
0.852395 2.10241 0
0.857283 2.10241 0
0.86217 2.10241 0
0.867058 2.10241 0
0.871945 2.10241 0
0.876833 2.10241 0
0.88172 2.10241 0
0.886608 2.10241 0
0.891496 2.1024 0
0.896383 2.10241 0
0.901271 2.1024 0
0.906158 2.10241 0
0.911046 2.10241 0
0.915933 2.10241 0
0.920821 2.10241 0
0.925709 2.10241 0
0.930596 2.10241 0
0.935484 2.1024 0
0.940371 2.1024 0
0.945259 2.1024 0
0.950147 2.1024 0
0.955034 2.1024 0
0.959922 2.1024 0
0.964809 2.1024 0
0.969697 2.10239 0
0.974585 2.10238 0
0.979472 2.10237 0
0.98436 2.10236 0
0.989247 2.10235 0
0.994135 2.10233 0
0.999022 2.10231 0
1.00391 2.10229 0
1.0088 2.10228 0
1.01369 2.10227 0
1.01857 2.10227 0
1.02346 2.1023 0
1.02835 2.10235 0
1.03324 2.10244 0
1.03812 2.10255 0
1.04301 2.10265 0
1.0479 2.1027 0
1.05279 2.10267 0
1.05767 2.10254 0
1.06256 2.10233 0
1.06745 2.1021 0
1.07234 2.10192 0
1.07722 2.10185 0
1.08211 2.10192 0
1.087 2.10212 0
1.09189 2.10241 0
1.09677 2.10274 0
1.10166 2.1031 0
1.10655 2.10349 0
1.11144 2.10398 0
1.11632 2.10463 0
1.12121 2.10545 0
1.1261 2.10636 0
1.13099 2.10717 0
1.13587 2.10772 0
1.14076 2.10796 0
1.14565 2.108 0
1.15054 2.10801 0
1.15543 2.10816 0
1.16031 2.10852 0
1.1652 2.10908 0
1.17009 2.10987 0
1.17498 2.11101 0
1.17986 2.11265 0
1.18475 2.11481 0
1.18964 2.11734 0
1.19453 2.1199 0
1.19941 2.12212 0
1.2043 2.12377 0
1.20919 2.12484 0
1.21408 2.12548 0
1.21896 2.12595 0
1.22385 2.12642 0
1.22874 2.12689 0
1.23363 2.12712 0
1.23851 2.12679 0
1.2434 2.12558 0
1.24829 2.12342 0
1.25318 2.12042 0
1.25806 2.11674 0
1.26295 2.11241 0
1.26784 2.10735 0
1.27273 2.10138 0
1.27761 2.0944 0
1.2825 2.08645 0
1.28739 2.07769 0
1.29228 2.06832 0
1.29717 2.05848 0
1.30205 2.04819 0
1.30694 2.0375 0
1.31183 2.02656 0
1.31672 2.01566 0
1.3216 2.00502 0
1.32649 1.99468 0
1.33138 1.98446 0
1.33627 1.97416 0
1.34115 1.9637 0
1.34604 1.95312 0
1.35093 1.94248 0
1.35582 1.93176 0
1.3607 1.92093 0
1.36559 1.90996 0
1.37048 1.89886 0
1.37537 1.88764 0
1.38025 1.87629 0
1.38514 1.86479 0
1.39003 1.85319 0
1.39492 1.84153 0
1.3998 1.8298 0
1.40469 1.81791 0
1.40958 1.80574 0
1.41447 1.79326 0
1.41935 1.78059 0
1.42424 1.76799 0
1.42913 1.75563 0
1.43402 1.74341 0
1.43891 1.73099 0
1.44379 1.71797 0
1.44868 1.70415 0
1.45357 1.68971 0
1.45846 1.67528 0
1.46334 1.66168 0
1.46823 1.64963 0
1.47312 1.63943 0
1.47801 1.63075 0
1.48289 1.62289 0
1.48778 1.61509 0
1.49267 1.60674 0
1.49756 1.5976 0
1.50244 1.58776 0
1.50733 1.57756 0
1.51222 1.56737 0
1.51711 1.55744 0
1.52199 1.54788 0
1.52688 1.53874 0
1.53177 1.53004 0
1.53666 1.5217 0
1.54154 1.5135 0
1.54643 1.50522 0
1.55132 1.49683 0
1.55621 1.48867 0
1.56109 1.48132 0
1.56598 1.47527 0
1.57087 1.47069 0
1.57576 1.4673 0
1.58065 1.46456 0
1.58553 1.46173 0
1.59042 1.45801 0
1.59531 1.45295 0
1.6002 1.44668 0
1.60508 1.43993 0
1.60997 1.43359 0
1.61486 1.42835 0
1.61975 1.42437 0
1.62463 1.42131 0
1.62952 1.41854 0
1.63441 1.4155 0
1.6393 1.412 0
1.64418 1.40828 0
1.64907 1.40477 0
1.65396 1.40183 0
1.65885 1.39962 0
1.66373 1.39803 0
1.66862 1.39663 0
1.67351 1.39477 0
1.6784 1.39198 0
1.68328 1.38834 0
1.68817 1.38453 0
1.69306 1.38136 0
1.69795 1.37916 0
1.70283 1.3775 0
1.70772 1.3754 0
1.71261 1.37205 0
1.7175 1.36733 0
1.72239 1.36186 0
1.72727 1.35663 0
1.73216 1.35246 0
1.73705 1.34971 0
1.74194 1.3483 0
1.74682 1.34796 0
1.75171 1.34861 0
1.7566 1.3505 0
1.76149 1.35399 0
1.76637 1.35913 0
1.77126 1.36529 0
1.77615 1.37134 0
1.78104 1.37616 0
1.78592 1.37904 0
1.79081 1.37986 0
1.7957 1.37905 0
1.80059 1.37743 0
1.80547 1.37595 0
1.81036 1.37528 0
1.81525 1.3756 0
1.82014 1.37671 0
1.82502 1.37821 0
1.82991 1.37977 0
1.8348 1.38101 0
1.83969 1.3815 0
1.84457 1.38093 0
1.84946 1.37938 0
1.85435 1.37751 0
1.85924 1.37614 0
1.86413 1.37585 0
1.86901 1.37672 0
1.8739 1.3786 0
1.87879 1.38133 0
1.88368 1.38486 0
1.88856 1.38922 0
1.89345 1.39445 0
1.89834 1.40057 0
1.90323 1.40754 0
1.90811 1.41533 0
1.913 1.42375 0
1.91789 1.43253 0
1.92278 1.44132 0
1.92766 1.44993 0
1.93255 1.45849 0
1.93744 1.46746 0
1.94233 1.47733 0
1.94721 1.48828 0
1.9521 1.49988 0
1.95699 1.51133 0
1.96188 1.52175 0
1.96676 1.53075 0
1.97165 1.53843 0
1.97654 1.54507 0
1.98143 1.5507 0
1.98631 1.55521 0
1.9912 1.5587 0
1.99609 1.56164 0
2.00098 1.5647 0
2.00587 1.56849 0
2.01075 1.57323 0
2.01564 1.57862 0
2.02053 1.584 0
2.02542 1.58886 0
2.0303 1.59329 0
2.03519 1.59792 0
2.04008 1.60349 0
2.04497 1.61028 0
2.04985 1.61812 0
2.05474 1.62664 0
2.05963 1.6357 0
2.06452 1.64538 0
2.0694 1.65567 0
2.07429 1.66619 0
2.07918 1.67636 0
2.08407 1.68575 0
2.08895 1.69426 0
2.09384 1.70204 0
2.09873 1.70924 0
2.10362 1.71594 0
2.1085 1.72222 0
2.11339 1.72832 0
2.11828 1.73469 0
2.12317 1.74193 0
2.12805 1.75041 0
2.13294 1.76008 0
2.13783 1.77054 0
2.14272 1.78135 0
2.1476 1.7922 0
2.15249 1.80287 0
2.15738 1.81309 0
2.16227 1.82244 0
2.16716 1.83048 0
2.17204 1.83684 0
2.17693 1.84146 0
2.18182 1.84462 0
2.18671 1.84692 0
2.19159 1.84913 0
2.19648 1.85191 0
2.20137 1.85553 0
2.20626 1.85974 0
2.21114 1.86401 0
2.21603 1.86782 0
2.22092 1.87083 0
2.22581 1.87278 0
2.23069 1.87334 0
2.23558 1.87215 0
2.24047 1.86913 0
2.24536 1.86461 0
2.25024 1.85921 0
2.25513 1.85354 0
2.26002 1.84799 0
2.26491 1.8427 0
2.26979 1.83761 0
2.27468 1.83254 0
2.27957 1.8273 0
2.28446 1.82177 0
2.28935 1.81579 0
2.29423 1.80915 0
2.29912 1.80156 0
2.30401 1.79266 0
2.3089 1.78214 0
2.31378 1.76969 0
2.31867 1.75516 0
2.32356 1.7387 0
2.32845 1.7208 0
2.33333 1.70212 0
2.33822 1.68323 0
2.34311 1.66446 0
2.348 1.64594 0
2.35288 1.62778 0
2.35777 1.61011 0
2.36266 1.59295 0
2.36755 1.57607 0
2.37243 1.55906 0
2.37732 1.5414 0
2.38221 1.52274 0
2.3871 1.50306 0
2.39198 1.48265 0
2.39687 1.46186 0
2.40176 1.44095 0
2.40665 1.42008 0
2.41153 1.3994 0
2.41642 1.37912 0
2.42131 1.35949 0
2.4262 1.34071 0
2.43109 1.32283 0
2.43597 1.30567 0
2.44086 1.28885 0
2.44575 1.2719 0
2.45064 1.25441 0
2.45552 1.23619 0
2.46041 1.21728 0
2.4653 1.19798 0
2.47019 1.17862 0
2.47507 1.15945 0
2.47996 1.1406 0
2.48485 1.12206 0
2.48974 1.10377 0
2.49462 1.08563 0
2.49951 1.06759 0
2.5044 1.04962 0
2.50929 1.03184 0
2.51417 1.01446 0
2.51906 0.997624 0
2.52395 0.98131 0
2.52884 0.965272 0
2.53372 0.94915 0
2.53861 0.932576 0
2.5435 0.915265 0
2.54839 0.897092 0
2.55327 0.878145 0
2.55816 0.858721 0
2.56305 0.839198 0
2.56794 0.819876 0
2.57282 0.80089 0
2.57771 0.782296 0
2.5826 0.764132 0
2.58749 0.74636 0
2.59238 0.72877 0
2.59726 0.711015 0
2.60215 0.692769 0
2.60704 0.673851 0
2.61193 0.654233 0
2.61681 0.634003 0
2.6217 0.613326 0
2.62659 0.592443 0
2.63148 0.571694 0
2.63636 0.551495 0
2.64125 0.532201 0
2.64614 0.513888 0
2.65103 0.496281 0
2.65591 0.478872 0
2.6608 0.461168 0
2.66569 0.442903 0
2.67058 0.424116 0
2.67546 0.405013 0
2.68035 0.385752 0
2.68524 0.366333 0
2.69013 0.346674 0
2.69501 0.326727 0
2.6999 0.306497 0
2.70479 0.28598 0
2.70968 0.265114 0
2.71457 0.243808 0
2.71945 0.222028 0
2.72434 0.199905 0
2.72923 0.177755 0
2.73412 0.155952 0
2.739 0.134717 0
2.74389 0.11402 0
2.74878 0.0936591 0
2.75367 0.0733968 0
2.75855 0.0530853 0
2.76344 0.0327735 0
2.76833 0.0127417 0
2.77322 -0.00663838 0
2.7781 -0.0251565 0
2.78299 -0.0429055 0
2.78788 -0.0601737 0
2.79277 -0.0772232 0
2.79765 -0.0941967 0
2.80254 -0.111211 0
2.80743 -0.128467 0
2.81232 -0.146221 0
2.8172 -0.164645 0
2.82209 -0.183711 0
2.82698 -0.203176 0
2.83187 -0.222643 0
2.83675 -0.241697 0
2.84164 -0.260055 0
2.84653 -0.27767 0
2.85142 -0.294724 0
2.8563 -0.311557 0
2.86119 -0.32855 0
2.86608 -0.345999 0
2.87097 -0.363987 0
2.87586 -0.382316 0
2.88074 -0.400532 0
2.88563 -0.418118 0
2.89052 -0.43476 0
2.89541 -0.450444 0
2.90029 -0.465306 0
2.90518 -0.479409 0
2.91007 -0.492702 0
2.91496 -0.505141 0
2.91984 -0.516784 0
2.92473 -0.527758 0
2.92962 -0.538197 0
2.93451 -0.548222 0
2.93939 -0.557967 0
2.94428 -0.567586 0
2.94917 -0.577203 0
2.95406 -0.586857 0
2.95894 -0.596512 0
2.96383 -0.606129 0
2.96872 -0.61567 0
2.97361 -0.625029 0
2.97849 -0.633998 0
2.98338 -0.642384 0
2.98827 -0.650125 0
2.99316 -0.657267 0
2.99804 -0.663848 0
3.00293 -0.669854 0
3.00782 -0.675307 0
3.01271 -0.680357 0
3.0176 -0.685258 0
3.02248 -0.690258 0
3.02737 -0.69549 0
3.03226 -0.700952 0
3.03715 -0.706599 0
3.04203 -0.712436 0
3.04692 -0.718532 0
3.05181 -0.72497 0
3.0567 -0.731786 0
3.06158 -0.738943 0
3.06647 -0.746307 0
3.07136 -0.753601 0
3.07625 -0.760424 0
3.08113 -0.766376 0
3.08602 -0.771305 0
3.09091 -0.775468 0
3.0958 -0.77941 0
3.10068 -0.783629 0
3.10557 -0.788263 0
3.11046 -0.793051 0
3.11535 -0.797537 0
3.12023 -0.801332 0
3.12512 -0.804257 0
3.13001 -0.80637 0
3.1349 -0.807889 0
3.13978 -0.809051 0
3.14467 -0.809979 0
3.14956 -0.810656 0
3.15445 -0.811001 0
3.15934 -0.810936 0
3.16422 -0.81039 0
3.16911 -0.809244 0
3.174 -0.807349 0
3.17889 -0.804609 0
3.18377 -0.801046 0
3.18866 -0.796737 0
3.19355 -0.791701 0
3.19844 -0.78583 0
3.20332 -0.778961 0
3.20821 -0.771026 0
3.2131 -0.762145 0
3.21799 -0.752598 0
3.22287 -0.742711 0
3.22776 -0.732738 0
3.23265 -0.722792 0
3.23754 -0.712882 0
3.24242 -0.702937 0
3.24731 -0.692861 0
3.2522 -0.682554 0
3.25709 -0.671885 0
3.26197 -0.660641 0
3.26686 -0.648569 0
3.27175 -0.63551 0
3.27664 -0.621491 0
3.28153 -0.606701 0
3.28641 -0.591376 0
3.2913 -0.575712 0
3.29619 -0.559829 0
3.30108 -0.543784 0
3.30596 -0.527583 0
3.31085 -0.511173 0
3.31574 -0.494402 0
3.32063 -0.477073 0
3.32551 -0.459053 0
3.3304 -0.440368 0
3.33529 -0.421189 0
3.34018 -0.401759 0
3.34506 -0.382297 0
3.34995 -0.362963 0
3.35484 -0.343866 0
3.35973 -0.325081 0
3.36461 -0.306639 0
3.3695 -0.288494 0
3.37439 -0.270545 0
3.37928 -0.252702 0
3.38416 -0.234966 0
3.38905 -0.217427 0
3.39394 -0.200223 0
3.39883 -0.183473 0
3.40371 -0.167267 0
3.4086 -0.151675 0
3.41349 -0.136752 0
3.41838 -0.122515 0
3.42326 -0.108945 0
3.42815 -0.0960188 0
3.43304 -0.083762 0
3.43793 -0.0722673 0
3.44282 -0.0616598 0
3.4477 -0.0520488 0
3.45259 -0.0434895 0
3.45748 -0.0359712 0
3.46237 -0.0294315 0
3.46725 -0.0237862 0
3.47214 -0.0189585 0
3.47703 -0.0148861 0
3.48192 -0.0115112 0
3.4868 -0.00876656 0
3.49169 -0.00657626 0
3.49658 -0.00486169 0
3.50147 -0.00354653 0
3.50635 -0.00255657 0
3.51124 -0.0018199 0
3.51613 -0.00127389 0
3.52102 -0.000869966 0
3.5259 -0.000575068 0
3.53079 -0.000366282 0
3.53568 -0.000225409 0
3.54057 -0.000135963 0
3.54545 -8.25272e-05 0
3.55034 -5.20656e-05 0
3.55523 -3.4629e-05 0
3.56012 -2.39081e-05 0
3.56501 -1.62886e-05 0
3.56989 -1.01945e-05 0
3.57478 -5.16198e-06 0
3.57967 -1.04372e-06 0
3.58456 2.13394e-06 0
3.58944 4.40995e-06 0
3.59433 5.93322e-06 0
3.59922 6.86686e-06 0
3.60411 7.38873e-06 0
3.60899 7.66403e-06 0
3.61388 7.80117e-06 0
3.61877 7.87341e-06 0
3.62366 7.90985e-06 0
3.62854 7.92589e-06 0
3.63343 7.93187e-06 0
3.63832 7.93065e-06 0
3.64321 7.91742e-06 0
3.64809 7.89463e-06 0
3.65298 7.86359e-06 0
3.65787 7.82462e-06 0
3.66276 7.77731e-06 0
3.66764 7.72307e-06 0
3.67253 7.66203e-06 0
3.67742 7.59485e-06 0
3.68231 7.52236e-06 0
3.68719 7.44583e-06 0
3.69208 7.36683e-06 0
3.69697 7.28719e-06 0
3.70186 7.20897e-06 0
3.70674 7.13457e-06 0
3.71163 7.0664e-06 0
3.71652 7.00673e-06 0
3.72141 6.95735e-06 0
3.7263 6.91931e-06 0
3.73118 6.89267e-06 0
3.73607 6.87688e-06 0
3.74096 6.87111e-06 0
3.74585 6.87459e-06 0
3.75073 6.88672e-06 0
3.75562 6.90708e-06 0
3.76051 6.93545e-06 0
3.7654 6.97183e-06 0
3.77028 7.01651e-06 0
3.77517 7.06973e-06 0
3.78006 7.13152e-06 0
3.78495 7.20155e-06 0
3.78983 7.27921e-06 0
3.79472 7.36384e-06 0
3.79961 7.4549e-06 0
3.8045 7.55203e-06 0
3.80938 7.65494e-06 0
3.81427 7.76333e-06 0
3.81916 7.87686e-06 0
3.82405 7.99515e-06 0
3.82893 8.11791e-06 0
3.83382 8.24504e-06 0
3.83871 8.37662e-06 0
3.8436 8.51293e-06 0
3.84848 8.65459e-06 0
3.85337 8.80285e-06 0
3.85826 8.95988e-06 0
3.86315 9.12902e-06 0
3.86804 9.31464e-06 0
3.87292 9.52161e-06 0
3.87781 9.75444e-06 0
3.8827 1.00165e-05 0
3.88759 1.03099e-05 0
3.89247 1.06352e-05 0
3.89736 1.09918e-05 0
3.90225 1.13786e-05 0
3.90714 1.17934e-05 0
3.91202 1.2234e-05 0
3.91691 1.26973e-05 0
3.9218 1.31793e-05 0
3.92669 1.36754e-05 0
3.93157 1.41809e-05 0
3.93646 1.46916e-05 0
3.94135 1.52048e-05 0
3.94624 1.57187e-05 0
3.95112 1.62311e-05 0
3.95601 1.67364e-05 0
3.9609 1.72239e-05 0
3.96579 1.76774e-05 0
3.97067 1.80783e-05 0
3.97556 1.84114e-05 0
3.98045 1.86706e-05 0
3.98534 1.88602e-05 0
3.99022 1.89919e-05 0
3.99511 1.90797e-05 0
4 1.91365e-05 0
