-1 -1.14977e-06 0
-0.995112 -1.81042e-06 0
-0.990225 -2.79789e-06 0
-0.985337 -4.21192e-06 0
-0.98045 -6.12723e-06 0
-0.975562 -8.55939e-06 0
-0.970675 -1.14527e-05 0
-0.965787 -1.46973e-05 0
-0.960899 -1.81421e-05 0
-0.956012 -2.15849e-05 0
-0.951124 -2.47772e-05 0
-0.946237 -2.74701e-05 0
-0.941349 -2.94755e-05 0
-0.936461 -3.07065e-05 0
-0.931574 -3.11848e-05 0
-0.926686 -3.10235e-05 0
-0.921799 -3.03996e-05 0
-0.916911 -2.95238e-05 0
-0.912023 -2.86097e-05 0
-0.907136 -2.7844e-05 0
-0.902248 -2.73645e-05 0
-0.897361 -2.72519e-05 0
-0.892473 -2.75328e-05 0
-0.887586 -2.81851e-05 0
-0.882698 -2.9144e-05 0
-0.87781 -3.03124e-05 0
-0.872923 -3.15791e-05 0
-0.868035 -3.28344e-05 0
-0.863148 -3.39811e-05 0
-0.85826 -3.49415e-05 0
-0.853372 -3.5668e-05 0
-0.848485 -3.61507e-05 0
-0.843597 -3.64152e-05 0
-0.83871 -3.65053e-05 0
-0.833822 -3.64626e-05 0
-0.828935 -3.63132e-05 0
-0.824047 -3.60685e-05 0
-0.819159 -3.5734e-05 0
-0.814272 -3.53219e-05 0
-0.809384 -3.48597e-05 0
-0.804497 -3.43878e-05 0
-0.799609 -3.39476e-05 0
-0.794721 -3.35665e-05 0
-0.789834 -3.32491e-05 0
-0.784946 -3.29795e-05 0
-0.780059 -3.27293e-05 0
-0.775171 -3.24653e-05 0
-0.770283 -3.21561e-05 0
-0.765396 -3.17778e-05 0
-0.760508 -3.1319e-05 0
-0.755621 -3.07848e-05 0
-0.750733 -3.01963e-05 0
-0.745845 -2.95861e-05 0
-0.740958 -2.89909e-05 0
-0.73607 -2.84428e-05 0
-0.731183 -2.79627e-05 0
-0.726295 -2.75585e-05 0
-0.721408 -2.72298e-05 0
-0.71652 -2.69747e-05 0
-0.711632 -2.6794e-05 0
-0.706745 -2.6692e-05 0
-0.701857 -2.66733e-05 0
-0.69697 -2.67384e-05 0
-0.692082 -2.68807e-05 0
-0.687195 -2.70867e-05 0
-0.682307 -2.73406e-05 0
-0.677419 -2.76274e-05 0
-0.672532 -2.79343e-05 0
-0.667644 -2.82487e-05 0
-0.662757 -2.85583e-05 0
-0.657869 -2.88489e-05 0
-0.652981 -2.91016e-05 0
-0.648094 -2.92925e-05 0
-0.643206 -2.93966e-05 0
-0.638319 -2.9394e-05 0
-0.633431 -2.92746e-05 0
-0.628544 -2.90401e-05 0
-0.623656 -2.87044e-05 0
-0.618768 -2.82927e-05 0
-0.613881 -2.78382e-05 0
-0.608993 -2.73762e-05 0
-0.604106 -2.69388e-05 0
-0.599218 -2.65527e-05 0
-0.59433 -2.62361e-05 0
-0.589443 -2.5996e-05 0
-0.584555 -2.58284e-05 0
-0.579668 -2.57235e-05 0
-0.57478 -2.56733e-05 0
-0.569892 -2.56741e-05 0
-0.565005 -2.57218e-05 0
-0.560117 -2.58051e-05 0
-0.55523 -2.59044e-05 0
-0.550342 -2.59958e-05 0
-0.545455 -2.60563e-05 0
-0.540567 -2.60706e-05 0
-0.535679 -2.60357e-05 0
-0.530792 -2.59613e-05 0
-0.525904 -2.58632e-05 0
-0.521017 -2.57501e-05 0
-0.516129 -2.56154e-05 0
-0.511241 -2.54413e-05 0
-0.506354 -2.52131e-05 0
-0.501466 -2.49344e-05 0
-0.496579 -2.46385e-05 0
-0.491691 -2.4395e-05 0
-0.486804 -2.43223e-05 0
-0.481916 -2.46113e-05 0
-0.477028 -2.5565e-05 0
-0.472141 -2.76609e-05 0
-0.467253 -3.16502e-05 0
-0.462366 -3.87273e-05 0
-0.457478 -5.08113e-05 0
-0.45259 -7.10025e-05 0
-0.447703 -0.000104285 0
-0.442815 -0.000158549 0
-0.437928 -0.000245925 0
-0.43304 -0.000384178 0
-0.428152 -0.000597197 0
-0.423265 -0.000912447 0
-0.418377 -0.0013522 0
-0.41349 -0.00191726 0
-0.408602 -0.0025697 0
-0.403715 -0.00322879 0
-0.398827 -0.00378784 0
-0.393939 -0.00414325 0
-0.389052 -0.00422022 0
-0.384164 -0.00398908 0
-0.379277 -0.00347221 0
-0.374389 -0.00272548 0
-0.369501 -0.00177207 0
-0.364614 -0.000513944 0
-0.359726 0.00131038 0
-0.354839 0.00408688 0
-0.349951 0.00824471 0
-0.345064 0.0141923 0
-0.340176 0.0222969 0
-0.335288 0.0329096 0
-0.330401 0.0464102 0
-0.325513 0.0632142 0
-0.320626 0.0836757 0
-0.315738 0.107914 0
-0.310851 0.135686 0
-0.305963 0.166432 0
-0.301075 0.199495 0
-0.296188 0.234405 0
-0.2913 0.271064 0
-0.286413 0.309742 0
-0.281525 0.350975 0
-0.276637 0.395416 0
-0.27175 0.443632 0
-0.266862 0.495921 0
-0.261975 0.552257 0
-0.257087 0.612413 0
-0.252199 0.676248 0
-0.247312 0.744043 0
-0.242424 0.816559 0
-0.237537 0.894652 0
-0.232649 0.978617 0
-0.227761 1.0677 0
-0.222874 1.16 0
-0.217986 1.25254 0
-0.213099 1.34134 0
-0.208211 1.42157 0
-0.203324 1.48801 0
-0.198436 1.53612 0
-0.193548 1.56318 0
-0.188661 1.56906 0
-0.183773 1.55653 0
-0.178886 1.53082 0
-0.173998 1.49849 0
-0.16911 1.46588 0
-0.164223 1.43788 0
-0.159335 1.41738 0
-0.154448 1.4053 0
-0.14956 1.40116 0
-0.144672 1.40371 0
-0.139785 1.41142 0
-0.134897 1.42292 0
-0.13001 1.43718 0
-0.125122 1.4535 0
-0.120235 1.47143 0
-0.115347 1.49056 0
-0.110459 1.51045 0
-0.105572 1.53065 0
-0.100684 1.55075 0
-0.0957966 1.5705 0
-0.0909091 1.58978 0
-0.0860215 1.60858 0
-0.0811339 1.62691 0
-0.0762463 1.64488 0
-0.0713587 1.66262 0
-0.0664712 1.68034 0
-0.0615836 1.69827 0
-0.056696 1.71661 0
-0.0518084 1.73541 0
-0.0469208 1.75459 0
-0.0420333 1.77392 0
-0.0371457 1.79316 0
-0.0322581 1.8122 0
-0.0273705 1.83111 0
-0.0224829 1.84999 0
-0.0175954 1.86884 0
-0.0127078 1.88758 0
-0.00782019 1.90612 0
-0.00293261 1.92449 0
0.00195497 1.94278 0
0.00684255 1.96113 0
0.0117301 1.97956 0
0.0166177 1.99797 0
0.0215053 2.01613 0
0.0263929 2.03371 0
0.0312805 2.05032 0
0.036168 2.06552 0
0.0410556 2.07881 0
0.0459432 2.08973 0
0.0508308 2.09804 0
0.0557185 2.1039 0
0.0606061 2.10776 0
0.0654937 2.1102 0
0.0703813 2.11168 0
0.0752688 2.11256 0
0.0801564 2.11307 0
0.085044 2.11335 0
0.0899316 2.1135 0
0.0948192 2.11357 0
0.0997067 2.1136 0
0.104594 2.1136 0
0.109482 2.11359 0
0.114369 2.11358 0
0.119257 2.11356 0
0.124145 2.11354 0
0.129032 2.11352 0
0.13392 2.11351 0
0.138808 2.11349 0
0.143695 2.11348 0
0.148583 2.11347 0
0.15347 2.11346 0
0.158358 2.11345 0
0.163245 2.11344 0
0.168133 2.11343 0
0.173021 2.11342 0
0.177908 2.11342 0
0.182796 2.11341 0
0.187683 2.1134 0
0.192571 2.1134 0
0.197459 2.11339 0
0.202346 2.11339 0
0.207234 2.11339 0
0.212121 2.11338 0
0.217009 2.11338 0
0.221896 2.11337 0
0.226784 2.11337 0
0.231672 2.11337 0
0.236559 2.11336 0
0.241447 2.11336 0
0.246334 2.11336 0
0.251222 2.11336 0
0.256109 2.11335 0
0.260997 2.11335 0
0.265885 2.11335 0
0.270772 2.11335 0
0.27566 2.11335 0
0.280547 2.11335 0
0.285435 2.11334 0
0.290323 2.11334 0
0.29521 2.11334 0
0.300098 2.11334 0
0.304985 2.11334 0
0.309873 2.11334 0
0.31476 2.11334 0
0.319648 2.11334 0
0.324536 2.11334 0
0.329423 2.11334 0
0.334311 2.11333 0
0.339198 2.11333 0
0.344086 2.11333 0
0.348974 2.11333 0
0.353861 2.11333 0
0.358749 2.11333 0
0.363636 2.11333 0
0.368524 2.11333 0
0.373412 2.11333 0
0.378299 2.11333 0
0.383187 2.11333 0
0.388074 2.11333 0
0.392962 2.11333 0
0.397849 2.11332 0
0.402737 2.11332 0
0.407625 2.11332 0
0.412512 2.11332 0
0.4174 2.11332 0
0.422287 2.11332 0
0.427175 2.11332 0
0.432063 2.11332 0
0.43695 2.11332 0
0.441838 2.11332 0
0.446725 2.11332 0
0.451613 2.11332 0
0.4565 2.11332 0
0.461388 2.11332 0
0.466276 2.11332 0
0.471163 2.11332 0
0.476051 2.11332 0
0.480938 2.11332 0
0.485826 2.11332 0
0.490714 2.11332 0
0.495601 2.11332 0
0.500489 2.11332 0
0.505376 2.11332 0
0.510264 2.11332 0
0.515152 2.11332 0
0.520039 2.11332 0
0.524927 2.11332 0
0.529814 2.11332 0
0.534702 2.11332 0
0.539589 2.11332 0
0.544477 2.11332 0
0.549365 2.11332 0
0.554252 2.11332 0
0.55914 2.11332 0
0.564027 2.11332 0
0.568915 2.11332 0
0.573803 2.11332 0
0.57869 2.11332 0
0.583578 2.11332 0
0.588465 2.11332 0
0.593353 2.11332 0
0.59824 2.11332 0
0.603128 2.11332 0
0.608016 2.11332 0
0.612903 2.11332 0
0.617791 2.11332 0
0.622678 2.11332 0
0.627566 2.11332 0
0.632454 2.11333 0
0.637341 2.11332 0
0.642229 2.11333 0
0.647116 2.11333 0
0.652004 2.11333 0
0.656892 2.11333 0
0.661779 2.11333 0
0.666667 2.11333 0
0.671554 2.11333 0
0.676442 2.11333 0
0.681329 2.11333 0
0.686217 2.11333 0
0.691105 2.11333 0
0.695992 2.11333 0
0.70088 2.11333 0
0.705767 2.11333 0
0.710655 2.11333 0
0.715543 2.11333 0
0.72043 2.11334 0
0.725318 2.11333 0
0.730205 2.11334 0
0.735093 2.11334 0
0.73998 2.11334 0
0.744868 2.11334 0
0.749756 2.11334 0
0.754643 2.11334 0
0.759531 2.11334 0
0.764418 2.11334 0
0.769306 2.11334 0
0.774194 2.11334 0
0.779081 2.11335 0
0.783969 2.11335 0
0.788856 2.11335 0
0.793744 2.11335 0
0.798632 2.11335 0
0.803519 2.11335 0
0.808407 2.11335 0
0.813294 2.11335 0
0.818182 2.11335 0
0.823069 2.11336 0
0.827957 2.11336 0
0.832845 2.11336 0
0.837732 2.11336 0
0.84262 2.11336 0
0.847507 2.11337 0
0.852395 2.11337 0
0.857283 2.11337 0
0.86217 2.11338 0
0.867058 2.11338 0
0.871945 2.11338 0
0.876833 2.11338 0
0.88172 2.11339 0
0.886608 2.11339 0
0.891496 2.11339 0
0.896383 2.1134 0
0.901271 2.1134 0
0.906158 2.1134 0
0.911046 2.11341 0
0.915933 2.11341 0
0.920821 2.11342 0
0.925709 2.11342 0
0.930596 2.11343 0
0.935484 2.11343 0
0.940371 2.11344 0
0.945259 2.11344 0
0.950147 2.11345 0
0.955034 2.11346 0
0.959922 2.11346 0
0.964809 2.11347 0
0.969697 2.11348 0
0.974585 2.11349 0
0.979472 2.1135 0
0.98436 2.11351 0
0.989247 2.11352 0
0.994135 2.11354 0
0.999022 2.11355 0
1.00391 2.11357 0
1.0088 2.11359 0
1.01369 2.11361 0
1.01857 2.11363 0
1.02346 2.11366 0
1.02835 2.11368 0
1.03324 2.11371 0
1.03812 2.11374 0
1.04301 2.11378 0
1.0479 2.11382 0
1.05279 2.11386 0
1.05767 2.1139 0
1.06256 2.11393 0
1.06745 2.11395 0
1.07234 2.11395 0
1.07722 2.11389 0
1.08211 2.11374 0
1.087 2.11342 0
1.09189 2.11278 0
1.09677 2.11159 0
1.10166 2.10946 0
1.10655 2.10585 0
1.11144 2.10026 0
1.11632 2.0923 0
1.12121 2.08183 0
1.1261 2.06898 0
1.13099 2.05417 0
1.13587 2.03803 0
1.14076 2.02134 0
1.14565 2.00485 0
1.15054 1.98912 0
1.15543 1.9744 0
1.16031 1.96062 0
1.1652 1.94745 0
1.17009 1.93444 0
1.17498 1.92122 0
1.17986 1.90771 0
1.18475 1.89413 0
1.18964 1.88074 0
1.19453 1.86779 0
1.19941 1.85531 0
1.2043 1.8432 0
1.20919 1.83126 0
1.21408 1.81927 0
1.21896 1.80714 0
1.22385 1.79489 0
1.22874 1.78272 0
1.23363 1.77096 0
1.23851 1.75997 0
1.2434 1.74991 0
1.24829 1.74053 0
1.25318 1.73117 0
1.25806 1.72104 0
1.26295 1.7096 0
1.26784 1.69683 0
1.27273 1.68313 0
1.27761 1.66893 0
1.2825 1.65447 0
1.28739 1.63988 0
1.29228 1.62528 0
1.29717 1.61096 0
1.30205 1.59743 0
1.30694 1.58512 0
1.31183 1.57415 0
1.31672 1.56422 0
1.3216 1.55469 0
1.32649 1.54479 0
1.33138 1.53391 0
1.33627 1.52197 0
1.34115 1.50938 0
1.34604 1.49665 0
1.35093 1.48419 0
1.35582 1.47228 0
1.3607 1.46102 0
1.36559 1.45018 0
1.37048 1.43928 0
1.37537 1.42775 0
1.38025 1.41517 0
1.38514 1.40142 0
1.39003 1.38678 0
1.39492 1.37169 0
1.3998 1.35645 0
1.40469 1.34098 0
1.40958 1.3251 0
1.41447 1.30877 0
1.41935 1.29216 0
1.42424 1.27565 0
1.42913 1.25979 0
1.43402 1.2452 0
1.43891 1.23224 0
1.44379 1.22091 0
1.44868 1.21092 0
1.45357 1.20204 0
1.45846 1.19434 0
1.46334 1.18818 0
1.46823 1.18414 0
1.47312 1.18274 0
1.47801 1.18416 0
1.48289 1.18805 0
1.48778 1.19354 0
1.49267 1.19928 0
1.49756 1.20363 0
1.50244 1.20517 0
1.50733 1.20311 0
1.51222 1.19739 0
1.51711 1.18837 0
1.52199 1.1769 0
1.52688 1.16446 0
1.53177 1.1528 0
1.53666 1.14295 0
1.54154 1.13485 0
1.54643 1.12792 0
1.55132 1.12199 0
1.55621 1.11756 0
1.56109 1.11518 0
1.56598 1.11456 0
1.57087 1.11429 0
1.57576 1.11278 0
1.58065 1.10924 0
1.58553 1.10377 0
1.59042 1.0969 0
1.59531 1.08908 0
1.6002 1.08059 0
1.60508 1.0718 0
1.60997 1.0634 0
1.61486 1.05635 0
1.61975 1.05161 0
1.62463 1.04985 0
1.62952 1.05127 0
1.63441 1.05558 0
1.6393 1.06189 0
1.64418 1.06868 0
1.64907 1.07421 0
1.65396 1.07707 0
1.65885 1.07648 0
1.66373 1.07234 0
1.66862 1.06529 0
1.67351 1.05686 0
1.6784 1.04912 0
1.68328 1.04363 0
1.68817 1.04065 0
1.69306 1.03939 0
1.69795 1.03909 0
1.70283 1.03967 0
1.70772 1.04138 0
1.71261 1.04393 0
1.7175 1.04652 0
1.72239 1.04841 0
1.72727 1.04933 0
1.73216 1.04949 0
1.73705 1.04971 0
1.74194 1.05121 0
1.74682 1.05466 0
1.75171 1.05945 0
1.7566 1.06389 0
1.76149 1.06633 0
1.76637 1.06626 0
1.77126 1.06447 0
1.77615 1.0624 0
1.78104 1.06115 0
1.78592 1.06104 0
1.79081 1.06171 0
1.7957 1.06261 0
1.80059 1.06357 0
1.80547 1.06499 0
1.81036 1.06737 0
1.81525 1.07051 0
1.82014 1.07337 0
1.82502 1.07463 0
1.82991 1.07374 0
1.8348 1.07152 0
1.83969 1.06959 0
1.84457 1.0693 0
1.84946 1.07106 0
1.85435 1.0747 0
1.85924 1.07995 0
1.86413 1.08664 0
1.86901 1.09445 0
1.8739 1.10283 0
1.87879 1.11116 0
1.88368 1.11878 0
1.88856 1.12497 0
1.89345 1.12924 0
1.89834 1.1319 0
1.90323 1.13419 0
1.90811 1.1377 0
1.913 1.14338 0
1.91789 1.15088 0
1.92278 1.15865 0
1.92766 1.16507 0
1.93255 1.16935 0
1.93744 1.17191 0
1.94233 1.17394 0
1.94721 1.17668 0
1.9521 1.18083 0
1.95699 1.18642 0
1.96188 1.19324 0
1.96676 1.20116 0
1.97165 1.21002 0
1.97654 1.21937 0
1.98143 1.22855 0
1.98631 1.23701 0
1.9912 1.24448 0
1.99609 1.2508 0
2.00098 1.25566 0
2.00587 1.25864 0
2.01075 1.25951 0
2.01564 1.25858 0
2.02053 1.25686 0
2.02542 1.2556 0
2.0303 1.25572 0
2.03519 1.25757 0
2.04008 1.26139 0
2.04497 1.26741 0
2.04985 1.2752 0
2.05474 1.28313 0
2.05963 1.2893 0
2.06452 1.29307 0
2.0694 1.29556 0
2.07429 1.29869 0
2.07918 1.30395 0
2.08407 1.31159 0
2.08895 1.32058 0
2.09384 1.32942 0
2.09873 1.33719 0
2.10362 1.34399 0
2.1085 1.35049 0
2.11339 1.35721 0
2.11828 1.36407 0
2.12317 1.37089 0
2.12805 1.37805 0
2.13294 1.38654 0
2.13783 1.39716 0
2.14272 1.40988 0
2.1476 1.42371 0
2.15249 1.4373 0
2.15738 1.44949 0
2.16227 1.45957 0
2.16716 1.46734 0
2.17204 1.47305 0
2.17693 1.47717 0
2.18182 1.48013 0
2.18671 1.48229 0
2.19159 1.4842 0
2.19648 1.48677 0
2.20137 1.49095 0
2.20626 1.49733 0
2.21114 1.50598 0
2.21603 1.51645 0
2.22092 1.52796 0
2.22581 1.53964 0
2.23069 1.55067 0
2.23558 1.56028 0
2.24047 1.56808 0
2.24536 1.57423 0
2.25024 1.5792 0
2.25513 1.58344 0
2.26002 1.58727 0
2.26491 1.59083 0
2.26979 1.594 0
2.27468 1.59636 0
2.27957 1.5976 0
2.28446 1.59768 0
2.28935 1.59679 0
2.29423 1.59511 0
2.29912 1.59307 0
2.30401 1.59176 0
2.3089 1.59249 0
2.31378 1.5959 0
2.31867 1.60148 0
2.32356 1.60815 0
2.32845 1.61499 0
2.33333 1.62157 0
2.33822 1.6276 0
2.34311 1.63271 0
2.348 1.63645 0
2.35288 1.63839 0
2.35777 1.63843 0
2.36266 1.6369 0
2.36755 1.63433 0
2.37243 1.63111 0
2.37732 1.62722 0
2.38221 1.62233 0
2.3871 1.61625 0
2.39198 1.60924 0
2.39687 1.60198 0
2.40176 1.59523 0
2.40665 1.58936 0
2.41153 1.58415 0
2.41642 1.57887 0
2.42131 1.57252 0
2.4262 1.5642 0
2.43109 1.55351 0
2.43597 1.54073 0
2.44086 1.52652 0
2.44575 1.51149 0
2.45064 1.49593 0
2.45552 1.47987 0
2.46041 1.46324 0
2.4653 1.44602 0
2.47019 1.42824 0
2.47507 1.40986 0
2.47996 1.3906 0
2.48485 1.37003 0
2.48974 1.34761 0
2.49462 1.32277 0
2.49951 1.29504 0
2.5044 1.26423 0
2.50929 1.23055 0
2.51417 1.19432 0
2.51906 1.15563 0
2.52395 1.11404 0
2.52884 1.06886 0
2.53372 1.01956 0
2.53861 0.966163 0
2.5435 0.90939 0
2.54839 0.850496 0
2.55327 0.791008 0
2.55816 0.73236 0
2.56305 0.675543 0
2.56794 0.62083 0
2.57282 0.567712 0
2.57771 0.515176 0
2.5826 0.462158 0
2.58749 0.407904 0
2.59238 0.352162 0
2.59726 0.295255 0
2.60215 0.238045 0
2.60704 0.181643 0
2.61193 0.126971 0
2.61681 0.0743935 0
2.6217 0.0236208 0
2.62659 -0.0261716 0
2.63148 -0.0760629 0
2.63636 -0.126837 0
2.64125 -0.178408 0
2.64614 -0.229818 0
2.65103 -0.279922 0
2.65591 -0.328151 0
2.6608 -0.374643 0
2.66569 -0.419828 0
2.67058 -0.463991 0
2.67546 -0.507126 0
2.68035 -0.549024 0
2.68524 -0.589439 0
2.69013 -0.628338 0
2.69501 -0.666078 0
2.6999 -0.703301 0
2.70479 -0.740516 0
2.70968 -0.777734 0
2.71457 -0.814597 0
2.71945 -0.850816 0
2.72434 -0.886453 0
2.72923 -0.921789 0
2.73412 -0.957037 0
2.739 -0.992195 0
2.74389 -1.02698 0
2.74878 -1.06081 0
2.75367 -1.09295 0
2.75855 -1.12312 0
2.76344 -1.15194 0
2.76833 -1.18086 0
2.77322 -1.2112 0
2.7781 -1.24354 0
2.78299 -1.27772 0
2.78788 -1.31329 0
2.79277 -1.34968 0
2.79765 -1.38613 0
2.80254 -1.42157 0
2.80743 -1.45501 0
2.81232 -1.48618 0
2.8172 -1.51579 0
2.82209 -1.54526 0
2.82698 -1.57622 0
2.83187 -1.6099 0
2.83675 -1.64664 0
2.84164 -1.68578 0
2.84653 -1.72594 0
2.85142 -1.76533 0
2.8563 -1.8021 0
2.86119 -1.83474 0
2.86608 -1.86249 0
2.87097 -1.88552 0
2.87586 -1.90462 0
2.88074 -1.92074 0
2.88563 -1.93471 0
2.89052 -1.94717 0
2.89541 -1.95872 0
2.90029 -1.96992 0
2.90518 -1.98136 0
2.91007 -1.99348 0
2.91496 -2.00648 0
2.91984 -2.0202 0
2.92473 -2.03421 0
2.92962 -2.04801 0
2.93451 -2.06097 0
2.93939 -2.07243 0
2.94428 -2.08183 0
2.94917 -2.08883 0
2.95406 -2.0935 0
2.95894 -2.09636 0
2.96383 -2.0984 0
2.96872 -2.10089 0
2.97361 -2.10494 0
2.97849 -2.11109 0
2.98338 -2.11901 0
2.98827 -2.12776 0
2.99316 -2.1363 0
2.99804 -2.144 0
3.00293 -2.15095 0
3.00782 -2.15773 0
3.01271 -2.16487 0
3.0176 -2.17249 0
3.02248 -2.1802 0
3.02737 -2.18729 0
3.03226 -2.19293 0
3.03715 -2.19639 0
3.04203 -2.19736 0
3.04692 -2.19615 0
3.05181 -2.19347 0
3.0567 -2.19024 0
3.06158 -2.18736 0
3.06647 -2.1857 0
3.07136 -2.18579 0
3.07625 -2.18762 0
3.08113 -2.19058 0
3.08602 -2.19373 0
3.09091 -2.19621 0
3.0958 -2.19757 0
3.10068 -2.19788 0
3.10557 -2.19768 0
3.11046 -2.19761 0
3.11535 -2.19814 0
3.12023 -2.19934 0
3.12512 -2.2009 0
3.13001 -2.20236 0
3.1349 -2.20332 0
3.13978 -2.20356 0
3.14467 -2.20291 0
3.14956 -2.20123 0
3.15445 -2.19852 0
3.15934 -2.19502 0
3.16422 -2.19095 0
3.16911 -2.18641 0
3.174 -2.18145 0
3.17889 -2.1762 0
3.18377 -2.17082 0
3.18866 -2.16521 0
3.19355 -2.15901 0
3.19844 -2.1518 0
3.20332 -2.14347 0
3.20821 -2.13429 0
3.2131 -2.12463 0
3.21799 -2.11457 0
3.22287 -2.10384 0
3.22776 -2.09207 0
3.23265 -2.07896 0
3.23754 -2.06424 0
3.24242 -2.04732 0
3.24731 -2.02725 0
3.2522 -2.00298 0
3.25709 -1.97385 0
3.26197 -1.93952 0
3.26686 -1.89954 0
3.27175 -1.85296 0
3.27664 -1.79835 0
3.28153 -1.73407 0
3.28641 -1.65854 0
3.2913 -1.57013 0
3.29619 -1.46709 0
3.30108 -1.34804 0
3.30596 -1.21266 0
3.31085 -1.06249 0
3.31574 -0.901205 0
3.32063 -0.73477 0
3.32551 -0.571283 0
3.3304 -0.420268 0
3.33529 -0.290811 0
3.34018 -0.188949 0
3.34506 -0.115788 0
3.34995 -0.0677111 0
3.35484 -0.0384713 0
3.35973 -0.0216711 0
3.36461 -0.0123122 0
3.3695 -0.00713166 0
3.37439 -0.00423114 0
3.37928 -0.00257475 0
3.38416 -0.00161075 0
3.38905 -0.00104037 0
3.39394 -0.00069902 0
3.39883 -0.000492591 0
3.40371 -0.00036808 0
3.4086 -0.000292205 0
3.41349 -0.000246042 0
3.41838 -0.000218324 0
3.42326 -0.000201778 0
3.42815 -0.000191908 0
3.43304 -0.000185916 0
3.43793 -0.000182767 0
3.44282 -0.000180921 0
3.4477 -0.000180212 0
3.45259 -0.000179989 0
3.45748 -0.000179794 0
3.46237 -0.000179985 0
3.46725 -0.000179933 0
3.47214 -0.000180078 0
3.47703 -0.000180118 0
3.48192 -0.000180168 0
3.4868 -0.000180188 0
3.49169 -0.000180254 0
3.49658 -0.000180344 0
3.50147 -0.000180423 0
3.50635 -0.000180577 0
3.51124 -0.000180806 0
3.51613 -0.000181076 0
3.52102 -0.000181389 0
3.5259 -0.000181693 0
3.53079 -0.000181953 0
3.53568 -0.000182148 0
3.54057 -0.000182259 0
3.54545 -0.000182277 0
3.55034 -0.000182199 0
3.55523 -0.000182029 0
3.56012 -0.00018177 0
3.56501 -0.000181431 0
3.56989 -0.000181024 0
3.57478 -0.00018057 0
3.57967 -0.000180099 0
3.58456 -0.000179654 0
3.58944 -0.000179278 0
3.59433 -0.000179009 0
3.59922 -0.000178869 0
3.60411 -0.00017886 0
3.60899 -0.000178963 0
3.61388 -0.00017915 0
3.61877 -0.000179394 0
3.62366 -0.000179677 0
3.62854 -0.000179998 0
3.63343 -0.000180367 0
3.63832 -0.0001808 0
3.64321 -0.000181312 0
3.64809 -0.00018191 0
3.65298 -0.000182587 0
3.65787 -0.000183322 0
3.66276 -0.000184079 0
3.66764 -0.000184814 0
3.67253 -0.000185486 0
3.67742 -0.000186064 0
3.68231 -0.000186533 0
3.68719 -0.0001869 0
3.69208 -0.000187184 0
3.69697 -0.000187413 0
3.70186 -0.000187614 0
3.70674 -0.000187805 0
3.71163 -0.000187993 0
3.71652 -0.000188169 0
3.72141 -0.000188313 0
3.7263 -0.000188403 0
3.73118 -0.000188416 0
3.73607 -0.000188338 0
3.74096 -0.000188168 0
3.74585 -0.000187914 0
3.75073 -0.000187592 0
3.75562 -0.000187223 0
3.76051 -0.000186828 0
3.7654 -0.00018643 0
3.77028 -0.000186048 0
3.77517 -0.000185693 0
3.78006 -0.000185361 0
3.78495 -0.000185032 0
3.78983 -0.00018468 0
3.79472 -0.000184282 0
3.79961 -0.000183827 0
3.8045 -0.000183324 0
3.80938 -0.000182795 0
3.81427 -0.000182265 0
3.81916 -0.000181748 0
3.82405 -0.000181242 0
3.82893 -0.000180726 0
3.83382 -0.000180171 0
3.83871 -0.000179554 0
3.8436 -0.000178861 0
3.84848 -0.000178101 0
3.85337 -0.000177307 0
3.85826 -0.000176533 0
3.86315 -0.000175844 0
3.86804 -0.000175296 0
3.87292 -0.000174927 0
3.87781 -0.000174761 0
3.8827 -0.000174819 0
3.88759 -0.000175138 0
3.89247 -0.000175778 0
3.89736 -0.00017681 0
3.90225 -0.000178291 0
3.90714 -0.000180245 0
3.91202 -0.000182635 0
3.91691 -0.000185369 0
3.9218 -0.000188303 0
3.92669 -0.000191258 0
3.93157 -0.000194043 0
3.93646 -0.000196486 0
3.94135 -0.000198459 0
3.94624 -0.000200313 0
3.95112 -0.000201079 0
3.95601 -0.000201568 0
3.9609 -0.000201306 0
3.96579 -0.000200822 0
3.97067 -0.000199459 0
3.97556 -0.000198421 0
3.98045 -0.000197548 0
3.98534 -0.000197008 0
3.99022 -0.000196393 0
3.99511 -0.0001961 0
4 -0.00019561 0
