-2 1.08701e-06 0
-1.99413 1.92033e-06 0
-1.98827 3.34812e-06 0
-1.9824 5.70982e-06 0
-1.97654 9.39745e-06 0
-1.97067 1.46742e-05 0
-1.96481 2.13803e-05 0
-1.95894 2.88208e-05 0
-1.95308 3.61342e-05 0
-1.94721 4.27668e-05 0
-1.94135 4.84592e-05 0
-1.93548 5.30079e-05 0
-1.92962 5.626e-05 0
-1.92375 5.82498e-05 0
-1.91789 5.92171e-05 0
-1.91202 5.948e-05 0
-1.90616 5.93238e-05 0
-1.90029 5.89917e-05 0
-1.89443 5.86872e-05 0
-1.88856 5.85405e-05 0
-1.8827 5.85904e-05 0
-1.87683 5.88184e-05 0
-1.87097 5.91956e-05 0
-1.8651 5.96985e-05 0
-1.85924 6.032e-05 0
-1.85337 6.10943e-05 0
-1.84751 6.20664e-05 0
-1.84164 6.31959e-05 0
-1.83578 6.42929e-05 0
-1.82991 6.50713e-05 0
-1.82405 6.52877e-05 0
-1.81818 6.48727e-05 0
-1.81232 6.39619e-05 0
-1.80645 6.27944e-05 0
-1.80059 6.15768e-05 0
-1.79472 6.04398e-05 0
-1.78886 5.9485e-05 0
-1.78299 5.88117e-05 0
-1.77713 5.84887e-05 0
-1.77126 5.85077e-05 0
-1.7654 5.87681e-05 0
-1.75953 5.91159e-05 0
-1.75367 5.94139e-05 0
-1.7478 5.95943e-05 0
-1.74194 5.96592e-05 0
-1.73607 5.96598e-05 0
-1.73021 5.96948e-05 0
-1.72434 5.99023e-05 0
-1.71847 6.04016e-05 0
-1.71261 6.12374e-05 0
-1.70674 6.23855e-05 0
-1.70088 6.38035e-05 0
-1.69501 6.5469e-05 0
-1.68915 6.73904e-05 0
-1.68328 6.95945e-05 0
-1.67742 7.20865e-05 0
-1.67155 7.48079e-05 0
-1.66569 7.76338e-05 0
-1.65982 8.04268e-05 0
-1.65396 8.30983e-05 0
-1.64809 8.5631e-05 0
-1.64223 8.8062e-05 0
-1.63636 9.04468e-05 0
-1.6305 9.28101e-05 0
-1.62463 9.51146e-05 0
-1.61877 9.72854e-05 0
-1.6129 9.9275e-05 0
-1.60704 0.000101097 0
-1.60117 0.000102787 0
-1.59531 0.000104355 0
-1.58944 0.000105779 0
-1.58358 0.000107051 0
-1.57771 0.000108201 0
-1.57185 0.000109301 0
-1.56598 0.000110463 0
-1.56012 0.000111814 0
-1.55425 0.000113424 0
-1.54839 0.000115262 0
-1.54252 0.000117207 0
-1.53666 0.000119125 0
-1.53079 0.000120957 0
-1.52493 0.000122739 0
-1.51906 0.000124563 0
-1.5132 0.000126521 0
-1.50733 0.000128697 0
-1.50147 0.000131183 0
-1.4956 0.000134057 0
-1.48974 0.000137329 0
-1.48387 0.000140915 0
-1.47801 0.000144678 0
-1.47214 0.000148493 0
-1.46628 0.000152272 0
-1.46041 0.000155951 0
-1.45455 0.000159475 0
-1.44868 0.00016283 0
-1.44282 0.000166071 0
-1.43695 0.0001693 0
-1.43109 0.000172612 0
-1.42522 0.000176084 0
-1.41935 0.000179758 0
-1.41349 0.000183632 0
-1.40762 0.000187653 0
-1.40176 0.000191744 0
-1.39589 0.000195842 0
-1.39003 0.000199947 0
-1.38416 0.000204126 0
-1.3783 0.000208466 0
-1.37243 0.000213033 0
-1.36657 0.00021787 0
-1.3607 0.00022299 0
-1.35484 0.000228383 0
-1.34897 0.000233994 0
-1.34311 0.000239748 0
-1.33724 0.000245573 0
-1.33138 0.000251425 0
-1.32551 0.000257302 0
-1.31965 0.000263235 0
-1.31378 0.000269274 0
-1.30792 0.000275434 0
-1.30205 0.00028168 0
-1.29619 0.000287932 0
-1.29032 0.000294115 0
-1.28446 0.000300169 0
-1.27859 0.000306115 0
-1.27273 0.000312078 0
-1.26686 0.000318224 0
-1.261 0.000324684 0
-1.25513 0.000331504 0
-1.24927 0.000338686 0
-1.2434 0.000346194 0
-1.23754 0.000353989 0
-1.23167 0.000362001 0
-1.22581 0.000370162 0
-1.21994 0.000378423 0
-1.21408 0.000386757 0
-1.20821 0.000395152 0
-1.20235 0.000403599 0
-1.19648 0.000412156 0
-1.19062 0.000420894 0
-1.18475 0.000429921 0
-1.17889 0.000439343 0
-1.17302 0.00044928 0
-1.16716 0.00045981 0
-1.16129 0.000470846 0
-1.15543 0.000482177 0
-1.14956 0.000493541 0
-1.14369 0.000504817 0
-1.13783 0.000516081 0
-1.13196 0.000527536 0
-1.1261 0.0005394 0
-1.12023 0.000551728 0
-1.11437 0.00056446 0
-1.1085 0.00057749 0
-1.10264 0.000590721 0
-1.09677 0.000604078 0
-1.09091 0.000617452 0
-1.08504 0.000630737 0
-1.07918 0.000643804 0
-1.07331 0.000656529 0
-1.06745 0.00066891 0
-1.06158 0.000681152 0
-1.05572 0.000693788 0
-1.04985 0.000707927 0
-1.04399 0.000725696 0
-1.03812 0.000751576 0
-1.03226 0.000794839 0
-1.02639 0.000874096 0
-1.02053 0.00102681 0
-1.01466 0.00132712 0
-1.0088 0.00192083 0
-1.00293 0.00308321 0
-0.997067 0.00528404 0
-0.991202 0.00917345 0
-0.985337 0.0153398 0
-0.979472 0.0239032 0
-0.973607 0.0343675 0
-0.967742 0.0459777 0
-0.961877 0.0583627 0
-0.956012 0.0720638 0
-0.950147 0.0885255 0
-0.944282 0.109182 0
-0.938417 0.133847 0
-0.932551 0.159814 0
-0.926686 0.183279 0
-0.920821 0.201841 0
-0.914956 0.215325 0
-0.909091 0.225002 0
-0.903226 0.232819 0
-0.89736 0.240829 0
-0.891495 0.250507 0
-0.88563 0.262393 0
-0.879765 0.276135 0
-0.8739 0.29035 0
-0.868035 0.302974 0
-0.86217 0.312961 0
-0.856305 0.321324 0
-0.85044 0.329557 0
-0.844575 0.337461 0
-0.83871 0.343633 0
-0.832845 0.347869 0
-0.82698 0.351815 0
-0.821114 0.357794 0
-0.815249 0.367628 0
-0.809384 0.381571 0
-0.803519 0.397751 0
-0.797654 0.413095 0
-0.791789 0.425231 0
-0.785924 0.434181 0
-0.780058 0.442605 0
-0.774193 0.453327 0
-0.768328 0.466478 0
-0.762463 0.47997 0
-0.756598 0.492131 0
-0.750733 0.503396 0
-0.744868 0.515658 0
-0.739003 0.529947 0
-0.733138 0.545433 0
-0.727273 0.560946 0
-0.721408 0.576245 0
-0.715543 0.590878 0
-0.709677 0.603445 0
-0.703812 0.613725 0
-0.697947 0.624161 0
-0.692082 0.637593 0
-0.686217 0.653475 0
-0.680352 0.667493 0
-0.674487 0.676084 0
-0.668621 0.680648 0
-0.662756 0.685659 0
-0.656891 0.69347 0
-0.651026 0.703183 0
-0.645161 0.713646 0
-0.639296 0.724609 0
-0.633431 0.735346 0
-0.627566 0.744362 0
-0.621701 0.750748 0
-0.615836 0.755385 0
-0.609971 0.76038 0
-0.604106 0.767088 0
-0.59824 0.775602 0
-0.592375 0.785958 0
-0.58651 0.798381 0
-0.580645 0.812451 0
-0.57478 0.82704 0
-0.568915 0.841184 0
-0.56305 0.854437 0
-0.557185 0.866171 0
-0.551319 0.875269 0
-0.545454 0.88123 0
-0.539589 0.885212 0
-0.533724 0.889275 0
-0.527859 0.894322 0
-0.521994 0.899419 0
-0.516129 0.903601 0
-0.510264 0.907392 0
-0.504399 0.91197 0
-0.498534 0.918059 0
-0.492669 0.925595 0
-0.486804 0.933024 0
-0.480938 0.937877 0
-0.475073 0.939415 0
-0.469208 0.939686 0
-0.463343 0.941347 0
-0.457478 0.945604 0
-0.451613 0.952179 0
-0.445748 0.960199 0
-0.439883 0.969157 0
-0.434017 0.97886 0
-0.428152 0.987993 0
-0.422287 0.994031 0
-0.416422 0.995768 0
-0.410557 0.995203 0
-0.404692 0.996244 0
-0.398827 1.00176 0
-0.392962 1.01184 0
-0.387097 1.02426 0
-0.381232 1.03605 0
-0.375367 1.04483 0
-0.369501 1.0497 0
-0.363636 1.05129 0
-0.357771 1.05101 0
-0.351906 1.04991 0
-0.346041 1.04846 0
-0.340176 1.04725 0
-0.334311 1.04732 0
-0.328446 1.04958 0
-0.322581 1.05397 0
-0.316715 1.05945 0
-0.31085 1.06482 0
-0.304985 1.07019 0
-0.29912 1.07701 0
-0.293255 1.08633 0
-0.28739 1.09747 0
-0.281525 1.10851 0
-0.27566 1.11758 0
-0.269795 1.12378 0
-0.26393 1.12761 0
-0.258064 1.13067 0
-0.252199 1.1346 0
-0.246334 1.14022 0
-0.240469 1.14754 0
-0.234604 1.15601 0
-0.228739 1.1648 0
-0.222874 1.17338 0
-0.217009 1.18177 0
-0.211144 1.19011 0
-0.205279 1.19824 0
-0.199413 1.20583 0
-0.193548 1.21289 0
-0.187683 1.21958 0
-0.181818 1.22575 0
-0.175953 1.23091 0
-0.170088 1.23485 0
-0.164223 1.23816 0
-0.158358 1.24207 0
-0.152493 1.24769 0
-0.146627 1.25537 0
-0.140762 1.26452 0
-0.134897 1.2742 0
-0.129032 1.28371 0
-0.123167 1.29321 0
-0.117302 1.30352 0
-0.111437 1.3149 0
-0.105572 1.32636 0
-0.0997066 1.3367 0
-0.0938416 1.34581 0
-0.0879765 1.35449 0
-0.0821115 1.36354 0
-0.0762464 1.37339 0
-0.070381 1.38376 0
-0.0645159 1.39351 0
-0.0586509 1.40095 0
-0.0527859 1.40505 0
-0.0469208 1.40614 0
-0.0410558 1.4055 0
-0.0351908 1.40434 0
-0.0293253 1.40326 0
-0.0234603 1.40236 0
-0.0175952 1.40164 0
-0.0117302 1.40109 0
-0.00586516 1.40065 0
-1.19209e-07 1.40028 0
0.00586534 1.39999 0
0.0117304 1.39974 0
0.0175954 1.39953 0
0.0234604 1.39935 0
0.0293255 1.39919 0
0.0351905 1.39904 0
0.041056 1.39891 0
0.046921 1.39879 0
0.0527861 1.39869 0
0.0586511 1.39859 0
0.0645161 1.3985 0
0.0703812 1.39842 0
0.0762462 1.39834 0
0.0821117 1.39827 0
0.0879767 1.39821 0
0.0938417 1.39815 0
0.0997068 1.39809 0
0.105572 1.39803 0
0.111437 1.39798 0
0.117302 1.39793 0
0.123167 1.39788 0
0.129032 1.39783 0
0.134897 1.39779 0
0.140762 1.39775 0
0.146627 1.39771 0
0.152493 1.39767 0
0.158358 1.39764 0
0.164223 1.39761 0
0.170088 1.39757 0
0.175953 1.39754 0
0.181818 1.39752 0
0.187683 1.39749 0
0.193549 1.39747 0
0.199414 1.39744 0
0.205279 1.39742 0
0.211144 1.3974 0
0.217009 1.39738 0
0.222874 1.39736 0
0.228739 1.39734 0
0.234604 1.39732 0
0.240469 1.39731 0
0.246334 1.39729 0
0.252199 1.39727 0
0.258064 1.39726 0
0.263929 1.39724 0
0.269795 1.39723 0
0.27566 1.39721 0
0.281525 1.39719 0
0.28739 1.39718 0
0.293255 1.39717 0
0.29912 1.39715 0
0.304986 1.39714 0
0.310851 1.39713 0
0.316716 1.39711 0
0.322581 1.3971 0
0.328446 1.39709 0
0.334311 1.39708 0
0.340176 1.39707 0
0.346041 1.39706 0
0.351906 1.39705 0
0.357771 1.39704 0
0.363636 1.39703 0
0.369501 1.39702 0
0.375366 1.39701 0
0.381232 1.397 0
0.387097 1.397 0
0.392962 1.39699 0
0.398827 1.39698 0
0.404692 1.39697 0
0.410557 1.39696 0
0.416423 1.39696 0
0.422288 1.39695 0
0.428153 1.39694 0
0.434018 1.39694 0
0.439883 1.39693 0
0.445748 1.39693 0
0.451613 1.39692 0
0.457478 1.39692 0
0.463343 1.39691 0
0.469208 1.39691 0
0.475073 1.3969 0
0.480938 1.39689 0
0.486803 1.39689 0
0.492669 1.39688 0
0.498534 1.39688 0
0.504399 1.39687 0
0.510264 1.39687 0
0.516129 1.39686 0
0.521994 1.39686 0
0.527859 1.39686 0
0.533724 1.39685 0
0.53959 1.39685 0
0.545455 1.39684 0
0.55132 1.39684 0
0.557185 1.39683 0
0.56305 1.39683 0
0.568915 1.39683 0
0.57478 1.39682 0
0.580645 1.39682 0
0.58651 1.39681 0
0.592375 1.39681 0
0.598241 1.3968 0
0.604106 1.3968 0
0.609971 1.39679 0
0.615836 1.39679 0
0.621701 1.39678 0
0.627566 1.39678 0
0.633431 1.39678 0
0.639296 1.39677 0
0.645161 1.39677 0
0.651027 1.39676 0
0.656892 1.39676 0
0.662757 1.39676 0
0.668622 1.39675 0
0.674487 1.39675 0
0.680352 1.39675 0
0.686217 1.39675 0
0.692082 1.39675 0
0.697947 1.39675 0
0.703812 1.39674 0
0.709678 1.39674 0
0.715543 1.39674 0
0.721408 1.39674 0
0.727273 1.39674 0
0.733138 1.39674 0
0.739003 1.39674 0
0.744868 1.39674 0
0.750733 1.39673 0
0.756598 1.39673 0
0.762464 1.39673 0
0.768329 1.39673 0
0.774194 1.39673 0
0.780059 1.39673 0
0.785924 1.39673 0
0.791789 1.39673 0
0.797654 1.39673 0
0.803519 1.39673 0
0.809384 1.39673 0
0.815249 1.39672 0
0.821115 1.39672 0
0.82698 1.39672 0
0.832845 1.39672 0
0.83871 1.39672 0
0.844575 1.39672 0
0.85044 1.39672 0
0.856305 1.39672 0
0.86217 1.39672 0
0.868035 1.39672 0
0.8739 1.39672 0
0.879766 1.39672 0
0.885631 1.39672 0
0.891496 1.39671 0
0.897361 1.39671 0
0.903226 1.39671 0
0.909091 1.39671 0
0.914956 1.39671 0
0.920821 1.39671 0
0.926686 1.39671 0
0.932552 1.39671 0
0.938416 1.39671 0
0.944282 1.39671 0
0.950147 1.39671 0
0.956012 1.39671 0
0.961877 1.39671 0
0.967742 1.39671 0
0.973607 1.39671 0
0.979472 1.39671 0
0.985337 1.39671 0
0.991202 1.39671 0
0.997068 1.39671 0
1.00293 1.3967 0
1.0088 1.3967 0
1.01466 1.3967 0
1.02053 1.3967 0
1.02639 1.39671 0
1.03226 1.39671 0
1.03812 1.39671 0
1.04399 1.39671 0
1.04985 1.39671 0
1.05572 1.39671 0
1.06158 1.39671 0
1.06745 1.39671 0
1.07331 1.39671 0
1.07918 1.39671 0
1.08504 1.39671 0
1.09091 1.39671 0
1.09677 1.39671 0
1.10264 1.39671 0
1.1085 1.39671 0
1.11437 1.39671 0
1.12023 1.39671 0
1.1261 1.39671 0
1.13196 1.39672 0
1.13783 1.39672 0
1.1437 1.39672 0
1.14956 1.39672 0
1.15543 1.39672 0
1.16129 1.39672 0
1.16716 1.39672 0
1.17302 1.39672 0
1.17889 1.39673 0
1.18475 1.39673 0
1.19062 1.39673 0
1.19648 1.39673 0
1.20235 1.39673 0
1.20821 1.39673 0
1.21408 1.39673 0
1.21994 1.39673 0
1.22581 1.39674 0
1.23167 1.39674 0
1.23754 1.39674 0
1.2434 1.39674 0
1.24927 1.39674 0
1.25513 1.39674 0
1.261 1.39675 0
1.26686 1.39675 0
1.27273 1.39675 0
1.27859 1.39675 0
1.28446 1.39676 0
1.29032 1.39676 0
1.29619 1.39676 0
1.30205 1.39676 0
1.30792 1.39677 0
1.31378 1.39677 0
1.31965 1.39677 0
1.32551 1.39677 0
1.33138 1.39678 0
1.33724 1.39678 0
1.34311 1.39678 0
1.34897 1.39678 0
1.35484 1.39679 0
1.3607 1.39679 0
1.36657 1.39679 0
1.37243 1.3968 0
1.3783 1.3968 0
1.38416 1.3968 0
1.39003 1.39681 0
1.39589 1.39681 0
1.40176 1.39681 0
1.40762 1.39682 0
1.41349 1.39682 0
1.41935 1.39682 0
1.42522 1.39683 0
1.43109 1.39683 0
1.43695 1.39684 0
1.44282 1.39684 0
1.44868 1.39685 0
1.45455 1.39685 0
1.46041 1.39686 0
1.46628 1.39686 0
1.47214 1.39687 0
1.47801 1.39688 0
1.48387 1.39688 0
1.48974 1.39689 0
1.4956 1.3969 0
1.50147 1.39691 0
1.50733 1.39692 0
1.5132 1.39693 0
1.51906 1.39694 0
1.52493 1.39695 0
1.53079 1.39696 0
1.53666 1.39697 0
1.54252 1.39698 0
1.54839 1.397 0
1.55425 1.39701 0
1.56012 1.39702 0
1.56598 1.39704 0
1.57185 1.39706 0
1.57771 1.39708 0
1.58358 1.3971 0
1.58944 1.39712 0
1.59531 1.39715 0
1.60117 1.39717 0
1.60704 1.3972 0
1.6129 1.39723 0
1.61877 1.39726 0
1.62463 1.3973 0
1.6305 1.39735 0
1.63636 1.39739 0
1.64223 1.39744 0
1.64809 1.3975 0
1.65396 1.39757 0
1.65982 1.39765 0
1.66569 1.39774 0
1.67155 1.39785 0
1.67742 1.39798 0
1.68328 1.39814 0
1.68915 1.39835 0
1.69501 1.39861 0
1.70088 1.39894 0
1.70674 1.39941 0
1.71261 1.40009 0
1.71848 1.401 0
1.72434 1.40228 0
1.73021 1.40393 0
1.73607 1.40536 0
1.74194 1.405 0
1.7478 1.40075 0
1.75367 1.39105 0
1.75953 1.37596 0
1.7654 1.35733 0
1.77126 1.33792 0
1.77713 1.3203 0
1.78299 1.30617 0
1.78886 1.29644 0
1.79472 1.29155 0
1.80059 1.29161 0
1.80645 1.29633 0
1.81232 1.30469 0
1.81818 1.31467 0
1.82405 1.32358 0
1.82991 1.32902 0
1.83578 1.32977 0
1.84164 1.32603 0
1.84751 1.31866 0
1.85337 1.30798 0
1.85924 1.29348 0
1.8651 1.27492 0
1.87097 1.25346 0
1.87683 1.2316 0
1.8827 1.21198 0
1.88856 1.19627 0
1.89443 1.18507 0
1.90029 1.17852 0
1.90616 1.17681 0
1.91202 1.18012 0
1.91789 1.1879 0
1.92375 1.19791 0
1.92962 1.20674 0
1.93548 1.21169 0
1.94135 1.21165 0
1.94721 1.20664 0
1.95308 1.19715 0
1.95894 1.18377 0
1.96481 1.16719 0
1.97067 1.14839 0
1.97654 1.12863 0
1.9824 1.11 0
1.98827 1.09556 0
1.99413 1.08811 0
2 1.08831 0
2.00587 1.09463 0
2.01173 1.10451 0
2.0176 1.11512 0
2.02346 1.12344 0
2.02933 1.12665 0
2.03519 1.1229 0
2.04106 1.11171 0
2.04692 1.09439 0
2.05279 1.07405 0
2.05865 1.05425 0
2.06452 1.03769 0
2.07038 1.02632 0
2.07625 1.02161 0
2.08211 1.02335 0
2.08798 1.02893 0
2.09384 1.03473 0
2.09971 1.03802 0
2.10557 1.0383 0
2.11144 1.03678 0
2.1173 1.03419 0
2.12317 1.0296 0
2.12903 1.02198 0
2.1349 1.0122 0
2.14076 1.0022 0
2.14663 0.992448 0
2.15249 0.981761 0
2.15836 0.97019 0
2.16422 0.960348 0
2.17009 0.954739 0
2.17595 0.952607 0
2.18182 0.950626 0
2.18768 0.94584 0
2.19355 0.937191 0
2.19941 0.925664 0
2.20528 0.913879 0
2.21114 0.904696 0
2.21701 0.899763 0
2.22287 0.899348 0
2.22874 0.902646 0
2.2346 0.907717 0
2.24047 0.911864 0
2.24633 0.912927 0
2.2522 0.910404 0
2.25806 0.905362 0
2.26393 0.899168 0
2.26979 0.892268 0
2.27566 0.884561 0
2.28152 0.876873 0
2.28739 0.871231 0
2.29326 0.869489 0
2.29912 0.872016 0
2.30499 0.877487 0
2.31085 0.883734 0
2.31672 0.888854 0
2.32258 0.891517 0
2.32845 0.890795 0
2.33431 0.886426 0
2.34018 0.879048 0
2.34604 0.869868 0
2.35191 0.860304 0
2.35777 0.851936 0
2.36364 0.846253 0
2.3695 0.843724 0
2.37537 0.843092 0
2.38123 0.842073 0
2.3871 0.838855 0
2.39296 0.832747 0
2.39883 0.823849 0
2.40469 0.813205 0
2.41056 0.803346 0
2.41642 0.797262 0
2.42229 0.795741 0
2.42815 0.796035 0
2.43402 0.793716 0
2.43988 0.786223 0
2.44575 0.774673 0
2.45161 0.761927 0
2.45748 0.749546 0
2.46334 0.737515 0
2.46921 0.726098 0
2.47507 0.716545 0
2.48094 0.710078 0
2.4868 0.707091 0
2.49267 0.707854 0
2.49853 0.713545 0
2.5044 0.725074 0
2.51026 0.740227 0
2.51613 0.753515 0
2.52199 0.760005 0
2.52786 0.758717 0
2.53372 0.752238 0
2.53959 0.744397 0
2.54545 0.738777 0
2.55132 0.738128 0
2.55718 0.743814 0
2.56305 0.755575 0
2.56892 0.771533 0
2.57478 0.788261 0
2.58065 0.801659 0
2.58651 0.808153 0
2.59238 0.805524 0
2.59824 0.794333 0
2.60411 0.778972 0
2.60997 0.76575 0
2.61584 0.759732 0
2.6217 0.763386 0
2.62757 0.77604 0
2.63343 0.793407 0
2.6393 0.809277 0
2.64516 0.819207 0
2.65103 0.822881 0
2.65689 0.823142 0
2.66276 0.823508 0
2.66862 0.827259 0
2.67449 0.837635 0
2.68035 0.856372 0
2.68622 0.882186 0
2.69208 0.911547 0
2.69795 0.940705 0
2.70381 0.968004 0
2.70968 0.994691 0
2.71554 1.02221 0
2.72141 1.04941 0
2.72727 1.07467 0
2.73314 1.10065 0
2.739 1.13514 0
2.74487 1.1864 0
2.75073 1.25699 0
2.7566 1.34131 0
2.76246 1.42868 0
2.76833 1.50884 0
2.77419 1.57581 0
2.78006 1.62884 0
2.78592 1.67115 0
2.79179 1.70735 0
2.79765 1.74041 0
2.80352 1.77018 0
2.80938 1.79482 0
2.81525 1.81375 0
2.82111 1.82859 0
2.82698 1.84175 0
2.83284 1.85482 0
2.83871 1.86744 0
2.84457 1.87731 0
2.85044 1.88273 0
2.85631 1.88531 0
2.86217 1.88886 0
2.86804 1.89543 0
2.8739 1.9036 0
2.87977 1.91056 0
2.88563 1.91431 0
2.8915 1.91436 0
2.89736 1.91177 0
2.90323 1.90879 0
2.90909 1.90846 0
2.91496 1.91455 0
2.92082 1.93134 0
2.92669 1.96263 0
2.93255 2.00941 0
2.93842 2.06735 0
2.94428 2.12712 0
2.95015 2.17776 0
2.95601 2.21067 0
2.96188 2.22277 0
2.96774 2.21747 0
2.97361 2.20194 0
2.97947 2.18267 0
2.98534 2.16375 0
2.9912 2.14766 0
2.99707 2.13488 0
3.00293 2.12289 0
3.0088 2.10811 0
3.01466 2.08946 0
3.02053 2.06945 0
3.02639 2.0523 0
3.03226 2.04144 0
3.03812 2.03759 0
3.04399 2.03822 0
3.04985 2.03896 0
3.05572 2.03617 0
3.06158 2.02861 0
3.06745 2.01755 0
3.07331 2.0056 0
3.07918 1.99528 0
3.08504 1.98832 0
3.09091 1.98539 0
3.09677 1.98548 0
3.10264 1.9861 0
3.1085 1.98523 0
3.11437 1.98294 0
3.12023 1.9807 0
3.1261 1.98016 0
3.13196 1.98254 0
3.13783 1.98777 0
3.1437 1.99373 0
3.14956 1.99746 0
3.15543 1.99748 0
3.16129 1.99473 0
3.16716 1.99121 0
3.17302 1.98847 0
3.17889 1.98719 0
3.18475 1.98764 0
3.19062 1.99016 0
3.19648 1.99497 0
3.20235 2.00179 0
3.20821 2.01003 0
3.21408 2.01942 0
3.21994 2.03014 0
3.22581 2.0425 0
3.23167 2.05636 0
3.23754 2.07124 0
3.2434 2.08666 0
3.24927 2.10269 0
3.25513 2.12009 0
3.261 2.14023 0
3.26686 2.16461 0
3.27273 2.194 0
3.27859 2.22725 0
3.28446 2.26029 0
3.29032 2.28627 0
3.29619 2.29734 0
3.30205 2.28711 0
3.30792 2.25292 0
3.31378 2.19669 0
3.31965 2.12506 0
3.32551 2.04787 0
3.33138 1.9747 0
3.33724 1.91148 0
3.34311 1.85993 0
3.34897 1.81922 0
3.35484 1.78743 0
3.3607 1.76226 0
3.36657 1.74138 0
3.37243 1.72309 0
3.3783 1.70672 0
3.38416 1.69254 0
3.39003 1.68112 0
3.39589 1.67228 0
3.40176 1.66484 0
3.40762 1.6575 0
3.41349 1.64965 0
3.41935 1.64156 0
3.42522 1.63413 0
3.43109 1.62853 0
3.43695 1.62536 0
3.44282 1.62391 0
3.44868 1.62253 0
3.45455 1.62019 0
3.46041 1.61721 0
3.46628 1.61397 0
3.47214 1.60976 0
3.47801 1.60366 0
3.48387 1.59582 0
3.48974 1.58727 0
3.4956 1.57891 0
3.50147 1.57093 0
3.50733 1.56335 0
3.5132 1.55665 0
3.51906 1.55136 0
3.52493 1.54732 0
3.53079 1.54425 0
3.53666 1.54232 0
3.54252 1.54096 0
3.54839 1.53741 0
3.55425 1.52788 0
3.56012 1.50963 0
3.56598 1.48195 0
3.57185 1.44561 0
3.57771 1.40119 0
3.58358 1.34784 0
3.58944 1.28364 0
3.59531 1.20623 0
3.60117 1.11371 0
3.60704 1.00803 0
3.6129 0.897706 0
3.61877 0.794008 0
3.62463 0.70271 0
3.6305 0.622155 0
3.63636 0.549535 0
3.64223 0.485129 0
3.64809 0.429794 0
3.65396 0.382497 0
3.65982 0.341577 0
3.66569 0.305827 0
3.67155 0.274138 0
3.67742 0.245587 0
3.68328 0.219574 0
3.68915 0.195614 0
3.69501 0.17362 0
3.70088 0.15411 0
3.70674 0.137627 0
3.71261 0.124039 0
3.71848 0.112536 0
3.72434 0.102072 0
3.73021 0.0915648 0
3.73607 0.0803324 0
3.74194 0.0689167 0
3.7478 0.0589781 0
3.75367 0.0517663 0
3.75953 0.0468749 0
3.7654 0.0427898 0
3.77126 0.0382002 0
3.77713 0.0324547 0
3.78299 0.0255971 0
3.78886 0.018478 0
3.79472 0.012173 0
3.80059 0.00714294 0
3.80645 0.00347337 0
3.81232 0.00132884 0
3.81818 0.000351364 0
3.82405 -0.000705471 0
3.82991 -0.00286185 0
3.83578 -0.00585358 0
3.84164 -0.00860532 0
3.84751 -0.0102888 0
3.85337 -0.0107503 0
3.85924 -0.0103766 0
3.8651 -0.00972868 0
3.87097 -0.0091367 0
3.87683 -0.00861658 0
3.8827 -0.0080787 0
3.88856 -0.00745391 0
3.89443 -0.00668982 0
3.90029 -0.00574849 0
3.90616 -0.00463256 0
3.91202 -0.00341244 0
3.91789 -0.00219908 0
3.92375 -0.00109343 0
3.92962 -0.00017085 0
3.93548 0.000521615 0
3.94135 0.000980795 0
3.94721 0.00125387 0
3.95308 0.00140718 0
3.95894 0.0014903 0
3.96481 0.0015321 0
3.97067 0.00154944 0
3.97654 0.00155198 0
3.9824 0.00154596 0
3.98827 0.00153501 0
3.99413 0.00152116 0
4 0.00150587 0
