-2 0 0
-1.99316 0 0
-1.98631 -0 0
-1.97947 -0 0
-1.97263 -0 0
-1.96579 -0 0
-1.95894 -0 0
-1.9521 -0 0
-1.94526 -0 0
-1.93842 -0 0
-1.93157 -0 0
-1.92473 -0 0
-1.91789 -0 0
-1.91105 -0 0
-1.9042 -2.8026e-45 0
-1.89736 -5.60519e-45 0
-1.89052 -1.12104e-44 0
-1.88368 -1.96182e-44 0
-1.87683 -3.92364e-44 0
-1.86999 -7.42688e-44 0
-1.86315 -1.48538e-43 0
-1.85631 -2.98477e-43 0
-1.84946 -5.89947e-43 0
-1.84262 -1.17008e-42 0
-1.83578 -2.31775e-42 0
-1.82893 -4.59065e-42 0
-1.82209 -9.10143e-42 0
-1.81525 -1.80445e-41 0
-1.80841 -3.57681e-41 0
-1.80156 -7.09057e-41 0
-1.79472 -1.40554e-40 0
-1.78788 -2.78629e-40 0
-1.78104 -5.52318e-40 0
-1.77419 -1.09488e-39 0
-1.76735 -2.17035e-39 0
-1.76051 -4.30237e-39 0
-1.75367 -8.5285e-39 0
-1.74682 -1.69064e-38 0
-1.73998 -3.35131e-38 0
-1.73314 -6.64342e-38 0
-1.7263 -1.31691e-37 0
-1.71945 -2.61057e-37 0
-1.71261 -5.17486e-37 0
-1.70577 -1.02583e-36 0
-1.69892 -2.03348e-36 0
-1.69208 -4.03106e-36 0
-1.68524 -7.99064e-36 0
-1.6784 -1.58401e-35 0
-1.67155 -3.13996e-35 0
-1.66471 -6.22447e-35 0
-1.65787 -1.23386e-34 0
-1.65103 -2.44592e-34 0
-1.64418 -4.8485e-34 0
-1.63734 -9.61139e-34 0
-1.6305 -1.90524e-33 0
-1.62366 -3.77682e-33 0
-1.61681 -7.48671e-33 0
-1.60997 -1.48412e-32 0
-1.60313 -2.94197e-32 0
-1.59629 -5.83187e-32 0
-1.58944 -1.15606e-31 0
-1.5826 -2.29165e-31 0
-1.57576 -4.54277e-31 0
-1.56892 -9.00515e-31 0
-1.56207 -1.7851e-30 0
-1.55523 -3.53861e-30 0
-1.54839 -7.01462e-30 0
-1.54154 -1.39051e-29 0
-1.5347 -2.75642e-29 0
-1.52786 -5.46408e-29 0
-1.52102 -1.08315e-28 0
-1.51417 -2.14713e-28 0
-1.50733 -4.25627e-28 0
-1.50049 -8.43748e-28 0
-1.49365 -1.67257e-27 0
-1.4868 -3.31554e-27 0
-1.47996 -6.57241e-27 0
-1.47312 -1.30286e-26 0
-1.46628 -2.58266e-26 0
-1.45943 -5.11963e-26 0
-1.45259 -1.01487e-25 0
-1.44575 -2.01178e-25 0
-1.43891 -3.98796e-25 0
-1.43206 -7.90537e-25 0
-1.42522 -1.56708e-24 0
-1.41838 -3.10644e-24 0
-1.41153 -6.15792e-24 0
-1.40469 -1.22069e-23 0
-1.39785 -2.41978e-23 0
-1.39101 -4.79675e-23 0
-1.38416 -9.50862e-23 0
-1.37732 -1.8849e-22 0
-1.37048 -3.73645e-22 0
-1.36364 -7.40681e-22 0
-1.35679 -1.46825e-21 0
-1.34995 -2.91054e-21 0
-1.34311 -5.76957e-21 0
-1.33627 -1.14371e-20 0
-1.32942 -2.26717e-20 0
-1.32258 -4.49424e-20 0
-1.31574 -8.90896e-20 0
-1.3089 -1.76603e-19 0
-1.30205 -3.50081e-19 0
-1.29521 -6.93969e-19 0
-1.28837 -1.37566e-18 0
-1.28152 -2.72698e-18 0
-1.27468 -5.40571e-18 0
-1.26784 -1.07158e-17 0
-1.261 -2.12419e-17 0
-1.25415 -4.2108e-17 0
-1.24731 -8.34711e-17 0
-1.24047 -1.6547e-16 0
-1.23363 -3.28013e-16 0
-1.22678 -6.50222e-16 0
-1.21994 -1.28894e-15 0
-1.2131 -2.55508e-15 0
-1.20626 -5.06495e-15 0
-1.19941 -1.00403e-14 0
-1.19257 -1.99029e-14 0
-1.18573 -3.94537e-14 0
-1.17889 -7.82093e-14 0
-1.17204 -1.55035e-13 0
-1.1652 -3.07327e-13 0
-1.15836 -6.09216e-13 0
-1.15152 -1.20765e-12 0
-1.14467 -2.39394e-12 0
-1.13783 -4.74552e-12 0
-1.13099 -9.40709e-12 0
-1.12414 -1.86477e-11 0
-1.1173 -3.69655e-11 0
-1.11046 -7.3277e-11 0
-1.10362 -1.45257e-10 0
-1.09677 -2.87944e-10 0
-1.08993 -5.70791e-10 0
-1.08309 -1.13147e-09 0
-1.07625 -2.24288e-09 0
-1.0694 -4.4459e-09 0
-1.06256 -8.81245e-09 0
-1.05572 -1.74663e-08 0
-1.04888 -3.46129e-08 0
-1.04203 -6.85718e-08 0
-1.03519 -1.35767e-07 0
-1.02835 -2.68493e-07 0
-1.02151 -5.29741e-07 0
-1.01466 -1.04043e-06 0
-1.00782 -2.02538e-06 0
-1.00098 -3.87628e-06 0
-0.994135 -7.18841e-06 0
-0.987292 -1.26163e-05 0
-0.98045 -2.03023e-05 0
-0.973607 -2.90894e-05 0
-0.966764 -3.68308e-05 0
-0.959922 -4.21889e-05 0
-0.953079 -4.54741e-05 0
-0.946237 -4.76713e-05 0
-0.939394 -4.95055e-05 0
-0.932551 -5.13045e-05 0
-0.925709 -5.31914e-05 0
-0.918866 -5.52035e-05 0
-0.912023 -5.73089e-05 0
-0.905181 -5.9391e-05 0
-0.898338 -6.12743e-05 0
-0.891496 -6.27988e-05 0
-0.884653 -6.38505e-05 0
-0.87781 -6.43552e-05 0
-0.870968 -6.43244e-05 0
-0.864125 -6.38989e-05 0
-0.857283 -6.33043e-05 0
-0.85044 -6.27637e-05 0
-0.843597 -6.24165e-05 0
-0.836755 -6.22323e-05 0
-0.829912 -6.19687e-05 0
-0.823069 -6.12185e-05 0
-0.816227 -5.94258e-05 0
-0.809384 -5.57274e-05 0
-0.802541 -4.85353e-05 0
-0.795699 -3.47075e-05 0
-0.788856 -7.95925e-06 0
-0.782014 4.42264e-05 0
-0.775171 0.000146741 0
-0.768328 0.000349042 0
-0.761486 0.000749082 0
-0.754643 0.00154009 0
-0.747801 0.00310155 0
-0.740958 0.00617194 0
-0.734115 0.0121622 0
-0.727273 0.0236745 0
-0.72043 0.045195 0
-0.713587 0.0835352 0
-0.706745 0.146796 0
-0.699902 0.240342 0
-0.69306 0.360753 0
-0.686217 0.493043 0
-0.679374 0.61555 0
-0.672532 0.709362 0
-0.665689 0.765317 0
-0.658847 0.785553 0
-0.652004 0.78042 0
-0.645161 0.762363 0
-0.638319 0.740735 0
-0.631476 0.720934 0
-0.624633 0.705982 0
-0.617791 0.697796 0
-0.610948 0.697471 0
-0.604105 0.705334 0
-0.597263 0.720747 0
-0.59042 0.741233 0
-0.583578 0.763077 0
-0.576735 0.784211 0
-0.569892 0.804827 0
-0.56305 0.823577 0
-0.556207 0.835625 0
-0.549365 0.836743 0
-0.542522 0.827744 0
-0.535679 0.813807 0
-0.528837 0.800449 0
-0.521994 0.790462 0
-0.515152 0.784076 0
-0.508309 0.780577 0
-0.501466 0.77944 0
-0.494624 0.780825 0
-0.487781 0.785459 0
-0.480938 0.793386 0
-0.474096 0.802553 0
-0.467253 0.80987 0
-0.46041 0.814689 0
-0.453568 0.819872 0
-0.446725 0.828234 0
-0.439883 0.839057 0
-0.43304 0.848635 0
-0.426197 0.853999 0
-0.419355 0.855711 0
-0.412512 0.856627 0
-0.40567 0.859066 0
-0.398827 0.864414 0
-0.391984 0.873455 0
-0.385142 0.88539 0
-0.378299 0.898217 0
-0.371457 0.910471 0
-0.364614 0.92144 0
-0.357771 0.931098 0
-0.350929 0.940214 0
-0.344086 0.948971 0
-0.337243 0.956569 0
-0.330401 0.962477 0
-0.323558 0.966701 0
-0.316715 0.969504 0
-0.309873 0.971723 0
-0.30303 0.974492 0
-0.296188 0.978691 0
-0.289345 0.98522 0
-0.282502 0.994677 0
-0.27566 1.00645 0
-0.268817 1.01908 0
-0.261975 1.03163 0
-0.255132 1.04416 0
-0.248289 1.05712 0
-0.241447 1.07055 0
-0.234604 1.08386 0
-0.227761 1.09648 0
-0.220919 1.10843 0
-0.214076 1.12 0
-0.207234 1.13125 0
-0.200391 1.14204 0
-0.193548 1.15212 0
-0.186706 1.1614 0
-0.179863 1.1704 0
-0.173021 1.17992 0
-0.166178 1.19029 0
-0.159335 1.20139 0
-0.152493 1.21301 0
-0.14565 1.22522 0
-0.138807 1.23803 0
-0.131965 1.25111 0
-0.125122 1.26397 0
-0.11828 1.27636 0
-0.111437 1.2885 0
-0.104594 1.30075 0
-0.0977517 1.31336 0
-0.0909091 1.32642 0
-0.0840665 1.33983 0
-0.0772238 1.35328 0
-0.0703812 1.36638 0
-0.0635386 1.37905 0
-0.056696 1.39157 0
-0.0498534 1.40425 0
-0.0430108 1.41726 0
-0.0361682 1.43066 0
-0.0293255 1.44428 0
-0.0224829 1.45784 0
-0.0156403 1.47121 0
-0.00879756 1.4844 0
-0.00195494 1.4976 0
0.00488767 1.51092 0
0.0117303 1.52412 0
0.0185729 1.53652 0
0.0254155 1.54707 0
0.0322581 1.55462 0
0.0391007 1.55897 0
0.0459433 1.56101 0
0.052786 1.56178 0
0.0596286 1.56196 0
0.0664712 1.5619 0
0.0733138 1.56176 0
0.0801564 1.5616 0
0.086999 1.56146 0
0.0938416 1.56133 0
0.100684 1.56122 0
0.107527 1.56112 0
0.114369 1.56104 0
0.121212 1.56097 0
0.128055 1.56091 0
0.134897 1.56086 0
0.14174 1.56081 0
0.148583 1.56077 0
0.155425 1.56073 0
0.162268 1.5607 0
0.169111 1.56067 0
0.175953 1.56064 0
0.182796 1.56062 0
0.189638 1.5606 0
0.196481 1.56058 0
0.203324 1.56056 0
0.210166 1.56054 0
0.217009 1.56052 0
0.223851 1.56051 0
0.230694 1.56049 0
0.237537 1.56048 0
0.244379 1.56047 0
0.251222 1.56046 0
0.258065 1.56044 0
0.264907 1.56043 0
0.27175 1.56042 0
0.278592 1.56042 0
0.285435 1.56041 0
0.292278 1.5604 0
0.29912 1.56039 0
0.305963 1.56038 0
0.312806 1.56038 0
0.319648 1.56037 0
0.326491 1.56036 0
0.333333 1.56036 0
0.340176 1.56035 0
0.347019 1.56035 0
0.353861 1.56034 0
0.360704 1.56034 0
0.367546 1.56033 0
0.374389 1.56033 0
0.381232 1.56032 0
0.388074 1.56032 0
0.394917 1.56032 0
0.40176 1.56031 0
0.408602 1.56031 0
0.415445 1.5603 0
0.422287 1.5603 0
0.42913 1.5603 0
0.435973 1.56029 0
0.442815 1.56029 0
0.449658 1.56029 0
0.4565 1.56029 0
0.463343 1.56028 0
0.470186 1.56028 0
0.477028 1.56028 0
0.483871 1.56028 0
0.490714 1.56027 0
0.497556 1.56027 0
0.504399 1.56027 0
0.511241 1.56027 0
0.518084 1.56027 0
0.524927 1.56026 0
0.531769 1.56026 0
0.538612 1.56026 0
0.545455 1.56026 0
0.552297 1.56026 0
0.55914 1.56026 0
0.565982 1.56025 0
0.572825 1.56025 0
0.579668 1.56025 0
0.58651 1.56025 0
0.593353 1.56025 0
0.600195 1.56025 0
0.607038 1.56025 0
0.613881 1.56025 0
0.620723 1.56025 0
0.627566 1.56025 0
0.634409 1.56025 0
0.641251 1.56025 0
0.648094 1.56025 0
0.654936 1.56025 0
0.661779 1.56025 0
0.668622 1.56024 0
0.675464 1.56025 0
0.682307 1.56025 0
0.689149 1.56025 0
0.695992 1.56024 0
0.702835 1.56024 0
0.709678 1.56025 0
0.71652 1.56024 0
0.723363 1.56024 0
0.730205 1.56025 0
0.737048 1.56024 0
0.743891 1.56025 0
0.750733 1.56025 0
0.757576 1.56025 0
0.764418 1.56025 0
0.771261 1.56025 0
0.778104 1.56025 0
0.784946 1.56025 0
0.791789 1.56025 0
0.798632 1.56025 0
0.805474 1.56025 0
0.812317 1.56026 0
0.819159 1.56026 0
0.826002 1.56026 0
0.832845 1.56026 0
0.839687 1.56026 0
0.84653 1.56026 0
0.853372 1.56026 0
0.860215 1.56027 0
0.867058 1.56027 0
0.8739 1.56027 0
0.880743 1.56027 0
0.887586 1.56027 0
0.894428 1.56027 0
0.901271 1.56027 0
0.908113 1.56028 0
0.914956 1.56028 0
0.921799 1.56028 0
0.928641 1.56028 0
0.935484 1.56028 0
0.942326 1.56028 0
0.949169 1.56029 0
0.956012 1.56029 0
0.962854 1.56029 0
0.969697 1.56029 0
0.976539 1.56029 0
0.983382 1.5603 0
0.990225 1.5603 0
0.997067 1.5603 0
1.00391 1.5603 0
1.01075 1.56031 0
1.0176 1.56031 0
1.02444 1.56032 0
1.03128 1.56032 0
1.03812 1.56032 0
1.04497 1.56033 0
1.05181 1.56033 0
1.05865 1.56033 0
1.06549 1.56034 0
1.07234 1.56034 0
1.07918 1.56034 0
1.08602 1.56035 0
1.09286 1.56035 0
1.09971 1.56036 0
1.10655 1.56036 0
1.11339 1.56037 0
1.12023 1.56037 0
1.12708 1.56038 0
1.13392 1.56038 0
1.14076 1.56039 0
1.14761 1.56039 0
1.15445 1.5604 0
1.16129 1.5604 0
1.16813 1.56041 0
1.17498 1.56042 0
1.18182 1.56042 0
1.18866 1.56043 0
1.1955 1.56044 0
1.20235 1.56045 0
1.20919 1.56045 0
1.21603 1.56046 0
1.22287 1.56047 0
1.22972 1.56048 0
1.23656 1.56049 0
1.2434 1.5605 0
1.25024 1.56051 0
1.25709 1.56052 0
1.26393 1.56053 0
1.27077 1.56054 0
1.27761 1.56055 0
1.28446 1.56056 0
1.2913 1.56058 0
1.29814 1.56059 0
1.30499 1.5606 0
1.31183 1.56062 0
1.31867 1.56064 0
1.32551 1.56065 0
1.33236 1.56067 0
1.3392 1.56069 0
1.34604 1.56071 0
1.35288 1.56073 0
1.35973 1.56076 0
1.36657 1.56078 0
1.37341 1.56081 0
1.38025 1.56083 0
1.3871 1.56087 0
1.39394 1.5609 0
1.40078 1.56093 0
1.40762 1.56097 0
1.41447 1.56101 0
1.42131 1.56106 0
1.42815 1.56111 0
1.435 1.56116 0
1.44184 1.56123 0
1.44868 1.56129 0
1.45552 1.56137 0
1.46237 1.56145 0
1.46921 1.56155 0
1.47605 1.56166 0
1.48289 1.56179 0
1.48974 1.56195 0
1.49658 1.56213 0
1.50342 1.56236 0
1.51026 1.56264 0
1.51711 1.563 0
1.52395 1.56346 0
1.53079 1.56405 0
1.53763 1.56478 0
1.54448 1.56556 0
1.55132 1.56594 0
1.55816 1.56486 0
1.565 1.56089 0
1.57185 1.55297 0
1.57869 1.54105 0
1.58553 1.52612 0
1.59238 1.50982 0
1.59922 1.49363 0
1.60606 1.47821 0
1.6129 1.4635 0
1.61975 1.44936 0
1.62659 1.43597 0
1.63343 1.42377 0
1.64027 1.4136 0
1.64712 1.40628 0
1.65396 1.4021 0
1.6608 1.40054 0
1.66764 1.40035 0
1.67449 1.39979 0
1.68133 1.39731 0
1.68817 1.39221 0
1.69501 1.38438 0
1.70186 1.37377 0
1.7087 1.36042 0
1.71554 1.34476 0
1.72239 1.32774 0
1.72923 1.31037 0
1.73607 1.29345 0
1.74291 1.2782 0
1.74976 1.26639 0
1.7566 1.2584 0
1.76344 1.25249 0
1.77028 1.24659 0
1.77713 1.23996 0
1.78397 1.23369 0
1.79081 1.22926 0
1.79765 1.22606 0
1.8045 1.22157 0
1.81134 1.21411 0
1.81818 1.20457 0
1.82502 1.19547 0
1.83187 1.18794 0
1.83871 1.18071 0
1.84555 1.17255 0
1.85239 1.16444 0
1.85924 1.1574 0
1.86608 1.15036 0
1.87292 1.14199 0
1.87977 1.13281 0
1.88661 1.12458 0
1.89345 1.11857 0
1.90029 1.11498 0
1.90714 1.11278 0
1.91398 1.10942 0
1.92082 1.10216 0
1.92766 1.09023 0
1.93451 1.07588 0
1.94135 1.06353 0
1.94819 1.05575 0
1.95503 1.05081 0
1.96188 1.04563 0
1.96872 1.03878 0
1.97556 1.03044 0
1.9824 1.02164 0
1.98925 1.01371 0
1.99609 1.00707 0
2.00293 1.00073 0
2.00978 0.993283 0
2.01662 0.984242 0
2.02346 0.974518 0
2.0303 0.96566 0
2.03715 0.958719 0
2.04399 0.953609 0
2.05083 0.950308 0
2.05767 0.949474 0
2.06452 0.950088 0
2.07136 0.949068 0
2.0782 0.94491 0
2.08504 0.939209 0
2.09189 0.934262 0
2.09873 0.931024 0
2.10557 0.928729 0
2.11241 0.926031 0
2.11926 0.922894 0
2.1261 0.920163 0
2.13294 0.917775 0
2.13978 0.915003 0
2.14663 0.911002 0
2.15347 0.9053 0
2.16031 0.898912 0
2.16716 0.893573 0
2.174 0.888933 0
2.18084 0.883453 0
2.18768 0.878169 0
2.19453 0.875281 0
2.20137 0.874511 0
2.20821 0.874816 0
2.21505 0.877075 0
2.2219 0.881368 0
2.22874 0.884812 0
2.23558 0.884314 0
2.24242 0.879351 0
2.24927 0.872711 0
2.25611 0.869613 0
2.26295 0.874655 0
2.26979 0.88806 0
2.27664 0.905006 0
2.28348 0.919963 0
2.29032 0.930949 0
2.29716 0.938764 0
2.30401 0.945986 0
2.31085 0.957817 0
2.31769 0.979025 0
2.32454 1.00962 0
2.33138 1.04561 0
2.33822 1.08197 0
2.34506 1.11469 0
2.35191 1.14271 0
2.35875 1.1681 0
2.36559 1.19394 0
2.37243 1.2214 0
2.37928 1.24882 0
2.38612 1.27364 0
2.39296 1.29484 0
2.3998 1.31379 0
2.40665 1.33287 0
2.41349 1.35363 0
2.42033 1.37622 0
2.42718 1.40002 0
2.43402 1.42374 0
2.44086 1.44571 0
2.4477 1.46547 0
2.45455 1.48293 0
2.46139 1.49665 0
2.46823 1.50523 0
2.47507 1.50899 0
2.48192 1.51081 0
2.48876 1.51583 0
2.4956 1.52787 0
2.50244 1.54578 0
2.50929 1.5661 0
2.51613 1.58795 0
2.52297 1.61214 0
2.52981 1.63723 0
2.53666 1.6598 0
2.5435 1.67825 0
2.55034 1.69357 0
2.55718 1.7071 0
2.56403 1.7189 0
2.57087 1.72975 0
2.57771 1.74306 0
2.58456 1.76088 0
2.5914 1.78142 0
2.59824 1.80229 0
2.60508 1.82298 0
2.61193 1.84392 0
2.61877 1.86481 0
2.62561 1.88398 0
2.63245 1.8994 0
2.6393 1.9108 0
2.64614 1.92024 0
2.65298 1.93064 0
2.65982 1.94424 0
2.66667 1.96023 0
2.67351 1.97638 0
2.68035 1.99269 0
2.68719 2.01022 0
2.69404 2.02799 0
2.70088 2.04333 0
2.70772 2.05494 0
2.71457 2.06449 0
2.72141 2.07451 0
2.72825 2.08619 0
2.73509 2.10026 0
2.74194 2.11742 0
2.74878 2.13672 0
2.75562 2.15482 0
2.76246 2.16806 0
2.76931 2.17556 0
2.77615 2.17937 0
2.78299 2.18231 0
2.78983 2.1863 0
2.79668 2.19249 0
2.80352 2.20142 0
2.81036 2.212 0
2.8172 2.22139 0
2.82405 2.22684 0
2.83089 2.2278 0
2.83773 2.22577 0
2.84457 2.22135 0
2.85142 2.21274 0
2.85826 2.19668 0
2.8651 2.16995 0
2.87195 2.13067 0
2.87879 2.07798 0
2.88563 2.01139 0
2.89247 1.93142 0
2.89932 1.84049 0
2.90616 1.74317 0
2.913 1.64548 0
2.91984 1.55355 0
2.92669 1.47227 0
2.93353 1.40369 0
2.94037 1.34607 0
2.94721 1.29515 0
2.95406 1.2464 0
2.9609 1.19515 0
2.96774 1.13491 0
2.97458 1.0568 0
2.98143 0.950731 0
2.98827 0.808646 0
2.99511 0.629074 0
3.00196 0.42092 0
3.0088 0.202727 0
3.01564 -0.00576721 0
3.02248 -0.193161 0
3.02933 -0.358346 0
3.03617 -0.506079 0
3.04301 -0.641396 0
3.04985 -0.765368 0
3.0567 -0.873246 0
3.06354 -0.956184 0
3.07038 -1.0059 0
3.07722 -1.01897 0
3.08407 -0.998085 0
3.09091 -0.950821 0
3.09775 -0.886688 0
3.10459 -0.814007 0
3.11144 -0.738401 0
3.11828 -0.663118 0
3.12512 -0.589918 0
3.13196 -0.519546 0
3.13881 -0.452689 0
3.14565 -0.390793 0
3.15249 -0.334878 0
3.15934 -0.284315 0
3.16618 -0.237707 0
3.17302 -0.194271 0
3.17986 -0.153778 0
3.18671 -0.115174 0
3.19355 -0.0763301 0
3.20039 -0.0361528 0
3.20723 0.00393655 0
3.21408 0.0424298 0
3.22092 0.0804918 0
3.22776 0.120603 0
3.2346 0.163345 0
3.24145 0.206224 0
3.24829 0.245924 0
3.25513 0.280939 0
3.26197 0.311983 0
3.26882 0.34135 0
3.27566 0.371654 0
3.2825 0.403366 0
3.28934 0.433283 0
3.29619 0.456086 0
3.30303 0.467866 0
3.30987 0.46775 0
3.31672 0.455951 0
3.32356 0.432507 0
3.3304 0.399027 0
3.33724 0.359926 0
3.34409 0.320065 0
3.35093 0.281593 0
3.35777 0.244371 0
3.36461 0.209101 0
3.37146 0.178211 0
3.3783 0.153205 0
3.38514 0.133045 0
3.39198 0.115487 0
3.39883 0.0992935 0
3.40567 0.084783 0
3.41251 0.0724762 0
3.41936 0.0621479 0
3.4262 0.0530768 0
3.43304 0.0443838 0
3.43988 0.0353935 0
3.44673 0.0262467 0
3.45357 0.0178507 0
3.46041 0.0111289 0
3.46725 0.00644515 0
3.4741 0.00354706 0
3.48094 0.00190067 0
3.48778 0.00101337 0
3.49462 0.000549027 0
3.50147 0.00030929 0
3.50831 0.000186055 0
3.51515 0.000122459 0
3.52199 8.91666e-05 0
3.52884 7.11563e-05 0
3.53568 6.07428e-05 0
3.54252 5.40282e-05 0
3.54936 4.90995e-05 0
3.55621 4.52029e-05 0
3.56305 4.22031e-05 0
3.56989 3.99652e-05 0
3.57674 3.82989e-05 0
3.58358 3.70124e-05 0
3.59042 3.60007e-05 0
3.59726 3.51055e-05 0
3.60411 3.41611e-05 0
3.61095 3.30386e-05 0
3.61779 3.16815e-05 0
3.62463 3.01419e-05 0
3.63148 2.85351e-05 0
3.63832 2.69915e-05 0
3.64516 2.56059e-05 0
3.652 2.4444e-05 0
3.65885 2.35585e-05 0
3.66569 2.29766e-05 0
3.67253 2.26795e-05 0
3.67937 2.2613e-05 0
3.68622 2.27135e-05 0
3.69306 2.29141e-05 0
3.6999 2.31577e-05 0
3.70674 2.34212e-05 0
3.71359 2.37198e-05 0
3.72043 2.40854e-05 0
3.72727 2.4518e-05 0
3.73412 2.49586e-05 0
3.74096 2.53247e-05 0
3.7478 2.55642e-05 0
3.75464 2.56738e-05 0
3.76149 2.56881e-05 0
3.76833 2.56659e-05 0
3.77517 2.56885e-05 0
3.78201 2.58545e-05 0
3.78886 2.62481e-05 0
3.7957 2.68964e-05 0
3.80254 2.77456e-05 0
3.80938 2.86747e-05 0
3.81623 2.95318e-05 0
3.82307 3.01639e-05 0
3.82991 3.04497e-05 0
3.83675 3.03532e-05 0
3.8436 2.99584e-05 0
3.85044 2.94236e-05 0
3.85728 2.89049e-05 0
3.86413 2.85244e-05 0
3.87097 2.83807e-05 0
3.87781 2.85898e-05 0
3.88465 2.93158e-05 0
3.8915 3.07174e-05 0
3.89834 3.28038e-05 0
3.90518 3.53348e-05 0
3.91202 3.76324e-05 0
3.91887 3.97827e-05 0
3.92571 4.12979e-05 0
3.93255 4.19856e-05 0
3.93939 4.24241e-05 0
3.94624 4.27647e-05 0
3.95308 4.27942e-05 0
3.95992 4.28421e-05 0
3.96676 4.21913e-05 0
3.97361 4.06689e-05 0
3.98045 3.84247e-05 0
3.98729 3.66491e-05 0
3.99413 3.52089e-05 0
4.00098 3.45464e-05 0
4.00782 3.39532e-05 0
4.01466 3.3786e-05 0
4.0215 3.35763e-05 0
4.02835 3.35987e-05 0
4.03519 3.361e-05 0
4.04203 3.33619e-05 0
4.04888 3.33648e-05 0
4.05572 3.33663e-05 0
4.06256 3.3367e-05 0
4.0694 3.33674e-05 0
4.07625 3.33676e-05 0
4.08309 3.33676e-05 0
4.08993 3.33677e-05 0
4.09677 3.33677e-05 0
4.10362 3.33677e-05 0
4.11046 3.33677e-05 0
4.1173 3.33677e-05 0
4.12415 3.33677e-05 0
4.13099 3.33677e-05 0
4.13783 3.33677e-05 0
4.14467 3.33677e-05 0
4.15152 3.33677e-05 0
4.15836 3.33677e-05 0
4.1652 3.33677e-05 0
4.17204 3.33677e-05 0
4.17889 3.33677e-05 0
4.18573 3.33677e-05 0
4.19257 3.33677e-05 0
4.19941 3.33677e-05 0
4.20626 3.33677e-05 0
4.2131 3.33677e-05 0
4.21994 3.33677e-05 0
4.22678 3.33677e-05 0
4.23363 3.33677e-05 0
4.24047 3.33677e-05 0
4.24731 3.33677e-05 0
4.25415 3.33677e-05 0
4.261 3.33677e-05 0
4.26784 3.33677e-05 0
4.27468 3.33677e-05 0
4.28153 3.33677e-05 0
4.28837 3.33677e-05 0
4.29521 3.33677e-05 0
4.30205 3.33677e-05 0
4.3089 3.33677e-05 0
4.31574 3.33677e-05 0
4.32258 3.33677e-05 0
4.32942 3.33677e-05 0
4.33627 3.33677e-05 0
4.34311 3.33677e-05 0
4.34995 3.33677e-05 0
4.35679 3.33677e-05 0
4.36364 3.33677e-05 0
4.37048 3.33677e-05 0
4.37732 3.33677e-05 0
4.38416 3.33677e-05 0
4.39101 3.33677e-05 0
4.39785 3.33677e-05 0
4.40469 3.33677e-05 0
4.41153 3.33677e-05 0
4.41838 3.33677e-05 0
4.42522 3.33677e-05 0
4.43206 3.33677e-05 0
4.43891 3.33677e-05 0
4.44575 3.33677e-05 0
4.45259 3.33677e-05 0
4.45943 3.33677e-05 0
4.46628 3.33677e-05 0
4.47312 3.33677e-05 0
4.47996 3.33677e-05 0
4.4868 3.33677e-05 0
4.49365 3.33677e-05 0
4.50049 3.33677e-05 0
4.50733 3.33677e-05 0
4.51417 3.33677e-05 0
4.52102 3.33677e-05 0
4.52786 3.33677e-05 0
4.5347 3.33677e-05 0
4.54154 3.33677e-05 0
4.54839 3.33677e-05 0
4.55523 3.33677e-05 0
4.56207 3.33677e-05 0
4.56891 3.33677e-05 0
4.57576 3.33677e-05 0
4.5826 3.33677e-05 0
4.58944 3.33677e-05 0
4.59629 3.33677e-05 0
4.60313 3.33677e-05 0
4.60997 3.33677e-05 0
4.61681 3.33677e-05 0
4.62366 3.33677e-05 0
4.6305 3.33677e-05 0
4.63734 3.33677e-05 0
4.64418 3.33677e-05 0
4.65103 3.33677e-05 0
4.65787 3.33677e-05 0
4.66471 3.33677e-05 0
4.67155 3.33677e-05 0
4.6784 3.33677e-05 0
4.68524 3.33677e-05 0
4.69208 3.33677e-05 0
4.69893 3.33677e-05 0
4.70577 3.33677e-05 0
4.71261 3.33677e-05 0
4.71945 3.33677e-05 0
4.7263 3.33677e-05 0
4.73314 3.33677e-05 0
4.73998 3.33677e-05 0
4.74682 3.33677e-05 0
4.75367 3.33677e-05 0
4.76051 3.33677e-05 0
4.76735 3.33677e-05 0
4.77419 3.33677e-05 0
4.78104 3.33677e-05 0
4.78788 3.33677e-05 0
4.79472 3.33677e-05 0
4.80156 3.33677e-05 0
4.80841 3.33677e-05 0
4.81525 3.33677e-05 0
4.82209 3.33677e-05 0
4.82893 3.33677e-05 0
4.83578 3.33677e-05 0
4.84262 3.33677e-05 0
4.84946 3.33677e-05 0
4.85631 3.33677e-05 0
4.86315 3.33677e-05 0
4.86999 3.33677e-05 0
4.87683 3.33677e-05 0
4.88368 3.33677e-05 0
4.89052 3.33677e-05 0
4.89736 3.33677e-05 0
4.9042 3.33677e-05 0
4.91105 3.33677e-05 0
4.91789 3.33677e-05 0
4.92473 3.33677e-05 0
4.93157 3.33677e-05 0
4.93842 3.33677e-05 0
4.94526 3.33677e-05 0
4.9521 3.33677e-05 0
4.95894 3.33677e-05 0
4.96579 3.33677e-05 0
4.97263 3.33677e-05 0
4.97947 3.33677e-05 0
4.98631 3.33677e-05 0
4.99316 3.33677e-05 0
5 3.33677e-05 0
