-1 -9.68423e-08 0
-0.995112 -1.52315e-07 0
-0.990225 -2.34909e-07 0
-0.985337 -3.52284e-07 0
-0.98045 -5.08856e-07 0
-0.975562 -7.01802e-07 0
-0.970675 -9.19042e-07 0
-0.965787 -1.14163e-06 0
-0.960899 -1.34891e-06 0
-0.956012 -1.52224e-06 0
-0.951124 -1.64496e-06 0
-0.946237 -1.69895e-06 0
-0.941349 -1.65846e-06 0
-0.936461 -1.48071e-06 0
-0.931574 -1.09161e-06 0
-0.926686 -3.63448e-07 0
-0.921799 9.19195e-07 0
-0.916911 3.11146e-06 0
-0.912023 6.78787e-06 0
-0.907136 1.2865e-05 0
-0.902248 2.27916e-05 0
-0.897361 3.88301e-05 0
-0.892473 6.44542e-05 0
-0.887586 0.000104867 0
-0.882698 0.000167631 0
-0.87781 0.000263417 0
-0.872923 0.000406888 0
-0.868035 0.000617758 0
-0.863148 0.00092197 0
-0.85826 0.00135284 0
-0.853372 0.00195181 0
-0.848485 0.00276829 0
-0.843597 0.00385834 0
-0.83871 0.00528216 0
-0.833822 0.007101 0
-0.828935 0.00937398 0
-0.824047 0.0121552 0
-0.819159 0.015492 0
-0.814272 0.0194267 0
-0.809384 0.0240009 0
-0.804497 0.0292591 0
-0.799609 0.035244 0
-0.794721 0.0419853 0
-0.789834 0.0494854 0
-0.784946 0.0577116 0
-0.780059 0.066602 0
-0.775171 0.0760825 0
-0.770283 0.0860802 0
-0.765396 0.0965291 0
-0.760508 0.107365 0
-0.755621 0.118531 0
-0.750733 0.129982 0
-0.745845 0.141703 0
-0.740958 0.1537 0
-0.73607 0.165997 0
-0.731183 0.178612 0
-0.726295 0.191537 0
-0.721408 0.20473 0
-0.71652 0.218124 0
-0.711632 0.231644 0
-0.706745 0.245246 0
-0.701857 0.258924 0
-0.69697 0.272706 0
-0.692082 0.286628 0
-0.687195 0.300722 0
-0.682307 0.315009 0
-0.677419 0.329496 0
-0.672532 0.344166 0
-0.667644 0.358961 0
-0.662757 0.373811 0
-0.657869 0.388685 0
-0.652981 0.40363 0
-0.648094 0.418751 0
-0.643206 0.434141 0
-0.638319 0.449821 0
-0.633431 0.465728 0
-0.628544 0.481742 0
-0.623656 0.49774 0
-0.618768 0.513624 0
-0.613881 0.529328 0
-0.608993 0.544816 0
-0.604106 0.560073 0
-0.599218 0.575091 0
-0.59433 0.589879 0
-0.589443 0.604474 0
-0.584555 0.61894 0
-0.579668 0.633357 0
-0.57478 0.647808 0
-0.569892 0.662373 0
-0.565005 0.677133 0
-0.560117 0.692154 0
-0.55523 0.707466 0
-0.550342 0.723061 0
-0.545455 0.738884 0
-0.540567 0.754831 0
-0.535679 0.770757 0
-0.530792 0.786496 0
-0.525904 0.801884 0
-0.521017 0.816776 0
-0.516129 0.831072 0
-0.511241 0.844735 0
-0.506354 0.857817 0
-0.501466 0.870452 0
-0.496579 0.882814 0
-0.491691 0.89506 0
-0.486804 0.907301 0
-0.481916 0.91959 0
-0.477028 0.931951 0
-0.472141 0.94438 0
-0.467253 0.956844 0
-0.462366 0.969279 0
-0.457478 0.981599 0
-0.45259 0.993708 0
-0.447703 1.00548 0
-0.442815 1.01674 0
-0.437928 1.02733 0
-0.43304 1.03718 0
-0.428152 1.04636 0
-0.423265 1.05503 0
-0.418377 1.06343 0
-0.41349 1.07172 0
-0.408602 1.08003 0
-0.403715 1.08842 0
-0.398827 1.09687 0
-0.393939 1.10529 0
-0.389052 1.11353 0
-0.384164 1.12136 0
-0.379277 1.12864 0
-0.374389 1.13528 0
-0.369501 1.14135 0
-0.364614 1.147 0
-0.359726 1.15236 0
-0.354839 1.15749 0
-0.349951 1.16235 0
-0.345064 1.16693 0
-0.340176 1.17122 0
-0.335288 1.17524 0
-0.330401 1.17892 0
-0.325513 1.18215 0
-0.320626 1.18478 0
-0.315738 1.1867 0
-0.310851 1.18789 0
-0.305963 1.1884 0
-0.301075 1.18833 0
-0.296188 1.18784 0
-0.2913 1.18709 0
-0.286413 1.18623 0
-0.281525 1.18531 0
-0.276637 1.18432 0
-0.27175 1.1832 0
-0.266862 1.18191 0
-0.261975 1.1804 0
-0.257087 1.17854 0
-0.252199 1.17618 0
-0.247312 1.17317 0
-0.242424 1.16944 0
-0.237537 1.16504 0
-0.232649 1.1601 0
-0.227761 1.1549 0
-0.222874 1.14973 0
-0.217986 1.14477 0
-0.213099 1.14005 0
-0.208211 1.13544 0
-0.203324 1.1308 0
-0.198436 1.12605 0
-0.193548 1.1212 0
-0.188661 1.11639 0
-0.183773 1.11183 0
-0.178886 1.10776 0
-0.173998 1.10428 0
-0.16911 1.10142 0
-0.164223 1.09909 0
-0.159335 1.09718 0
-0.154448 1.09565 0
-0.14956 1.09448 0
-0.144672 1.09367 0
-0.139785 1.09324 0
-0.134897 1.09322 0
-0.13001 1.09362 0
-0.125122 1.09458 0
-0.120235 1.0963 0
-0.115347 1.09913 0
-0.110459 1.10334 0
-0.105572 1.10906 0
-0.100684 1.11627 0
-0.0957966 1.12495 0
-0.0909091 1.13517 0
-0.0860215 1.1471 0
-0.0811339 1.16095 0
-0.0762463 1.1768 0
-0.0713587 1.19452 0
-0.0664712 1.21381 0
-0.0615836 1.23432 0
-0.056696 1.25567 0
-0.0518084 1.27748 0
-0.0469208 1.29943 0
-0.0420333 1.32127 0
-0.0371457 1.34298 0
-0.0322581 1.36472 0
-0.0273705 1.38672 0
-0.0224829 1.40917 0
-0.0175954 1.43207 0
-0.0127078 1.45524 0
-0.00782019 1.47845 0
-0.00293261 1.50142 0
0.00195497 1.52398 0
0.00684255 1.54604 0
0.0117301 1.56755 0
0.0166177 1.5885 0
0.0215053 1.60883 0
0.0263929 1.62852 0
0.0312805 1.64758 0
0.036168 1.66604 0
0.0410556 1.68388 0
0.0459432 1.70099 0
0.0508308 1.7173 0
0.0557185 1.7328 0
0.0606061 1.74757 0
0.0654937 1.76165 0
0.0703813 1.77508 0
0.0752688 1.78784 0
0.0801564 1.79985 0
0.085044 1.81098 0
0.0899316 1.82114 0
0.0948192 1.83029 0
0.0997067 1.83847 0
0.104594 1.84571 0
0.109482 1.85201 0
0.114369 1.85737 0
0.119257 1.86178 0
0.124145 1.8653 0
0.129032 1.868 0
0.13392 1.87 0
0.138808 1.87144 0
0.143695 1.87244 0
0.148583 1.87311 0
0.15347 1.87356 0
0.158358 1.87385 0
0.163245 1.87403 0
0.168133 1.87415 0
0.173021 1.87423 0
0.177908 1.87427 0
0.182796 1.8743 0
0.187683 1.87432 0
0.192571 1.87433 0
0.197459 1.87434 0
0.202346 1.87434 0
0.207234 1.87434 0
0.212121 1.87435 0
0.217009 1.87435 0
0.221896 1.87435 0
0.226784 1.87435 0
0.231672 1.87435 0
0.236559 1.87435 0
0.241447 1.87435 0
0.246334 1.87435 0
0.251222 1.87435 0
0.256109 1.87435 0
0.260997 1.87435 0
0.265885 1.87435 0
0.270772 1.87435 0
0.27566 1.87435 0
0.280547 1.87435 0
0.285435 1.87435 0
0.290323 1.87435 0
0.29521 1.87435 0
0.300098 1.87435 0
0.304985 1.87435 0
0.309873 1.87435 0
0.31476 1.87435 0
0.319648 1.87435 0
0.324536 1.87435 0
0.329423 1.87435 0
0.334311 1.87435 0
0.339198 1.87435 0
0.344086 1.87435 0
0.348974 1.87435 0
0.353861 1.87435 0
0.358749 1.87435 0
0.363636 1.87435 0
0.368524 1.87435 0
0.373412 1.87435 0
0.378299 1.87435 0
0.383187 1.87435 0
0.388074 1.87435 0
0.392962 1.87435 0
0.397849 1.87435 0
0.402737 1.87435 0
0.407625 1.87435 0
0.412512 1.87435 0
0.4174 1.87435 0
0.422287 1.87435 0
0.427175 1.87435 0
0.432063 1.87435 0
0.43695 1.87435 0
0.441838 1.87435 0
0.446725 1.87435 0
0.451613 1.87435 0
0.4565 1.87435 0
0.461388 1.87435 0
0.466276 1.87435 0
0.471163 1.87435 0
0.476051 1.87435 0
0.480938 1.87435 0
0.485826 1.87435 0
0.490714 1.87435 0
0.495601 1.87435 0
0.500489 1.87435 0
0.505376 1.87435 0
0.510264 1.87435 0
0.515152 1.87435 0
0.520039 1.87435 0
0.524927 1.87435 0
0.529814 1.87435 0
0.534702 1.87435 0
0.539589 1.87435 0
0.544477 1.87435 0
0.549365 1.87435 0
0.554252 1.87435 0
0.55914 1.87435 0
0.564027 1.87435 0
0.568915 1.87435 0
0.573803 1.87435 0
0.57869 1.87435 0
0.583578 1.87435 0
0.588465 1.87435 0
0.593353 1.87435 0
0.59824 1.87435 0
0.603128 1.87435 0
0.608016 1.87435 0
0.612903 1.87435 0
0.617791 1.87435 0
0.622678 1.87435 0
0.627566 1.87435 0
0.632454 1.87435 0
0.637341 1.87435 0
0.642229 1.87435 0
0.647116 1.87435 0
0.652004 1.87435 0
0.656892 1.87435 0
0.661779 1.87435 0
0.666667 1.87435 0
0.671554 1.87435 0
0.676442 1.87435 0
0.681329 1.87435 0
0.686217 1.87435 0
0.691105 1.87435 0
0.695992 1.87435 0
0.70088 1.87435 0
0.705767 1.87435 0
0.710655 1.87435 0
0.715543 1.87435 0
0.72043 1.87435 0
0.725318 1.87435 0
0.730205 1.87435 0
0.735093 1.87435 0
0.73998 1.87435 0
0.744868 1.87435 0
0.749756 1.87435 0
0.754643 1.87435 0
0.759531 1.87435 0
0.764418 1.87435 0
0.769306 1.87435 0
0.774194 1.87435 0
0.779081 1.87435 0
0.783969 1.87435 0
0.788856 1.87435 0
0.793744 1.87435 0
0.798632 1.87435 0
0.803519 1.87435 0
0.808407 1.87435 0
0.813294 1.87435 0
0.818182 1.87435 0
0.823069 1.87435 0
0.827957 1.87435 0
0.832845 1.87435 0
0.837732 1.87435 0
0.84262 1.87435 0
0.847507 1.87435 0
0.852395 1.87435 0
0.857283 1.87435 0
0.86217 1.87435 0
0.867058 1.87435 0
0.871945 1.87435 0
0.876833 1.87435 0
0.88172 1.87435 0
0.886608 1.87436 0
0.891496 1.87435 0
0.896383 1.87436 0
0.901271 1.87436 0
0.906158 1.87436 0
0.911046 1.87436 0
0.915933 1.87436 0
0.920821 1.87436 0
0.925709 1.87436 0
0.930596 1.87436 0
0.935484 1.87436 0
0.940371 1.87436 0
0.945259 1.87436 0
0.950147 1.87436 0
0.955034 1.87436 0
0.959922 1.87436 0
0.964809 1.87436 0
0.969697 1.87436 0
0.974585 1.87436 0
0.979472 1.87436 0
0.98436 1.87436 0
0.989247 1.87436 0
0.994135 1.87436 0
0.999022 1.87436 0
1.00391 1.87436 0
1.0088 1.87436 0
1.01369 1.87436 0
1.01857 1.87436 0
1.02346 1.87435 0
1.02835 1.87435 0
1.03324 1.87434 0
1.03812 1.87432 0
1.04301 1.87429 0
1.0479 1.87425 0
1.05279 1.87419 0
1.05767 1.8741 0
1.06256 1.87396 0
1.06745 1.87374 0
1.07234 1.87341 0
1.07722 1.87295 0
1.08211 1.87232 0
1.087 1.87154 0
1.09189 1.87061 0
1.09677 1.86958 0
1.10166 1.86851 0
1.10655 1.86746 0
1.11144 1.86648 0
1.11632 1.86558 0
1.12121 1.86469 0
1.1261 1.86368 0
1.13099 1.86244 0
1.13587 1.86091 0
1.14076 1.85906 0
1.14565 1.85689 0
1.15054 1.85447 0
1.15543 1.85195 0
1.16031 1.84949 0
1.1652 1.84723 0
1.17009 1.84521 0
1.17498 1.84331 0
1.17986 1.84134 0
1.18475 1.83909 0
1.18964 1.83646 0
1.19453 1.8335 0
1.19941 1.83044 0
1.2043 1.82756 0
1.20919 1.82502 0
1.21408 1.82283 0
1.21896 1.82086 0
1.22385 1.81904 0
1.22874 1.81738 0
1.23363 1.81596 0
1.23851 1.81491 0
1.2434 1.81438 0
1.24829 1.81444 0
1.25318 1.81496 0
1.25806 1.81562 0
1.26295 1.8159 0
1.26784 1.81536 0
1.27273 1.81373 0
1.27761 1.81099 0
1.2825 1.80735 0
1.28739 1.80307 0
1.29228 1.79835 0
1.29717 1.79336 0
1.30205 1.78837 0
1.30694 1.78371 0
1.31183 1.77965 0
1.31672 1.77619 0
1.3216 1.7732 0
1.32649 1.7705 0
1.33138 1.76794 0
1.33627 1.76542 0
1.34115 1.76283 0
1.34604 1.76006 0
1.35093 1.75705 0
1.35582 1.75376 0
1.3607 1.75026 0
1.36559 1.74655 0
1.37048 1.74254 0
1.37537 1.73812 0
1.38025 1.73334 0
1.38514 1.72851 0
1.39003 1.724 0
1.39492 1.72002 0
1.3998 1.71651 0
1.40469 1.71326 0
1.40958 1.71017 0
1.41447 1.70741 0
1.41935 1.70541 0
1.42424 1.70462 0
1.42913 1.70524 0
1.43402 1.70708 0
1.43891 1.70965 0
1.44379 1.7123 0
1.44868 1.71443 0
1.45357 1.71571 0
1.45846 1.71611 0
1.46334 1.71582 0
1.46823 1.71509 0
1.47312 1.71413 0
1.47801 1.71313 0
1.48289 1.71212 0
1.48778 1.71095 0
1.49267 1.70936 0
1.49756 1.70719 0
1.50244 1.70454 0
1.50733 1.7019 0
1.51222 1.69991 0
1.51711 1.69917 0
1.52199 1.69995 0
1.52688 1.70201 0
1.53177 1.70455 0
1.53666 1.70639 0
1.54154 1.7064 0
1.54643 1.70395 0
1.55132 1.69915 0
1.55621 1.69278 0
1.56109 1.68602 0
1.56598 1.68002 0
1.57087 1.67558 0
1.57576 1.67304 0
1.58065 1.67233 0
1.58553 1.6732 0
1.59042 1.67541 0
1.59531 1.67875 0
1.6002 1.68293 0
1.60508 1.6876 0
1.60997 1.69225 0
1.61486 1.6964 0
1.61975 1.69959 0
1.62463 1.70151 0
1.62952 1.70196 0
1.63441 1.70088 0
1.6393 1.69826 0
1.64418 1.69408 0
1.64907 1.68838 0
1.65396 1.68128 0
1.65885 1.67314 0
1.66373 1.66452 0
1.66862 1.65615 0
1.67351 1.64885 0
1.6784 1.64335 0
1.68328 1.64002 0
1.68817 1.63865 0
1.69306 1.63859 0
1.69795 1.6392 0
1.70283 1.64005 0
1.70772 1.64094 0
1.71261 1.64164 0
1.7175 1.64174 0
1.72239 1.6408 0
1.72727 1.63854 0
1.73216 1.63492 0
1.73705 1.63015 0
1.74194 1.62466 0
1.74682 1.619 0
1.75171 1.61368 0
1.7566 1.60884 0
1.76149 1.60427 0
1.76637 1.59955 0
1.77126 1.59443 0
1.77615 1.58911 0
1.78104 1.58407 0
1.78592 1.57976 0
1.79081 1.57643 0
1.7957 1.57413 0
1.80059 1.57281 0
1.80547 1.57244 0
1.81036 1.57292 0
1.81525 1.57403 0
1.82014 1.57533 0
1.82502 1.57633 0
1.82991 1.5766 0
1.8348 1.57593 0
1.83969 1.57425 0
1.84457 1.57163 0
1.84946 1.56817 0
1.85435 1.564 0
1.85924 1.55942 0
1.86413 1.55497 0
1.86901 1.55132 0
1.8739 1.549 0
1.87879 1.54814 0
1.88368 1.54855 0
1.88856 1.54988 0
1.89345 1.55184 0
1.89834 1.55435 0
1.90323 1.55735 0
1.90811 1.56064 0
1.913 1.56377 0
1.91789 1.56628 0
1.92278 1.56794 0
1.92766 1.56878 0
1.93255 1.56901 0
1.93744 1.56894 0
1.94233 1.56891 0
1.94721 1.56929 0
1.9521 1.57052 0
1.95699 1.57303 0
1.96188 1.57714 0
1.96676 1.58277 0
1.97165 1.58931 0
1.97654 1.59568 0
1.98143 1.60071 0
1.98631 1.60365 0
1.9912 1.60459 0
1.99609 1.60443 0
2.00098 1.60445 0
2.00587 1.60574 0
2.01075 1.6089 0
2.01564 1.61384 0
2.02053 1.61991 0
2.02542 1.62619 0
2.0303 1.63205 0
2.03519 1.63726 0
2.04008 1.64188 0
2.04497 1.64608 0
2.04985 1.65 0
2.05474 1.65376 0
2.05963 1.6573 0
2.06452 1.66033 0
2.0694 1.66235 0
2.07429 1.66304 0
2.07918 1.66256 0
2.08407 1.66169 0
2.08895 1.66151 0
2.09384 1.66292 0
2.09873 1.66626 0
2.10362 1.67138 0
2.1085 1.67788 0
2.11339 1.68548 0
2.11828 1.69413 0
2.12317 1.70392 0
2.12805 1.71484 0
2.13294 1.72674 0
2.13783 1.7393 0
2.14272 1.75216 0
2.1476 1.76496 0
2.15249 1.77737 0
2.15738 1.78919 0
2.16227 1.80038 0
2.16716 1.81114 0
2.17204 1.82178 0
2.17693 1.83257 0
2.18182 1.84342 0
2.18671 1.8538 0
2.19159 1.86302 0
2.19648 1.8706 0
2.20137 1.87651 0
2.20626 1.88111 0
2.21114 1.88505 0
2.21603 1.8891 0
2.22092 1.89384 0
2.22581 1.89938 0
2.23069 1.90521 0
2.23558 1.91065 0
2.24047 1.91534 0
2.24536 1.91957 0
2.25024 1.92412 0
2.25513 1.92978 0
2.26002 1.93701 0
2.26491 1.94579 0
2.26979 1.9557 0
2.27468 1.96621 0
2.27957 1.97677 0
2.28446 1.98695 0
2.28935 1.99659 0
2.29423 2.00588 0
2.29912 2.01523 0
2.30401 2.02489 0
2.3089 2.03471 0
2.31378 2.04439 0
2.31867 2.0538 0
2.32356 2.0631 0
2.32845 2.0726 0
2.33333 2.0826 0
2.33822 2.0933 0
2.34311 2.10466 0
2.348 2.11626 0
2.35288 2.12739 0
2.35777 2.13737 0
2.36266 2.14602 0
2.36755 2.1537 0
2.37243 2.16121 0
2.37732 2.16922 0
2.38221 2.17803 0
2.3871 2.18748 0
2.39198 2.19724 0
2.39687 2.20699 0
2.40176 2.21639 0
2.40665 2.22489 0
2.41153 2.23178 0
2.41642 2.23636 0
2.42131 2.23831 0
2.4262 2.23779 0
2.43109 2.23522 0
2.43597 2.231 0
2.44086 2.22539 0
2.44575 2.21852 0
2.45064 2.21041 0
2.45552 2.201 0
2.46041 2.1901 0
2.4653 2.1775 0
2.47019 2.16305 0
2.47507 2.14675 0
2.47996 2.12871 0
2.48485 2.10897 0
2.48974 2.08746 0
2.49462 2.06402 0
2.49951 2.03854 0
2.5044 2.01117 0
2.50929 1.98241 0
2.51417 1.95302 0
2.51906 1.9237 0
2.52395 1.89488 0
2.52884 1.86658 0
2.53372 1.83856 0
2.53861 1.81056 0
2.5435 1.78238 0
2.54839 1.75398 0
2.55327 1.72537 0
2.55816 1.69653 0
2.56305 1.66741 0
2.56794 1.63794 0
2.57282 1.60805 0
2.57771 1.5778 0
2.5826 1.54728 0
2.58749 1.51649 0
2.59238 1.48529 0
2.59726 1.45349 0
2.60215 1.42106 0
2.60704 1.38821 0
2.61193 1.35524 0
2.61681 1.32233 0
2.6217 1.28953 0
2.62659 1.25688 0
2.63148 1.2246 0
2.63636 1.19309 0
2.64125 1.16279 0
2.64614 1.134 0
2.65103 1.10678 0
2.65591 1.08098 0
2.6608 1.05627 0
2.66569 1.03224 0
2.67058 1.00847 0
2.67546 0.984603 0
2.68035 0.960413 0
2.68524 0.935876 0
2.69013 0.911149 0
2.69501 0.886489 0
2.6999 0.862124 0
2.70479 0.83817 0
2.70968 0.814611 0
2.71457 0.791343 0
2.71945 0.768232 0
2.72434 0.745187 0
2.72923 0.72221 0
2.73412 0.69939 0
2.739 0.67682 0
2.74389 0.65454 0
2.74878 0.632528 0
2.75367 0.610712 0
2.75855 0.588965 0
2.76344 0.567101 0
2.76833 0.544937 0
2.77322 0.522375 0
2.7781 0.499441 0
2.78299 0.476256 0
2.78788 0.452956 0
2.79277 0.429638 0
2.79765 0.406373 0
2.80254 0.383268 0
2.80743 0.360521 0
2.81232 0.33839 0
2.8172 0.3171 0
2.82209 0.29672 0
2.82698 0.277119 0
2.83187 0.258052 0
2.83675 0.239266 0
2.84164 0.220536 0
2.84653 0.201639 0
2.85142 0.182356 0
2.8563 0.16256 0
2.86119 0.142285 0
2.86608 0.121679 0
2.87097 0.10087 0
2.87586 0.0799029 0
2.88074 0.0588296 0
2.88563 0.0378273 0
2.89052 0.0171833 0
2.89541 -0.00285124 0
2.90029 -0.0221963 0
2.90518 -0.0409684 0
2.91007 -0.0594278 0
2.91496 -0.077886 0
2.91984 -0.096578 0
2.92473 -0.115585 0
2.92962 -0.134864 0
2.93451 -0.154359 0
2.93939 -0.174073 0
2.94428 -0.194025 0
2.94917 -0.214192 0
2.95406 -0.234492 0
2.95894 -0.25483 0
2.96383 -0.275139 0
2.96872 -0.295441 0
2.97361 -0.315894 0
2.97849 -0.33675 0
2.98338 -0.358186 0
2.98827 -0.380125 0
2.99316 -0.402234 0
2.99804 -0.424116 0
3.00293 -0.445515 0
3.00782 -0.466423 0
3.01271 -0.487046 0
3.0176 -0.507678 0
3.02248 -0.528504 0
3.02737 -0.549439 0
3.03226 -0.570159 0
3.03715 -0.590306 0
3.04203 -0.60973 0
3.04692 -0.628568 0
3.05181 -0.647139 0
3.0567 -0.665745 0
3.06158 -0.684514 0
3.06647 -0.703367 0
3.07136 -0.722081 0
3.07625 -0.740374 0
3.08113 -0.757947 0
3.08602 -0.774552 0
3.09091 -0.790095 0
3.0958 -0.804686 0
3.10068 -0.81857 0
3.10557 -0.832012 0
3.11046 -0.84522 0
3.11535 -0.858346 0
3.12023 -0.871481 0
3.12512 -0.884624 0
3.13001 -0.897696 0
3.1349 -0.910612 0
3.13978 -0.923331 0
3.14467 -0.935811 0
3.14956 -0.947944 0
3.15445 -0.959612 0
3.15934 -0.970811 0
3.16422 -0.98173 0
3.16911 -0.992655 0
3.174 -1.00374 0
3.17889 -1.01483 0
3.18377 -1.02554 0
3.18866 -1.0355 0
3.19355 -1.04449 0
3.19844 -1.05249 0
3.20332 -1.0596 0
3.20821 -1.06593 0
3.2131 -1.07165 0
3.21799 -1.07688 0
3.22287 -1.08164 0
3.22776 -1.08592 0
3.23265 -1.08967 0
3.23754 -1.09284 0
3.24242 -1.09537 0
3.24731 -1.09716 0
3.2522 -1.09818 0
3.25709 -1.09853 0
3.26197 -1.09848 0
3.26686 -1.09832 0
3.27175 -1.09816 0
3.27664 -1.09792 0
3.28153 -1.09734 0
3.28641 -1.09614 0
3.2913 -1.09405 0
3.29619 -1.09097 0
3.30108 -1.087 0
3.30596 -1.08236 0
3.31085 -1.07722 0
3.31574 -1.07157 0
3.32063 -1.06521 0
3.32551 -1.05786 0
3.3304 -1.04936 0
3.33529 -1.03972 0
3.34018 -1.029 0
3.34506 -1.01724 0
3.34995 -1.00434 0
3.35484 -0.990145 0
3.35973 -0.974496 0
3.36461 -0.957334 0
3.3695 -0.938771 0
3.37439 -0.919064 0
3.37928 -0.898502 0
3.38416 -0.877285 0
3.38905 -0.85547 0
3.39394 -0.832972 0
3.39883 -0.809614 0
3.40371 -0.78521 0
3.4086 -0.759656 0
3.41349 -0.732974 0
3.41838 -0.705282 0
3.42326 -0.676749 0
3.42815 -0.64754 0
3.43304 -0.6178 0
3.43793 -0.587667 0
3.44282 -0.557273 0
3.4477 -0.526749 0
3.45259 -0.496208 0
3.45748 -0.46572 0
3.46237 -0.435328 0
3.46725 -0.405062 0
3.47214 -0.374984 0
3.47703 -0.345209 0
3.48192 -0.315915 0
3.4868 -0.287315 0
3.49169 -0.259612 0
3.49658 -0.232962 0
3.50147 -0.207482 0
3.50635 -0.183265 0
3.51124 -0.160401 0
3.51613 -0.13899 0
3.52102 -0.119152 0
3.5259 -0.101017 0
3.53079 -0.0846905 0
3.53568 -0.0702132 0
3.54057 -0.0575537 0
3.54545 -0.0466211 0
3.55034 -0.0372857 0
3.55523 -0.0294051 0
3.56012 -0.0228409 0
3.56501 -0.0174608 0
3.56989 -0.0131347 0
3.57478 -0.00972874 0
3.57967 -0.00710285 0
3.58456 -0.00511645 0
3.58944 -0.00363698 0
3.59433 -0.00255076 0
3.59922 -0.00176493 0
3.60411 -0.00120551 0
3.60899 -0.000814119 0
3.61388 -0.000544943 0
3.61877 -0.000362881 0
3.62366 -0.000241877 0
3.62854 -0.000162665 0
3.63343 -0.000111741 0
3.63832 -7.97756e-05 0
3.64321 -6.02458e-05 0
3.64809 -4.85733e-05 0
3.65298 -4.1738e-05 0
3.65787 -3.77108e-05 0
3.66276 -3.52871e-05 0
3.66764 -3.38119e-05 0
3.67253 -3.28903e-05 0
3.67742 -3.22752e-05 0
3.68231 -3.18912e-05 0
3.68719 -3.16529e-05 0
3.69208 -3.15131e-05 0
3.69697 -3.14302e-05 0
3.70186 -3.13825e-05 0
3.70674 -3.13521e-05 0
3.71163 -3.13299e-05 0
3.71652 -3.13073e-05 0
3.72141 -3.12771e-05 0
3.7263 -3.12411e-05 0
3.73118 -3.11982e-05 0
3.73607 -3.11454e-05 0
3.74096 -3.10869e-05 0
3.74585 -3.10178e-05 0
3.75073 -3.09362e-05 0
3.75562 -3.08436e-05 0
3.76051 -3.07396e-05 0
3.7654 -3.06266e-05 0
3.77028 -3.05077e-05 0
3.77517 -3.03858e-05 0
3.78006 -3.02638e-05 0
3.78495 -3.01437e-05 0
3.78983 -3.00261e-05 0
3.79472 -2.99105e-05 0
3.79961 -2.97957e-05 0
3.8045 -2.96802e-05 0
3.80938 -2.95621e-05 0
3.81427 -2.9439e-05 0
3.81916 -2.93077e-05 0
3.82405 -2.91639e-05 0
3.82893 -2.90028e-05 0
3.83382 -2.88199e-05 0
3.83871 -2.86111e-05 0
3.8436 -2.83735e-05 0
3.84848 -2.81056e-05 0
3.85337 -2.78077e-05 0
3.85826 -2.74819e-05 0
3.86315 -2.71308e-05 0
3.86804 -2.67571e-05 0
3.87292 -2.63617e-05 0
3.87781 -2.5943e-05 0
3.8827 -2.54968e-05 0
3.88759 -2.50161e-05 0
3.89247 -2.44921e-05 0
3.89736 -2.39147e-05 0
3.90225 -2.32732e-05 0
3.90714 -2.25575e-05 0
3.91202 -2.17582e-05 0
3.91691 -2.08675e-05 0
3.9218 -1.98798e-05 0
3.92669 -1.87932e-05 0
3.93157 -1.76119e-05 0
3.93646 -1.63488e-05 0
3.94135 -1.50268e-05 0
3.94624 -1.36792e-05 0
3.95112 -1.25684e-05 0
3.95601 -1.12971e-05 0
3.9609 -1.01315e-05 0
3.96579 -9.33123e-06 0
3.97067 -8.4797e-06 0
3.97556 -7.80741e-06 0
3.98045 -7.52644e-06 0
3.98534 -7.16973e-06 0
3.99022 -7.14851e-06 0
3.99511 -6.98892e-06 0
4 -6.88644e-06 0
