-4 -6.16794e-07 0
-3.98925 -7.30163e-07 0
-3.97849 -8.57668e-07 0
-3.96774 -9.98911e-07 0
-3.95699 -1.15285e-06 0
-3.94624 -1.31781e-06 0
-3.93548 -1.49149e-06 0
-3.92473 -1.67112e-06 0
-3.91398 -1.85364e-06 0
-3.90323 -2.03579e-06 0
-3.89247 -2.2144e-06 0
-3.88172 -2.38645e-06 0
-3.87097 -2.54927e-06 0
-3.86022 -2.70065e-06 0
-3.84946 -2.83889e-06 0
-3.83871 -2.96291e-06 0
-3.82796 -3.07216e-06 0
-3.8172 -3.16666e-06 0
-3.80645 -3.24685e-06 0
-3.7957 -3.3135e-06 0
-3.78495 -3.36758e-06 0
-3.77419 -3.41023e-06 0
-3.76344 -3.44258e-06 0
-3.75269 -3.46583e-06 0
-3.74194 -3.48113e-06 0
-3.73118 -3.4896e-06 0
-3.72043 -3.4923e-06 0
-3.70968 -3.49013e-06 0
-3.69892 -3.48387e-06 0
-3.68817 -3.47406e-06 0
-3.67742 -3.46107e-06 0
-3.66667 -3.4451e-06 0
-3.65591 -3.42623e-06 0
-3.64516 -3.4045e-06 0
-3.63441 -3.37999e-06 0
-3.62366 -3.35283e-06 0
-3.6129 -3.32327e-06 0
-3.60215 -3.29163e-06 0
-3.5914 -3.25829e-06 0
-3.58065 -3.22361e-06 0
-3.56989 -3.1879e-06 0
-3.55914 -3.15137e-06 0
-3.54839 -3.11414e-06 0
-3.53763 -3.07628e-06 0
-3.52688 -3.0378e-06 0
-3.51613 -2.99875e-06 0
-3.50538 -2.95922e-06 0
-3.49462 -2.91943e-06 0
-3.48387 -2.87969e-06 0
-3.47312 -2.84039e-06 0
-3.46237 -2.80195e-06 0
-3.45161 -2.76482e-06 0
-3.44086 -2.72934e-06 0
-3.43011 -2.69582e-06 0
-3.41935 -2.6644e-06 0
-3.4086 -2.63515e-06 0
-3.39785 -2.60799e-06 0
-3.3871 -2.58277e-06 0
-3.37634 -2.55926e-06 0
-3.36559 -2.53716e-06 0
-3.35484 -2.51618e-06 0
-3.34409 -2.49599e-06 0
-3.33333 -2.47628e-06 0
-3.32258 -2.45672e-06 0
-3.31183 -2.43706e-06 0
-3.30108 -2.41702e-06 0
-3.29032 -2.39639e-06 0
-3.27957 -2.375e-06 0
-3.26882 -2.35275e-06 0
-3.25806 -2.32959e-06 0
-3.24731 -2.30556e-06 0
-3.23656 -2.28074e-06 0
-3.22581 -2.25529e-06 0
-3.21505 -2.22936e-06 0
-3.2043 -2.20314e-06 0
-3.19355 -2.17674e-06 0
-3.1828 -2.15025e-06 0
-3.17204 -2.12367e-06 0
-3.16129 -2.09692e-06 0
-3.15054 -2.06989e-06 0
-3.13979 -2.0424e-06 0
-3.12903 -2.01429e-06 0
-3.11828 -1.9854e-06 0
-3.10753 -1.95559e-06 0
-3.09677 -1.92478e-06 0
-3.08602 -1.89292e-06 0
-3.07527 -1.85999e-06 0
-3.06452 -1.82597e-06 0
-3.05376 -1.79087e-06 0
-3.04301 -1.75465e-06 0
-3.03226 -1.71729e-06 0
-3.02151 -1.67872e-06 0
-3.01075 -1.63888e-06 0
-3 -1.59768e-06 0
-2.98925 -1.55507e-06 0
-2.97849 -1.51099e-06 0
-2.96774 -1.46544e-06 0
-2.95699 -1.41845e-06 0
-2.94624 -1.3701e-06 0
-2.93548 -1.32052e-06 0
-2.92473 -1.26991e-06 0
-2.91398 -1.21847e-06 0
-2.90323 -1.16642e-06 0
-2.89247 -1.11397e-06 0
-2.88172 -1.06129e-06 0
-2.87097 -1.00846e-06 0
-2.86022 -9.55459e-07 0
-2.84946 -9.02168e-07 0
-2.83871 -8.48349e-07 0
-2.82796 -7.93683e-07 0
-2.8172 -7.3779e-07 0
-2.80645 -6.80244e-07 0
-2.7957 -6.20617e-07 0
-2.78495 -5.58504e-07 0
-2.77419 -4.93543e-07 0
-2.76344 -4.25435e-07 0
-2.75269 -3.53957e-07 0
-2.74194 -2.78974e-07 0
-2.73118 -2.00436e-07 0
-2.72043 -1.18383e-07 0
-2.70968 -3.2917e-08 0
-2.69892 5.58124e-08 0
-2.68817 1.47639e-07 0
-2.67742 2.42398e-07 0
-2.66667 3.39958e-07 0
-2.65591 4.40233e-07 0
-2.64516 5.43207e-07 0
-2.63441 6.48924e-07 0
-2.62366 7.57505e-07 0
-2.6129 8.69136e-07 0
-2.60215 9.84074e-07 0
-2.5914 1.10262e-06 0
-2.58065 1.22513e-06 0
-2.56989 1.35198e-06 0
-2.55914 1.48357e-06 0
-2.54839 1.62032e-06 0
-2.53763 1.76266e-06 0
-2.52688 1.91102e-06 0
-2.51613 2.06582e-06 0
-2.50538 2.22748e-06 0
-2.49462 2.39644e-06 0
-2.48387 2.57315e-06 0
-2.47312 2.75807e-06 0
-2.46237 2.95174e-06 0
-2.45161 3.15477e-06 0
-2.44086 3.36789e-06 0
-2.43011 3.59194e-06 0
-2.41935 3.82792e-06 0
-2.4086 4.07698e-06 0
-2.39785 4.34046e-06 0
-2.3871 4.6199e-06 0
-2.37634 4.91711e-06 0
-2.36559 5.23416e-06 0
-2.35484 5.5734e-06 0
-2.34409 5.93762e-06 0
-2.33333 6.33004e-06 0
-2.32258 6.75445e-06 0
-2.31183 7.21532e-06 0
-2.30108 7.71796e-06 0
-2.29032 8.26874e-06 0
-2.27957 8.87539e-06 0
-2.26882 9.54726e-06 0
-2.25806 1.02957e-05 0
-2.24731 1.11348e-05 0
-2.23656 1.20813e-05 0
-2.22581 1.31561e-05 0
-2.21505 1.43844e-05 0
-2.2043 1.57969e-05 0
-2.19355 1.74311e-05 0
-2.1828 1.93324e-05 0
-2.17204 2.15554e-05 0
-2.16129 2.41671e-05 0
-2.15054 2.72478e-05 0
-2.13978 3.08955e-05 0
-2.12903 3.52288e-05 0
-2.11828 4.03914e-05 0
-2.10753 4.65583e-05 0
-2.09677 5.3942e-05 0
-2.08602 6.28011e-05 0
-2.07527 7.34504e-05 0
-2.06452 8.62731e-05 0
-2.05376 0.000101736 0
-2.04301 0.00012041 0
-2.03226 0.000142988 0
-2.02151 0.00017032 0
-2.01075 0.000203442 0
-2 0.00024362 0
-1.98925 0.000292394 0
-1.97849 0.000351634 0
-1.96774 0.000423589 0
-1.95699 0.000510926 0
-1.94624 0.000616753 0
-1.93548 0.000744591 0
-1.92473 0.000898275 0
-1.91398 0.00108178 0
-1.90323 0.00129899 0
-1.89247 0.00155332 0
-1.88172 0.00184747 0
-1.87097 0.00218311 0
-1.86022 0.00256077 0
-1.84946 0.00297998 0
-1.83871 0.00343956 0
-1.82796 0.00393813 0
-1.8172 0.0044746 0
-1.80645 0.00504857 0
-1.7957 0.00566039 0
-1.78495 0.00631088 0
-1.77419 0.0070007 0
-1.76344 0.00772985 0
-1.75269 0.0084972 0
-1.74194 0.00930059 0
-1.73118 0.0101373 0
-1.72043 0.011005 0
-1.70968 0.0119022 0
-1.69893 0.0128293 0
-1.68817 0.0137885 0
-1.67742 0.0147835 0
-1.66667 0.0158195 0
-1.65591 0.0169028 0
-1.64516 0.0180403 0
-1.63441 0.0192398 0
-1.62366 0.0205101 0
-1.6129 0.0218606 0
-1.60215 0.023302 0
-1.5914 0.0248455 0
-1.58065 0.0265026 0
-1.56989 0.0282841 0
-1.55914 0.0302005 0
-1.54839 0.0322604 0
-1.53763 0.0344718 0
-1.52688 0.0368408 0
-1.51613 0.0393727 0
-1.50538 0.0420719 0
-1.49462 0.0449422 0
-1.48387 0.0479875 0
-1.47312 0.0512129 0
-1.46237 0.0546259 0
-1.45161 0.0582383 0
-1.44086 0.0620672 0
-1.43011 0.0661372 0
-1.41935 0.0704805 0
-1.4086 0.0751384 0
-1.39785 0.0801607 0
-1.3871 0.0856072 0
-1.37634 0.0915476 0
-1.36559 0.0980625 0
-1.35484 0.105245 0
-1.34409 0.113202 0
-1.33333 0.122056 0
-1.32258 0.131947 0
-1.31183 0.143033 0
-1.30108 0.155493 0
-1.29032 0.169531 0
-1.27957 0.185368 0
-1.26882 0.203254 0
-1.25806 0.223455 0
-1.24731 0.246254 0
-1.23656 0.271942 0
-1.22581 0.300805 0
-1.21505 0.333105 0
-1.2043 0.369057 0
-1.19355 0.408802 0
-1.1828 0.452365 0
-1.17204 0.499625 0
-1.16129 0.55027 0
-1.15054 0.603772 0
-1.13979 0.659373 0
-1.12903 0.71609 0
-1.11828 0.772759 0
-1.10753 0.828105 0
-1.09677 0.880836 0
-1.08602 0.929744 0
-1.07527 0.973812 0
-1.06452 1.01229 0
-1.05376 1.04472 0
-1.04301 1.07098 0
-1.03226 1.0912 0
-1.02151 1.10577 0
-1.01075 1.11522 0
-1 1.12018 0
-0.989247 1.12132 0
-0.978495 1.11931 0
-0.967742 1.11475 0
-0.956989 1.10821 0
-0.946236 1.10016 0
-0.935484 1.091 0
-0.924731 1.08107 0
-0.913978 1.07065 0
-0.903226 1.05996 0
-0.892473 1.04916 0
-0.88172 1.03841 0
-0.870968 1.0278 0
-0.860215 1.01743 0
-0.849462 1.00736 0
-0.83871 0.997629 0
-0.827957 0.98827 0
-0.817204 0.979298 0
-0.806452 0.970717 0
-0.795699 0.962523 0
-0.784946 0.954702 0
-0.774194 0.947239 0
-0.763441 0.940111 0
-0.752688 0.933291 0
-0.741936 0.926761 0
-0.731183 0.920488 0
-0.72043 0.914453 0
-0.709677 0.908629 0
-0.698925 0.902994 0
-0.688172 0.897526 0
-0.677419 0.892206 0
-0.666667 0.887018 0
-0.655914 0.881941 0
-0.645161 0.876967 0
-0.634409 0.872084 0
-0.623656 0.867283 0
-0.612903 0.862562 0
-0.60215 0.857915 0
-0.591398 0.853344 0
-0.580645 0.848847 0
-0.569892 0.844429 0
-0.55914 0.840097 0
-0.548387 0.83586 0
-0.537634 0.831733 0
-0.526882 0.827728 0
-0.516129 0.823862 0
-0.505376 0.82015 0
-0.494624 0.816603 0
-0.483871 0.813229 0
-0.473118 0.810035 0
-0.462366 0.807025 0
-0.451613 0.804203 0
-0.44086 0.801569 0
-0.430108 0.799123 0
-0.419355 0.796865 0
-0.408602 0.794788 0
-0.39785 0.792882 0
-0.387097 0.791131 0
-0.376344 0.789515 0
-0.365591 0.788009 0
-0.354839 0.786592 0
-0.344086 0.785239 0
-0.333333 0.783934 0
-0.322581 0.782666 0
-0.311828 0.781429 0
-0.301075 0.780226 0
-0.290323 0.779062 0
-0.27957 0.777941 0
-0.268817 0.77687 0
-0.258064 0.775849 0
-0.247312 0.774871 0
-0.236559 0.773928 0
-0.225806 0.773005 0
-0.215054 0.772089 0
-0.204301 0.771165 0
-0.193548 0.770222 0
-0.182796 0.769249 0
-0.172043 0.768237 0
-0.16129 0.76717 0
-0.150538 0.766029 0
-0.139785 0.764782 0
-0.129032 0.763381 0
-0.11828 0.761757 0
-0.107527 0.759823 0
-0.0967743 0.757463 0
-0.0860216 0.754538 0
-0.075269 0.750878 0
-0.0645163 0.746285 0
-0.0537636 0.740531 0
-0.0430106 0.733363 0
-0.0322579 0.7245 0
-0.0215052 0.713648 0
-0.0107526 0.700505 0
1.19209e-07 0.684774 0
0.0107528 0.666189 0
0.0215055 0.644538 0
0.0322582 0.619689 0
0.0430108 0.591621 0
0.0537635 0.560447 0
0.0645162 0.526431 0
0.0752689 0.489993 0
0.0860215 0.451689 0
0.0967742 0.412186 0
0.107527 0.372215 0
0.11828 0.332513 0
0.129032 0.293776 0
0.139785 0.256613 0
0.150538 0.221511 0
0.16129 0.188822 0
0.172043 0.158765 0
0.182796 0.131432 0
0.193548 0.106819 0
0.204301 0.0848396 0
0.215054 0.0653523 0
0.225806 0.048182 0
0.236559 0.0331329 0
0.247312 0.0200012 0
0.258064 0.00858687 0
0.268817 -0.00130376 0
0.27957 -0.00985136 0
0.290322 -0.0172214 0
0.301075 -0.0235616 0
0.311828 -0.0290049 0
0.322581 -0.0336665 0
0.333333 -0.03765 0
0.344086 -0.0410474 0
0.354839 -0.0439396 0
0.365591 -0.0463994 0
0.376344 -0.0484902 0
0.387097 -0.0502681 0
0.39785 -0.0517801 0
0.408602 -0.0530663 0
0.419355 -0.0541585 0
0.430108 -0.0550836 0
0.44086 -0.055861 0
0.451613 -0.0565071 0
0.462366 -0.0570324 0
0.473118 -0.0574457 0
0.483871 -0.0577534 0
0.494624 -0.0579614 0
0.505376 -0.0580773 0
0.516129 -0.0581089 0
0.526882 -0.0580668 0
0.537634 -0.0579618 0
0.548387 -0.0578048 0
0.55914 -0.0576043 0
0.569892 -0.0573659 0
0.580645 -0.0570905 0
0.591398 -0.0567754 0
0.60215 -0.0564142 0
0.612903 -0.0559996 0
0.623656 -0.0555253 0
0.634408 -0.0549853 0
0.645161 -0.0543782 0
0.655914 -0.0537063 0
0.666667 -0.0529749 0
0.677419 -0.0521923 0
0.688172 -0.0513681 0
0.698925 -0.050512 0
0.709678 -0.0496321 0
0.72043 -0.0487338 0
0.731183 -0.0478192 0
0.741936 -0.0468879 0
0.752688 -0.045938 0
0.763441 -0.0449669 0
0.774194 -0.0439736 0
0.784946 -0.0429593 0
0.795699 -0.0419282 0
0.806452 -0.0408874 0
0.817204 -0.0398466 0
0.827957 -0.038817 0
0.83871 -0.0378105 0
0.849462 -0.0368392 0
0.860215 -0.0359141 0
0.870968 -0.0350446 0
0.88172 -0.0342381 0
0.892473 -0.0334996 0
0.903226 -0.0328312 0
0.913978 -0.0322329 0
0.924731 -0.031702 0
0.935484 -0.0312341 0
0.946236 -0.030823 0
0.956989 -0.0304617 0
0.967742 -0.0301421 0
0.978494 -0.0298558 0
0.989247 -0.0295939 0
1 -0.0293471 0
1.01075 -0.029106 0
1.02151 -0.0288605 0
1.03226 -0.0285997 0
1.04301 -0.028312 0
1.05376 -0.0279843 0
1.06452 -0.027602 0
1.07527 -0.0271485 0
1.08602 -0.026605 0
1.09677 -0.02595 0
1.10753 -0.0251589 0
1.11828 -0.0242038 0
1.12903 -0.0230536 0
1.13978 -0.0216741 0
1.15054 -0.0200283 0
1.16129 -0.0180777 0
1.17204 -0.0157832 0
1.1828 -0.0131066 0
1.19355 -0.0100128 0
1.2043 -0.0064709 0
1.21505 -0.00245567 0
1.22581 0.00205218 0
1.23656 0.00706583 0
1.24731 0.0125937 0
1.25806 0.0186408 0
1.26882 0.0252096 0
1.27957 0.0323013 0
1.29032 0.0399146 0
1.30108 0.0480451 0
1.31183 0.0566817 0
1.32258 0.0658039 0
1.33333 0.0753785 0
1.34409 0.0853556 0
1.35484 0.0956681 0
1.36559 0.10623 0
1.37634 0.116937 0
1.3871 0.127668 0
1.39785 0.138285 0
1.4086 0.14864 0
1.41935 0.158577 0
1.43011 0.167931 0
1.44086 0.176545 0
1.45161 0.184263 0
1.46237 0.190949 0
1.47312 0.196488 0
1.48387 0.200797 0
1.49462 0.203833 0
1.50538 0.205592 0
1.51613 0.206115 0
1.52688 0.20548 0
1.53763 0.203802 0
1.54839 0.201218 0
1.55914 0.197878 0
1.56989 0.193938 0
1.58065 0.18955 0
1.5914 0.184854 0
1.60215 0.179973 0
1.6129 0.175015 0
1.62366 0.170067 0
1.63441 0.165202 0
1.64516 0.160473 0
1.65591 0.15592 0
1.66667 0.15157 0
1.67742 0.147436 0
1.68817 0.143521 0
1.69892 0.139818 0
1.70968 0.136313 0
1.72043 0.132987 0
1.73118 0.129819 0
1.74194 0.126786 0
1.75269 0.123871 0
1.76344 0.121061 0
1.77419 0.118347 0
1.78495 0.115727 0
1.7957 0.113203 0
1.80645 0.110782 0
1.8172 0.108466 0
1.82796 0.10626 0
1.83871 0.104161 0
1.84946 0.102161 0
1.86022 0.100249 0
1.87097 0.0984068 0
1.88172 0.0966151 0
1.89247 0.0948543 0
1.90323 0.0931064 0
1.91398 0.0913571 0
1.92473 0.0895969 0
1.93548 0.0878206 0
1.94624 0.0860279 0
1.95699 0.084222 0
1.96774 0.0824096 0
1.97849 0.0805988 0
1.98925 0.0788 0
2 0.0770229 0
2.01075 0.0752786 0
2.02151 0.073577 0
2.03226 0.0719289 0
2.04301 0.0703451 0
2.05376 0.0688367 0
2.06452 0.0674146 0
2.07527 0.0660896 0
2.08602 0.0648709 0
2.09677 0.0637646 0
2.10753 0.0627734 0
2.11828 0.0618938 0
2.12903 0.0611175 0
2.13979 0.0604316 0
2.15054 0.0598205 0
2.16129 0.0592676 0
2.17204 0.0587584 0
2.1828 0.0582817 0
2.19355 0.0578316 0
2.2043 0.0574064 0
2.21505 0.0570085 0
2.22581 0.0566416 0
2.23656 0.0563095 0
2.24731 0.056013 0
2.25806 0.0557495 0
2.26882 0.0555119 0
2.27957 0.0552899 0
2.29032 0.0550702 0
2.30108 0.0548402 0
2.31183 0.0545876 0
2.32258 0.0543039 0
2.33333 0.0539845 0
2.34409 0.0536294 0
2.35484 0.053243 0
2.36559 0.0528331 0
2.37634 0.0524096 0
2.3871 0.0519828 0
2.39785 0.0515617 0
2.4086 0.051153 0
2.41935 0.0507606 0
2.43011 0.0503853 0
2.44086 0.0500254 0
2.45161 0.0496776 0
2.46237 0.0493381 0
2.47312 0.0490036 0
2.48387 0.0486727 0
2.49462 0.0483463 0
2.50538 0.048028 0
2.51613 0.0477241 0
2.52688 0.0474419 0
2.53763 0.0471884 0
2.54839 0.0469685 0
2.55914 0.0467829 0
2.56989 0.0466284 0
2.58065 0.0464971 0
2.5914 0.0463779 0
2.60215 0.0462583 0
2.6129 0.0461261 0
2.62366 0.0459708 0
2.63441 0.045784 0
2.64516 0.0455595 0
2.65591 0.045293 0
2.66667 0.044981 0
2.67742 0.0446207 0
2.68817 0.0442094 0
2.69893 0.0437442 0
2.70968 0.0432227 0
2.72043 0.0426426 0
2.73118 0.0420031 0
2.74194 0.0413048 0
2.75269 0.0405504 0
2.76344 0.039745 0
2.77419 0.0388958 0
2.78495 0.0380127 0
2.7957 0.0371074 0
2.80645 0.0361928 0
2.8172 0.0352821 0
2.82796 0.0343878 0
2.83871 0.0335197 0
2.84946 0.032684 0
2.86022 0.0318819 0
2.87097 0.0311093 0
2.88172 0.0303575 0
2.89247 0.0296135 0
2.90323 0.0288624 0
2.91398 0.028089 0
2.92473 0.0272798 0
2.93548 0.0264256 0
2.94624 0.025522 0
2.95699 0.0245704 0
2.96774 0.0235771 0
2.97849 0.0225519 0
2.98925 0.0215053 0
3 0.0204467 0
3.01075 0.0193819 0
3.02151 0.0183115 0
3.03226 0.0172316 0
3.04301 0.0161339 0
3.05376 0.0150075 0
3.06452 0.0138409 0
3.07527 0.0126235 0
3.08602 0.0113471 0
3.09677 0.0100065 0
3.10753 0.00859988 0
3.11828 0.00712907 0
3.12903 0.005599 0
3.13978 0.00401718 0
3.15054 0.00239333 0
3.16129 0.00073808 0
3.17204 -0.000938076 0
3.1828 -0.00262628 0
3.19355 -0.0043201 0
3.2043 -0.00601609 0
3.21505 -0.00771315 0
3.22581 -0.0094112 0
3.23656 -0.0111094 0
3.24731 -0.0128042 0
3.25806 -0.0144888 0
3.26882 -0.0161527 0
3.27957 -0.0177835 0
3.29032 -0.0193671 0
3.30108 -0.0208911 0
3.31183 -0.0223457 0
3.32258 -0.0237253 0
3.33333 -0.0250286 0
3.34409 -0.0262586 0
3.35484 -0.0274219 0
3.36559 -0.0285268 0
3.37634 -0.0295828 0
3.3871 -0.0305992 0
3.39785 -0.0315839 0
3.4086 -0.0325432 0
3.41935 -0.033481 0
3.43011 -0.0343978 0
3.44086 -0.0352911 0
3.45161 -0.0361555 0
3.46237 -0.0369829 0
3.47312 -0.037764 0
3.48387 -0.038489 0
3.49462 -0.0391495 0
3.50538 -0.0397386 0
3.51613 -0.0402518 0
3.52688 -0.0406871 0
3.53763 -0.041045 0
3.54839 -0.0413279 0
3.55914 -0.0415398 0
3.56989 -0.0416862 0
3.58065 -0.0417733 0
3.5914 -0.0418086 0
3.60215 -0.0418 0
3.6129 -0.041756 0
3.62366 -0.0416855 0
3.63441 -0.0415969 0
3.64516 -0.0414979 0
3.65591 -0.0413944 0
3.66667 -0.0412908 0
3.67742 -0.0411893 0
3.68817 -0.0410906 0
3.69892 -0.0409936 0
3.70968 -0.0408958 0
3.72043 -0.0407945 0
3.73118 -0.040686 0
3.74194 -0.0405666 0
3.75269 -0.0404331 0
3.76344 -0.0402823 0
3.77419 -0.0401117 0
3.78495 -0.0399185 0
3.7957 -0.0396998 0
3.80645 -0.0394523 0
3.8172 -0.0391731 0
3.82796 -0.0388599 0
3.83871 -0.0385131 0
3.84946 -0.0381365 0
3.86021 -0.0377386 0
3.87097 -0.0373313 0
3.88172 -0.0369297 0
3.89247 -0.0365492 0
3.90323 -0.0362032 0
3.91398 -0.0359007 0
3.92473 -0.0356446 0
3.93548 -0.0354312 0
3.94624 -0.0352508 0
3.95699 -0.0350893 0
3.96774 -0.0349307 0
3.97849 -0.0347599 0
3.98925 -0.0345653 0
4 -0.0343402 0
4.01075 -0.0340837 0
4.02151 -0.0338002 0
4.03226 -0.0334979 0
4.04301 -0.0331868 0
4.05376 -0.0328765 0
4.06452 -0.0325742 0
4.07527 -0.0322835 0
4.08602 -0.0320045 0
4.09677 -0.031734 0
4.10753 -0.031467 0
4.11828 -0.031198 0
4.12903 -0.030922 0
4.13978 -0.0306354 0
4.15054 -0.0303368 0
4.16129 -0.0300266 0
4.17204 -0.0297073 0
4.1828 -0.0293828 0
4.19355 -0.0290579 0
4.2043 -0.0287374 0
4.21505 -0.0284253 0
4.22581 -0.0281239 0
4.23656 -0.0278335 0
4.24731 -0.0275513 0
4.25806 -0.0272722 0
4.26882 -0.0269886 0
4.27957 -0.026692 0
4.29032 -0.0263742 0
4.30107 -0.0260287 0
4.31183 -0.0256526 0
4.32258 -0.0252469 0
4.33333 -0.0248164 0
4.34409 -0.0243685 0
4.35484 -0.0239115 0
4.36559 -0.0234522 0
4.37634 -0.0229943 0
4.3871 -0.0225376 0
4.39785 -0.0220781 0
4.4086 -0.0216089 0
4.41935 -0.0211214 0
4.43011 -0.0206068 0
4.44086 -0.0200579 0
4.45161 -0.0194704 0
4.46237 -0.018844 0
4.47312 -0.0181831 0
4.48387 -0.0174969 0
4.49462 -0.0167986 0
4.50538 -0.0161037 0
4.51613 -0.0154288 0
4.52688 -0.0147887 0
4.53763 -0.0141956 0
4.54839 -0.0136571 0
4.55914 -0.0131765 0
4.56989 -0.0127522 0
4.58064 -0.012379 0
4.5914 -0.0120487 0
4.60215 -0.0117516 0
4.6129 -0.011478 0
4.62366 -0.0112194 0
4.63441 -0.0109693 0
4.64516 -0.0107239 0
4.65591 -0.010482 0
4.66667 -0.0102439 0
4.67742 -0.0100114 0
4.68817 -0.00978631 0
4.69893 -0.00956973 0
4.70968 -0.00936179 0
4.72043 -0.00916147 0
4.73118 -0.0089667 0
4.74194 -0.00877501 0
4.75269 -0.00858398 0
4.76344 -0.0083917 0
4.77419 -0.00819723 0
4.78495 -0.00800065 0
4.7957 -0.00780295 0
4.80645 -0.00760584 0
4.8172 -0.00741167 0
4.82796 -0.00722326 0
4.83871 -0.00704378 0
4.84946 -0.00687665 0
4.86022 -0.00672507 0
4.87097 -0.00659175 0
4.88172 -0.00647812 0
4.89247 -0.00638385 0
4.90323 -0.00630641 0
4.91398 -0.00624082 0
4.92473 -0.00617995 0
4.93548 -0.00611504 0
4.94624 -0.00603667 0
4.95699 -0.00593578 0
4.96774 -0.00580487 0
4.97849 -0.00563903 0
4.98925 -0.00543653 0
5 -0.00519919 0
5.01075 -0.00493213 0
5.02151 -0.004643 0
5.03226 -0.00434091 0
5.04301 -0.00403502 0
5.05376 -0.00373341 0
5.06452 -0.00344218 0
5.07527 -0.00316515 0
5.08602 -0.00290404 0
5.09677 -0.00265901 0
5.10753 -0.00242928 0
5.11828 -0.0022138 0
5.12903 -0.00201147 0
5.13978 -0.00182145 0
5.15054 -0.00164303 0
5.16129 -0.0014757 0
5.17204 -0.00131909 0
5.1828 -0.00117296 0
5.19355 -0.00103716 0
5.2043 -0.000911691 0
5.21505 -0.000796621 0
5.22581 -0.000691971 0
5.23656 -0.000597736 0
5.24731 -0.000513755 0
5.25806 -0.000439696 0
5.26882 -0.00037507 0
5.27957 -0.00031923 0
5.29032 -0.000271438 0
5.30108 -0.000230905 0
5.31183 -0.000196803 0
5.32258 -0.000168339 0
5.33333 -0.000144755 0
5.34409 -0.000125353 0
5.35484 -0.000109505 0
5.36559 -9.66369e-05 0
5.37634 -8.62554e-05 0
5.3871 -7.79024e-05 0
5.39785 -7.12048e-05 0
5.4086 -6.58284e-05 0
5.41935 -6.14991e-05 0
5.43011 -5.80027e-05 0
5.44086 -5.51441e-05 0
5.45161 -5.27852e-05 0
5.46237 -5.08067e-05 0
5.47312 -4.9125e-05 0
5.48387 -4.7673e-05 0
5.49462 -4.63921e-05 0
5.50538 -4.52429e-05 0
5.51613 -4.41854e-05 0
5.52688 -4.31982e-05 0
5.53763 -4.22515e-05 0
5.54839 -4.1327e-05 0
5.55914 -4.04032e-05 0
5.56989 -3.94827e-05 0
5.58065 -3.85388e-05 0
5.5914 -3.75803e-05 0
5.60215 -3.66073e-05 0
5.6129 -3.564e-05 0
5.62366 -3.46683e-05 0
5.63441 -3.37102e-05 0
5.64516 -3.27578e-05 0
5.65591 -3.18035e-05 0
5.66667 -3.08337e-05 0
5.67742 -2.98068e-05 0
5.68817 -2.86805e-05 0
5.69892 -2.73979e-05 0
5.70968 -2.58895e-05 0
5.72043 -2.40834e-05 0
5.73118 -2.19015e-05 0
5.74194 -1.92671e-05 0
5.75269 -1.61183e-05 0
5.76344 -1.2439e-05 0
5.77419 -8.23413e-06 0
5.78495 -3.57756e-06 0
5.7957 1.40675e-06 0
5.80645 6.53699e-06 0
5.8172 1.15923e-05 0
5.82796 1.63259e-05 0
5.83871 2.05003e-05 0
5.84946 2.39112e-05 0
5.86021 2.64161e-05 0
5.87097 2.79428e-05 0
5.88172 2.85008e-05 0
5.89247 2.81746e-05 0
5.90323 2.71064e-05 0
5.91398 2.54704e-05 0
5.92473 2.34597e-05 0
5.93548 2.12561e-05 0
5.94624 1.9019e-05 0
5.95699 1.68714e-05 0
5.96774 1.49035e-05 0
5.97849 1.31656e-05 0
5.98925 1.16803e-05 0
6 1.04475e-05 0
6.01075 9.45188e-06 0
6.02151 8.66975e-06 0
6.03226 8.07151e-06 0
6.04301 7.62553e-06 0
6.05376 7.29671e-06 0
6.06452 7.04787e-06 0
6.07527 6.8387e-06 0
6.08602 6.62497e-06 0
6.09677 6.36053e-06 0
6.10753 5.99909e-06 0
6.11828 5.49729e-06 0
6.12903 4.82079e-06 0
6.13979 3.9493e-06 0
6.15054 2.88257e-06 0
6.16129 1.64347e-06 0
6.17204 2.79493e-07 0
6.1828 -1.14322e-06 0
6.19355 -2.5483e-06 0
6.2043 -3.85984e-06 0
6.21505 -5.01421e-06 0
6.22581 -5.96714e-06 0
6.23656 -6.6974e-06 0
6.24731 -7.20503e-06 0
6.25806 -7.50761e-06 0
6.26882 -7.6336e-06 0
6.27957 -7.61715e-06 0
6.29032 -7.49316e-06 0
6.30108 -7.29405e-06 0
6.31183 -7.04879e-06 0
6.32258 -6.78074e-06 0
6.33333 -6.50798e-06 0
6.34409 -6.24323e-06 0
6.35484 -5.9945e-06 0
6.36559 -5.76577e-06 0
6.37634 -5.55778e-06 0
6.3871 -5.36875e-06 0
6.39785 -5.19609e-06 0
6.4086 -5.0368e-06 0
6.41935 -4.88791e-06 0
6.43011 -4.74693e-06 0
6.44086 -4.61231e-06 0
6.45161 -4.48256e-06 0
6.46237 -4.35681e-06 0
6.47312 -4.23461e-06 0
6.48387 -4.11506e-06 0
6.49462 -3.99786e-06 0
6.50538 -3.88258e-06 0
6.51613 -3.76856e-06 0
6.52688 -3.65554e-06 0
6.53763 -3.54309e-06 0
6.54839 -3.43086e-06 0
6.55914 -3.31877e-06 0
6.56989 -3.20666e-06 0
6.58065 -3.09443e-06 0
6.5914 -2.98217e-06 0
6.60215 -2.86975e-06 0
6.6129 -2.75731e-06 0
6.62366 -2.6452e-06 0
6.63441 -2.53359e-06 0
6.64516 -2.42298e-06 0
6.65591 -2.31373e-06 0
6.66667 -2.20635e-06 0
6.67742 -2.1016e-06 0
6.68817 -1.99993e-06 0
6.69893 -1.90191e-06 0
6.70968 -1.80821e-06 0
6.72043 -1.71951e-06 0
6.73118 -1.63607e-06 0
6.74194 -1.55864e-06 0
6.75269 -1.48769e-06 0
6.76344 -1.42358e-06 0
6.77419 -1.36683e-06 0
6.78495 -1.31757e-06 0
6.7957 -1.07332e-06 0
6.80645 -1.03879e-06 0
6.8172 -1.01101e-06 0
6.82796 -9.88929e-07 0
6.83871 -9.71414e-07 0
6.84946 -9.57036e-07 0
6.86022 -7.41895e-07 0
6.87097 -7.2942e-07 0
6.88172 -7.16099e-07 0
6.89247 -4.98724e-07 0
6.90323 -4.818e-07 0
6.91398 -2.6063e-07 0
6.92473 -2.40425e-07 0
6.93548 -1.70651e-08 0
6.94624 3.814e-09 0
6.95699 2.26512e-07 0
6.96774 2.45471e-07 0
6.97849 4.65284e-07 0
6.98925 4.80749e-07 0
7 6.96807e-07 0
