-4 1.96697e-06 0
-3.98925 2.39953e-06 0
-3.97849 2.95844e-06 0
-3.96774 3.6578e-06 0
-3.95699 4.51005e-06 0
-3.94624 5.52383e-06 0
-3.93548 6.7017e-06 0
-3.92473 8.03764e-06 0
-3.91398 9.51434e-06 0
-3.90323 1.11004e-05 0
-3.89247 1.27474e-05 0
-3.88172 1.43875e-05 0
-3.87097 1.59318e-05 0
-3.86022 1.72691e-05 0
-3.84946 1.82674e-05 0
-3.83871 1.87768e-05 0
-3.82796 1.86363e-05 0
-3.8172 1.76828e-05 0
-3.80645 1.57644e-05 0
-3.7957 1.27561e-05 0
-3.78495 8.57629e-06 0
-3.77419 3.20045e-06 0
-3.76344 -3.33114e-06 0
-3.75269 -1.09149e-05 0
-3.74194 -1.93943e-05 0
-3.73118 -2.85781e-05 0
-3.72043 -3.8262e-05 0
-3.70968 -4.8248e-05 0
-3.69892 -5.83609e-05 0
-3.68817 -6.84576e-05 0
-3.67742 -7.84295e-05 0
-3.66667 -8.82013e-05 0
-3.65591 -9.77271e-05 0
-3.64516 -0.000106982 0
-3.63441 -0.000115954 0
-3.62366 -0.000124638 0
-3.6129 -0.000133025 0
-3.60215 -0.000141095 0
-3.5914 -0.000148805 0
-3.58065 -0.000156095 0
-3.56989 -0.00016288 0
-3.55914 -0.000169066 0
-3.54839 -0.000174561 0
-3.53763 -0.00017929 0
-3.52688 -0.000183211 0
-3.51613 -0.000186322 0
-3.50538 -0.000188663 0
-3.49462 -0.000190309 0
-3.48387 -0.000191355 0
-3.47312 -0.00019191 0
-3.46237 -0.00019208 0
-3.45161 -0.00019196 0
-3.44086 -0.000191631 0
-3.43011 -0.000191158 0
-3.41936 -0.000190591 0
-3.4086 -0.000189964 0
-3.39785 -0.0001893 0
-3.3871 -0.000188614 0
-3.37634 -0.000187914 0
-3.36559 -0.000187203 0
-3.35484 -0.00018648 0
-3.34409 -0.000185744 0
-3.33333 -0.000184992 0
-3.32258 -0.000184221 0
-3.31183 -0.000183431 0
-3.30108 -0.000182621 0
-3.29032 -0.000181792 0
-3.27957 -0.000180949 0
-3.26882 -0.000180097 0
-3.25806 -0.000179244 0
-3.24731 -0.000178399 0
-3.23656 -0.000177573 0
-3.22581 -0.000176776 0
-3.21505 -0.000176018 0
-3.2043 -0.00017531 0
-3.19355 -0.00017466 0
-3.1828 -0.000174071 0
-3.17204 -0.000173549 0
-3.16129 -0.000173093 0
-3.15054 -0.000172702 0
-3.13979 -0.000172371 0
-3.12903 -0.000172095 0
-3.11828 -0.000171869 0
-3.10753 -0.000171686 0
-3.09677 -0.00017154 0
-3.08602 -0.000171423 0
-3.07527 -0.000171331 0
-3.06452 -0.000171258 0
-3.05376 -0.000171198 0
-3.04301 -0.000171146 0
-3.03226 -0.0001711 0
-3.02151 -0.000171055 0
-3.01075 -0.000171009 0
-3 -0.000170961 0
-2.98925 -0.000170908 0
-2.97849 -0.000170851 0
-2.96774 -0.000170789 0
-2.95699 -0.000170722 0
-2.94624 -0.000170651 0
-2.93548 -0.000170576 0
-2.92473 -0.000170496 0
-2.91398 -0.000170414 0
-2.90323 -0.000170328 0
-2.89247 -0.000170241 0
-2.88172 -0.000170152 0
-2.87097 -0.000170061 0
-2.86022 -0.00016997 0
-2.84946 -0.000169877 0
-2.83871 -0.000169783 0
-2.82796 -0.000169688 0
-2.8172 -0.00016959 0
-2.80645 -0.000169489 0
-2.7957 -0.000169384 0
-2.78495 -0.000169276 0
-2.77419 -0.000169162 0
-2.76344 -0.000169043 0
-2.75269 -0.000168918 0
-2.74194 -0.000168787 0
-2.73118 -0.000168649 0
-2.72043 -0.000168504 0
-2.70968 -0.000168352 0
-2.69892 -0.000168193 0
-2.68817 -0.000168027 0
-2.67742 -0.000167853 0
-2.66667 -0.000167672 0
-2.65591 -0.000167484 0
-2.64516 -0.000167288 0
-2.63441 -0.000167084 0
-2.62366 -0.000166874 0
-2.6129 -0.000166656 0
-2.60215 -0.000166432 0
-2.5914 -0.0001662 0
-2.58065 -0.000165961 0
-2.56989 -0.000165714 0
-2.55914 -0.000165461 0
-2.54839 -0.0001652 0
-2.53763 -0.000164932 0
-2.52688 -0.000164657 0
-2.51613 -0.000164373 0
-2.50538 -0.000164082 0
-2.49462 -0.000163783 0
-2.48387 -0.000163474 0
-2.47312 -0.000163155 0
-2.46237 -0.000162825 0
-2.45161 -0.000162482 0
-2.44086 -0.000162124 0
-2.43011 -0.000161749 0
-2.41935 -0.000161355 0
-2.4086 -0.000160938 0
-2.39785 -0.000160495 0
-2.3871 -0.000160022 0
-2.37634 -0.000159513 0
-2.36559 -0.000158963 0
-2.35484 -0.000158365 0
-2.34409 -0.000157712 0
-2.33333 -0.000156993 0
-2.32258 -0.000156196 0
-2.31183 -0.000155309 0
-2.30108 -0.000154314 0
-2.29032 -0.00015319 0
-2.27957 -0.000151912 0
-2.26882 -0.000150449 0
-2.25806 -0.000148763 0
-2.24731 -0.000146807 0
-2.23656 -0.000144522 0
-2.22581 -0.000141836 0
-2.21505 -0.000138662 0
-2.2043 -0.000134891 0
-2.19355 -0.00013039 0
-2.1828 -0.000124995 0
-2.17204 -0.000118503 0
-2.16129 -0.000110667 0
-2.15054 -0.000101182 0
-2.13978 -8.96736e-05 0
-2.12903 -7.56828e-05 0
-2.11828 -5.86469e-05 0
-2.10753 -3.78752e-05 0
-2.09677 -1.25246e-05 0
-2.08602 1.84352e-05 0
-2.07527 5.62595e-05 0
-2.06452 0.000102473 0
-2.05376 0.000158925 0
-2.04301 0.000227843 0
-2.03226 0.000311905 0
-2.02151 0.000414305 0
-2.01075 0.000538833 0
-2 0.000689947 0
-1.98925 0.000872839 0
-1.97849 0.0010935 0
-1.96774 0.00135874 0
-1.95699 0.00167618 0
-1.94624 0.00205427 0
-1.93548 0.00250212 0
-1.92473 0.0030294 0
-1.91398 0.00364619 0
-1.90323 0.00436273 0
-1.89247 0.00518923 0
-1.88172 0.00613571 0
-1.87097 0.00721181 0
-1.86022 0.00842667 0
-1.84946 0.00978888 0
-1.83871 0.0113065 0
-1.82796 0.0129868 0
-1.8172 0.0148368 0
-1.80645 0.0168625 0
-1.7957 0.0190693 0
-1.78495 0.0214618 0
-1.77419 0.0240432 0
-1.76344 0.0268151 0
-1.75269 0.0297765 0
-1.74194 0.0329237 0
-1.73118 0.0362501 0
-1.72043 0.0397459 0
-1.70968 0.0433991 0
-1.69892 0.0471968 0
-1.68817 0.0511274 0
-1.67742 0.055182 0
-1.66667 0.0593567 0
-1.65591 0.063654 0
-1.64516 0.0680828 0
-1.63441 0.0726582 0
-1.62366 0.0773994 0
-1.6129 0.0823279 0
-1.60215 0.0874636 0
-1.5914 0.0928229 0
-1.58065 0.098416 0
-1.56989 0.104246 0
-1.55914 0.110308 0
-1.54839 0.116592 0
-1.53763 0.123087 0
-1.52688 0.12978 0
-1.51613 0.13666 0
-1.50538 0.143723 0
-1.49462 0.150971 0
-1.48387 0.158417 0
-1.47312 0.166077 0
-1.46237 0.173981 0
-1.45161 0.182161 0
-1.44086 0.19066 0
-1.43011 0.199526 0
-1.41935 0.208812 0
-1.4086 0.218576 0
-1.39785 0.228881 0
-1.3871 0.23979 0
-1.37634 0.251375 0
-1.36559 0.263711 0
-1.35484 0.276886 0
-1.34409 0.290998 0
-1.33333 0.306166 0
-1.32258 0.322523 0
-1.31183 0.340227 0
-1.30108 0.359455 0
-1.29032 0.38041 0
-1.27957 0.403313 0
-1.26882 0.428406 0
-1.25806 0.455945 0
-1.24731 0.486195 0
-1.23656 0.519416 0
-1.22581 0.55585 0
-1.21505 0.595699 0
-1.2043 0.639098 0
-1.19355 0.686084 0
-1.1828 0.73656 0
-1.17204 0.79026 0
-1.16129 0.846716 0
-1.15054 0.905239 0
-1.13979 0.964916 0
-1.12903 1.02464 0
-1.11828 1.08317 0
-1.10753 1.13921 0
-1.09677 1.1915 0
-1.08602 1.23894 0
-1.07527 1.28067 0
-1.06452 1.31615 0
-1.05376 1.34515 0
-1.04301 1.36773 0
-1.03226 1.38424 0
-1.02151 1.39521 0
-1.01075 1.40129 0
-1 1.40317 0
-0.989247 1.40158 0
-0.978495 1.39718 0
-0.967742 1.39057 0
-0.956989 1.38228 0
-0.946237 1.37275 0
-0.935484 1.36236 0
-0.924731 1.35141 0
-0.913979 1.34013 0
-0.903226 1.32871 0
-0.892473 1.31729 0
-0.88172 1.30598 0
-0.870968 1.29488 0
-0.860215 1.28402 0
-0.849463 1.27346 0
-0.83871 1.26322 0
-0.827957 1.25332 0
-0.817204 1.24376 0
-0.806452 1.23456 0
-0.795699 1.2257 0
-0.784946 1.2172 0
-0.774194 1.20905 0
-0.763441 1.20126 0
-0.752688 1.19381 0
-0.741936 1.18673 0
-0.731183 1.18001 0
-0.72043 1.17364 0
-0.709678 1.16761 0
-0.698925 1.16192 0
-0.688172 1.15653 0
-0.677419 1.15144 0
-0.666667 1.14661 0
-0.655914 1.14202 0
-0.645161 1.13764 0
-0.634409 1.13344 0
-0.623656 1.12941 0
-0.612903 1.12553 0
-0.60215 1.12178 0
-0.591398 1.11815 0
-0.580645 1.11462 0
-0.569893 1.11119 0
-0.55914 1.10786 0
-0.548387 1.10461 0
-0.537635 1.10145 0
-0.526882 1.09836 0
-0.516129 1.09536 0
-0.505377 1.09243 0
-0.494624 1.08958 0
-0.483871 1.08683 0
-0.473118 1.08417 0
-0.462366 1.08162 0
-0.451613 1.07918 0
-0.44086 1.07687 0
-0.430108 1.07468 0
-0.419355 1.07262 0
-0.408602 1.07068 0
-0.397849 1.06886 0
-0.387097 1.06715 0
-0.376344 1.06553 0
-0.365592 1.06401 0
-0.354839 1.06258 0
-0.344086 1.06123 0
-0.333334 1.05996 0
-0.322581 1.05875 0
-0.311828 1.05759 0
-0.301075 1.05648 0
-0.290323 1.0554 0
-0.27957 1.05435 0
-0.268817 1.0533 0
-0.258065 1.05226 0
-0.247312 1.05118 0
-0.236559 1.05006 0
-0.225807 1.04885 0
-0.215054 1.04751 0
-0.204301 1.046 0
-0.193548 1.04424 0
-0.182796 1.04217 0
-0.172043 1.03969 0
-0.16129 1.03671 0
-0.150538 1.03314 0
-0.139785 1.02885 0
-0.129033 1.02373 0
-0.11828 1.01765 0
-0.107527 1.01046 0
-0.0967744 1.002 0
-0.0860217 0.992069 0
-0.075269 0.980444 0
-0.0645163 0.966872 0
-0.0537636 0.951059 0
-0.0430109 0.932691 0
-0.0322582 0.911433 0
-0.0215055 0.886949 0
-0.0107528 0.858921 0
-5.96046e-08 0.827082 0
0.0107526 0.791243 0
0.0215054 0.75133 0
0.0322581 0.707413 0
0.0430108 0.659741 0
0.0537635 0.608752 0
0.0645162 0.555078 0
0.0752685 0.49952 0
0.0860212 0.443006 0
0.0967739 0.386541 0
0.107527 0.33112 0
0.118279 0.27767 0
0.129032 0.226985 0
0.139785 0.179681 0
0.150537 0.136176 0
0.16129 0.0966931 0
0.172043 0.061282 0
0.182796 0.0298433 0
0.193548 0.00216845 0
0.204301 -0.0220275 0
0.215054 -0.0430706 0
0.225806 -0.0613029 0
0.236559 -0.0770637 0
0.247312 -0.0906727 0
0.258065 -0.102424 0
0.268817 -0.112579 0
0.27957 -0.121374 0
0.290323 -0.129012 0
0.301075 -0.13567 0
0.311828 -0.141506 0
0.32258 -0.146658 0
0.333333 -0.151243 0
0.344086 -0.155365 0
0.354838 -0.159116 0
0.365591 -0.16257 0
0.376344 -0.16579 0
0.387097 -0.16883 0
0.397849 -0.171727 0
0.408602 -0.174512 0
0.419355 -0.177203 0
0.430107 -0.179814 0
0.44086 -0.18235 0
0.451613 -0.184811 0
0.462366 -0.187195 0
0.473118 -0.1895 0
0.483871 -0.191724 0
0.494624 -0.193869 0
0.505376 -0.195942 0
0.516129 -0.197954 0
0.526881 -0.199924 0
0.537634 -0.201871 0
0.548387 -0.203818 0
0.55914 -0.205784 0
0.569892 -0.207786 0
0.580645 -0.20983 0
0.591398 -0.211913 0
0.60215 -0.214019 0
0.612903 -0.216117 0
0.623656 -0.218163 0
0.634408 -0.220101 0
0.645161 -0.22186 0
0.655914 -0.223356 0
0.666667 -0.224496 0
0.677419 -0.225173 0
0.688172 -0.225272 0
0.698925 -0.224675 0
0.709677 -0.223259 0
0.72043 -0.220911 0
0.731183 -0.217529 0
0.741935 -0.213027 0
0.752688 -0.20735 0
0.763441 -0.200477 0
0.774193 -0.192429 0
0.784946 -0.183274 0
0.795699 -0.17313 0
0.806451 -0.162162 0
0.817204 -0.150578 0
0.827957 -0.138611 0
0.83871 -0.126515 0
0.849462 -0.114539 0
0.860215 -0.102919 0
0.870968 -0.0918599 0
0.88172 -0.0815292 0
0.892473 -0.0720472 0
0.903226 -0.0634885 0
0.913978 -0.0558823 0
0.924731 -0.049219 0
0.935484 -0.0434577 0
0.946237 -0.0385347 0
0.956989 -0.0343713 0
0.967742 -0.0308823 0
0.978494 -0.0279813 0
0.989247 -0.0255856 0
1 -0.0236181 0
1.01075 -0.0220103 0
1.02151 -0.020701 0
1.03226 -0.0196379 0
1.04301 -0.0187761 0
1.05376 -0.018077 0
1.06452 -0.0175083 0
1.07527 -0.0170429 0
1.08602 -0.0166573 0
1.09677 -0.0163321 0
1.10753 -0.0160507 0
1.11828 -0.0157988 0
1.12903 -0.0155637 0
1.13978 -0.0153346 0
1.15054 -0.0151014 0
1.16129 -0.0148548 0
1.17204 -0.0145862 0
1.1828 -0.0142873 0
1.19355 -0.0139504 0
1.2043 -0.0135682 0
1.21505 -0.0131339 0
1.22581 -0.012642 0
1.23656 -0.0120873 0
1.24731 -0.0114661 0
1.25806 -0.0107763 0
1.26882 -0.010017 0
1.27957 -0.00918908 0
1.29032 -0.00829541 0
1.30108 -0.00734043 0
1.31183 -0.00633031 0
1.32258 -0.00527226 0
1.33333 -0.0041744 0
1.34409 -0.00304432 0
1.35484 -0.00188879 0
1.36559 -0.000712928 0
1.37634 0.000479521 0
1.3871 0.0016867 0
1.39785 0.00290771 0
1.4086 0.00414196 0
1.41935 0.0053885 0
1.43011 0.00664551 0
1.44086 0.00791033 0
1.45161 0.00917975 0
1.46237 0.0104502 0
1.47312 0.0117185 0
1.48387 0.0129823 0
1.49462 0.0142398 0
1.50538 0.0154903 0
1.51613 0.0167337 0
1.52688 0.0179702 0
1.53763 0.0192001 0
1.54839 0.020424 0
1.55914 0.021642 0
1.56989 0.0228541 0
1.58065 0.0240605 0
1.5914 0.0252606 0
1.60215 0.026454 0
1.6129 0.0276399 0
1.62366 0.0288171 0
1.63441 0.0299843 0
1.64516 0.0311399 0
1.65591 0.0322821 0
1.66667 0.0334093 0
1.67742 0.0345198 0
1.68817 0.0356128 0
1.69892 0.0366871 0
1.70968 0.0377425 0
1.72043 0.038779 0
1.73118 0.0397971 0
1.74194 0.0407975 0
1.75269 0.0417814 0
1.76344 0.0427498 0
1.77419 0.0437037 0
1.78495 0.0446442 0
1.7957 0.0455716 0
1.80645 0.046486 0
1.8172 0.0473872 0
1.82796 0.0482748 0
1.83871 0.0491478 0
1.84946 0.0500054 0
1.86021 0.0508467 0
1.87097 0.0516706 0
1.88172 0.0524767 0
1.89247 0.0532646 0
1.90323 0.0540346 0
1.91398 0.054787 0
1.92473 0.0555223 0
1.93548 0.0562408 0
1.94624 0.056942 0
1.95699 0.0576248 0
1.96774 0.0582871 0
1.97849 0.0589261 0
1.98925 0.0595385 0
2 0.0601202 0
2.01075 0.0606667 0
2.02151 0.0611736 0
2.03226 0.0616368 0
2.04301 0.0620528 0
2.05376 0.0624202 0
2.06452 0.0627397 0
2.07527 0.0630155 0
2.08602 0.0632547 0
2.09677 0.0634679 0
2.10753 0.063668 0
2.11828 0.063869 0
2.12903 0.0640846 0
2.13978 0.064327 0
2.15054 0.0646053 0
2.16129 0.0649253 0
2.17204 0.0652885 0
2.1828 0.0656931 0
2.19355 0.0661339 0
2.2043 0.0666044 0
2.21505 0.0670973 0
2.22581 0.0676061 0
2.23656 0.0681258 0
2.24731 0.0686533 0
2.25806 0.069187 0
2.26882 0.0697269 0
2.27957 0.0702731 0
2.29032 0.0708251 0
2.30107 0.0713815 0
2.31183 0.07194 0
2.32258 0.0724978 0
2.33333 0.0730517 0
2.34409 0.0735981 0
2.35484 0.0741336 0
2.36559 0.0746545 0
2.37634 0.0751559 0
2.3871 0.0756325 0
2.39785 0.0760775 0
2.4086 0.0764835 0
2.41935 0.0768443 0
2.43011 0.0771545 0
2.44086 0.0774127 0
2.45161 0.0776206 0
2.46237 0.0777845 0
2.47312 0.0779137 0
2.48387 0.0780191 0
2.49462 0.0781111 0
2.50538 0.0781981 0
2.51613 0.0782846 0
2.52688 0.0783706 0
2.53763 0.0784512 0
2.54839 0.0785177 0
2.55914 0.0785591 0
2.56989 0.078563 0
2.58065 0.0785183 0
2.5914 0.0784165 0
2.60215 0.0782534 0
2.6129 0.0780299 0
2.62366 0.0777523 0
2.63441 0.0774315 0
2.64516 0.0770822 0
2.65591 0.0767212 0
2.66667 0.0763653 0
2.67742 0.0760292 0
2.68817 0.0757238 0
2.69892 0.0754548 0
2.70968 0.0752227 0
2.72043 0.0750224 0
2.73118 0.0748451 0
2.74194 0.0746792 0
2.75269 0.0745122 0
2.76344 0.0743316 0
2.77419 0.0741261 0
2.78495 0.0738857 0
2.7957 0.0736022 0
2.80645 0.0732693 0
2.8172 0.0728837 0
2.82796 0.0724446 0
2.83871 0.0719547 0
2.84946 0.0714201 0
2.86021 0.0708496 0
2.87097 0.0702536 0
2.88172 0.0696431 0
2.89247 0.0690274 0
2.90323 0.0684137 0
2.91398 0.0678053 0
2.92473 0.0672011 0
2.93548 0.0665963 0
2.94624 0.0659829 0
2.95699 0.0653509 0
2.96774 0.0646896 0
2.97849 0.0639895 0
2.98925 0.0632423 0
3 0.0624418 0
3.01075 0.0615842 0
3.02151 0.0606666 0
3.03226 0.0596874 0
3.04301 0.0586452 0
3.05376 0.0575385 0
3.06452 0.0563651 0
3.07527 0.0551224 0
3.08602 0.0538074 0
3.09677 0.0524173 0
3.10753 0.0509499 0
3.11828 0.049405 0
3.12903 0.0477846 0
3.13979 0.0460935 0
3.15054 0.0443389 0
3.16129 0.0425302 0
3.17204 0.0406775 0
3.1828 0.0387915 0
3.19355 0.0368833 0
3.2043 0.0349645 0
3.21505 0.0330486 0
3.22581 0.031151 0
3.23656 0.0292901 0
3.24731 0.0274854 0
3.25806 0.0257562 0
3.26882 0.0241197 0
3.27957 0.0225874 0
3.29032 0.0211656 0
3.30107 0.019854 0
3.31183 0.0186476 0
3.32258 0.0175382 0
3.33333 0.0165163 0
3.34409 0.0155724 0
3.35484 0.0146979 0
3.36559 0.013885 0
3.37634 0.0131267 0
3.3871 0.0124165 0
3.39785 0.0117481 0
3.4086 0.0111149 0
3.41935 0.0105113 0
3.43011 0.00993162 0
3.44086 0.0093714 0
3.45161 0.00882686 0
3.46237 0.00829556 0
3.47312 0.00777584 0
3.48387 0.00726666 0
3.49462 0.00676723 0
3.50538 0.00627662 0
3.51613 0.00579363 0
3.52688 0.00531701 0
3.53763 0.00484559 0
3.54839 0.0043788 0
3.55914 0.00391738 0
3.56989 0.00346292 0
3.58065 0.00301809 0
3.5914 0.00258509 0
3.60215 0.00216485 0
3.6129 0.00175583 0
3.62366 0.00135373 0
3.63441 0.000952014 0
3.64516 0.000543461 0
3.65591 0.000122359 0
3.66667 -0.00031322 0
3.67742 -0.000759416 0
3.68817 -0.00120574 0
3.69893 -0.00163524 0
3.70968 -0.00202616 0
3.72043 -0.00235438 0
3.73118 -0.00259622 0
3.74194 -0.0027317 0
3.75269 -0.00274701 0
3.76344 -0.0026366 0
3.77419 -0.00240446 0
3.78495 -0.002064 0
3.7957 -0.0016375 0
3.80645 -0.00115416 0
3.8172 -0.000647514 0
3.82796 -0.000152216 0
3.83871 0.00029916 0
3.84946 0.000678877 0
3.86021 0.00096614 0
3.87097 0.00114786 0
3.88172 0.00121842 0
3.89247 0.00117874 0
3.90323 0.00103458 0
3.91398 0.000794888 0
3.92473 0.000470375 0
3.93548 7.21919e-05 0
3.94624 -0.000388882 0
3.95699 -0.00090266 0
3.96774 -0.00145956 0
3.97849 -0.00205014 0
3.98925 -0.00266453 0
4 -0.00329213 0
4.01075 -0.00392153 0
4.02151 -0.00454106 0
4.03226 -0.0051397 0
4.04301 -0.00570855 0
4.05376 -0.00624214 0
4.06452 -0.00673937 0
4.07527 -0.00720346 0
4.08602 -0.00764113 0
4.09677 -0.00806044 0
4.10753 -0.00846857 0
4.11828 -0.00886964 0
4.12903 -0.00926343 0
4.13979 -0.00964525 0
4.15054 -0.010007 0
4.16129 -0.0103392 0
4.17204 -0.0106323 0
4.1828 -0.0108788 0
4.19355 -0.0110735 0
4.2043 -0.0112134 0
4.21505 -0.0112977 0
4.22581 -0.0113264 0
4.23656 -0.0113001 0
4.24731 -0.0112194 0
4.25806 -0.0110852 0
4.26882 -0.0108989 0
4.27957 -0.0106626 0
4.29032 -0.0103792 0
4.30107 -0.0100529 0
4.31183 -0.00968915 0
4.32258 -0.00929428 0
4.33333 -0.00887602 0
4.34409 -0.00844341 0
4.35484 -0.00800671 0
4.36559 -0.00757737 0
4.37634 -0.00716735 0
4.3871 -0.00678837 0
4.39785 -0.00645096 0
4.4086 -0.00616333 0
4.41935 -0.00593062 0
4.43011 -0.00575447 0
4.44086 -0.00563305 0
4.45161 -0.00556176 0
4.46237 -0.00553403 0
4.47312 -0.00554227 0
4.48387 -0.00557859 0
4.49462 -0.00563503 0
4.50538 -0.00570351 0
4.51613 -0.0057753 0
4.52688 -0.00584085 0
4.53763 -0.00588986 0
4.54839 -0.00591217 0
4.55914 -0.00589926 0
4.56989 -0.00584615 0
4.58065 -0.00575316 0
4.5914 -0.0056267 0
4.60215 -0.005479 0
4.6129 -0.00532642 0
4.62366 -0.00518692 0
4.63441 -0.00507707 0
4.64516 -0.00500958 0
4.65591 -0.00499173 0
4.66667 -0.00502496 0
4.67742 -0.00510547 0
4.68817 -0.00522561 0
4.69892 -0.00537544 0
4.70968 -0.00554413 0
4.72043 -0.00572108 0
4.73118 -0.00589657 0
4.74194 -0.00606213 0
4.75269 -0.00621091 0
4.76344 -0.00633779 0
4.77419 -0.00643964 0
4.78495 -0.00651527 0
4.7957 -0.00656527 0
4.80645 -0.00659157 0
4.8172 -0.00659698 0
4.82796 -0.00658465 0
4.83871 -0.00655777 0
4.84946 -0.00651936 0
4.86022 -0.00647234 0
4.87097 -0.00641952 0
4.88172 -0.0063636 0
4.89247 -0.00630721 0
4.90323 -0.00625264 0
4.91398 -0.00620173 0
4.92473 -0.0061554 0
4.93548 -0.00611354 0
4.94624 -0.00607464 0
4.95699 -0.00603584 0
4.96774 -0.00599314 0
4.97849 -0.00594164 0
4.98925 -0.00587593 0
5 -0.00579047 0
5.01075 -0.00568009 0
5.02151 -0.00554051 0
5.03226 -0.00536904 0
5.04301 -0.00516521 0
5.05376 -0.00493123 0
5.06452 -0.00467193 0
5.07527 -0.00439419 0
5.08602 -0.00410572 0
5.09677 -0.00381377 0
5.10753 -0.00352388 0
5.11828 -0.00323917 0
5.12903 -0.00296049 0
5.13978 -0.00268704 0
5.15054 -0.00241752 0
5.16129 -0.00215131 0
5.17204 -0.00188911 0
5.1828 -0.00163331 0
5.19355 -0.00138757 0
5.2043 -0.0011562 0
5.21505 -0.000943229 0
5.22581 -0.000751792 0
5.23656 -0.000583726 0
5.24731 -0.000439439 0
5.25806 -0.0003181 0
5.26882 -0.000217975 0
5.27957 -0.000136748 0
5.29032 -7.18721e-05 0
5.30107 -2.07832e-05 0
5.31183 1.88927e-05 0
5.32258 4.93066e-05 0
5.33333 7.22603e-05 0
5.34409 8.93224e-05 0
5.35484 0.000101735 0
5.36559 0.000110546 0
5.37634 0.00011656 0
5.3871 0.00012044 0
5.39785 0.000122701 0
5.4086 0.000123734 0
5.41935 0.000123858 0
5.43011 0.000123319 0
5.44086 0.000122299 0
5.45161 0.000120947 0
5.46237 0.000119363 0
5.47312 0.000117639 0
5.48387 0.000115825 0
5.49462 0.000113984 0
5.50538 0.000112138 0
5.51613 0.000110311 0
5.52688 0.000108525 0
5.53763 0.000106786 0
5.54839 0.00010511 0
5.55914 0.000103498 0
5.56989 0.00010196 0
5.58064 0.000100482 0
5.5914 9.90658e-05 0
5.60215 9.77165e-05 0
5.6129 9.6429e-05 0
5.62366 9.52042e-05 0
5.63441 9.40341e-05 0
5.64516 9.29186e-05 0
5.65591 9.18545e-05 0
5.66667 9.08362e-05 0
5.67742 8.9866e-05 0
5.68817 8.89325e-05 0
5.69892 8.80463e-05 0
5.70968 8.7192e-05 0
5.72043 8.63759e-05 0
5.73118 8.55973e-05 0
5.74194 8.48471e-05 0
5.75269 8.41262e-05 0
5.76344 8.34348e-05 0
5.77419 8.27712e-05 0
5.78495 8.21342e-05 0
5.7957 8.15208e-05 0
5.80645 8.09327e-05 0
5.8172 8.0369e-05 0
5.82796 7.982e-05 0
5.83871 7.92938e-05 0
5.84946 7.87864e-05 0
5.86022 7.82994e-05 0
5.87097 7.78251e-05 0
5.88172 7.73683e-05 0
5.89247 7.69266e-05 0
5.90323 7.64992e-05 0
5.91398 7.60835e-05 0
5.92473 7.56822e-05 0
5.93548 7.52919e-05 0
5.94624 7.4916e-05 0
5.95699 7.45477e-05 0
5.96774 7.41924e-05 0
5.97849 7.38463e-05 0
5.98925 7.35095e-05 0
6 7.31817e-05 0
6.01075 7.28616e-05 0
6.0215 7.25491e-05 0
6.03226 7.22463e-05 0
6.04301 7.19509e-05 0
6.05376 7.16624e-05 0
6.06452 7.13805e-05 0
6.07527 7.11048e-05 0
6.08602 7.08348e-05 0
6.09677 7.0571e-05 0
6.10753 7.03127e-05 0
6.11828 7.006e-05 0
6.12903 6.98124e-05 0
6.13978 6.957e-05 0
6.15054 6.93325e-05 0
6.16129 6.91003e-05 0
6.17204 6.88728e-05 0
6.1828 6.86504e-05 0
6.19355 6.84329e-05 0
6.2043 6.82201e-05 0
6.21505 6.80123e-05 0
6.22581 6.78091e-05 0
6.23656 6.76105e-05 0
6.24731 6.74164e-05 0
6.25806 6.72267e-05 0
6.26882 6.70411e-05 0
6.27957 6.68596e-05 0
6.29032 6.6682e-05 0
6.30108 6.65084e-05 0
6.31183 6.63383e-05 0
6.32258 6.61719e-05 0
6.33333 6.60092e-05 0
6.34409 6.58499e-05 0
6.35484 6.5694e-05 0
6.36559 6.55412e-05 0
6.37634 6.53915e-05 0
6.3871 6.52448e-05 0
6.39785 6.51007e-05 0
6.4086 6.49591e-05 0
6.41935 6.48197e-05 0
6.43011 6.46824e-05 0
6.44086 6.4547e-05 0
6.45161 6.44131e-05 0
6.46237 6.42809e-05 0
6.47312 6.41503e-05 0
6.48387 6.40211e-05 0
6.49462 6.38933e-05 0
6.50538 6.37672e-05 0
6.51613 6.36428e-05 0
6.52688 6.35198e-05 0
6.53763 6.33987e-05 0
6.54839 6.32793e-05 0
6.55914 6.31617e-05 0
6.56989 6.30459e-05 0
6.58065 6.2932e-05 0
6.5914 6.28198e-05 0
6.60215 6.27093e-05 0
6.6129 6.26004e-05 0
6.62366 6.24928e-05 0
6.63441 6.23864e-05 0
6.64516 6.22809e-05 0
6.65591 6.21762e-05 0
6.66667 6.20719e-05 0
6.67742 6.19681e-05 0
6.68817 6.18645e-05 0
6.69893 6.17612e-05 0
6.70968 6.16581e-05 0
6.72043 6.15553e-05 0
6.73118 6.14529e-05 0
6.74194 6.13509e-05 0
6.75269 6.12496e-05 0
6.76344 6.11488e-05 0
6.77419 6.10486e-05 0
6.78495 6.09489e-05 0
6.7957 6.08497e-05 0
6.80645 6.07506e-05 0
6.8172 6.06518e-05 0
6.82796 6.05527e-05 0
6.83871 6.04535e-05 0
6.84946 6.03537e-05 0
6.86021 6.02535e-05 0
6.87097 6.01526e-05 0
6.88172 6.00513e-05 0
6.89247 5.99494e-05 0
6.90323 5.98471e-05 0
6.91398 5.97443e-05 0
6.92473 5.96412e-05 0
6.93548 5.9538e-05 0
6.94624 5.94347e-05 0
6.95699 5.93313e-05 0
6.96774 5.92278e-05 0
6.97849 5.91241e-05 0
6.98925 5.90204e-05 0
7 5.89167e-05 0
