-4 -6.69571e-17 0
-3.98925 -8.30264e-17 0
-3.97849 -1.02945e-16 0
-3.96774 -1.27642e-16 0
-3.95699 -1.5827e-16 0
-3.94624 -1.96237e-16 0
-3.93548 -2.43318e-16 0
-3.92473 -3.01719e-16 0
-3.91398 -3.74103e-16 0
-3.90323 -4.63838e-16 0
-3.89247 -5.75108e-16 0
-3.88172 -7.13136e-16 0
-3.87097 -8.84271e-16 0
-3.86021 -1.0964e-15 0
-3.84946 -1.3594e-15 0
-3.83871 -1.68556e-15 0
-3.82796 -2.09012e-15 0
-3.8172 -2.59155e-15 0
-3.80645 -3.21318e-15 0
-3.7957 -3.98398e-15 0
-3.78495 -4.94015e-15 0
-3.77419 -6.12565e-15 0
-3.76344 -7.59516e-15 0
-3.75269 -9.41771e-15 0
-3.74194 -1.16765e-14 0
-3.73118 -1.44786e-14 0
-3.72043 -1.79531e-14 0
-3.70968 -2.2261e-14 0
-3.69892 -2.75999e-14 0
-3.68817 -3.42233e-14 0
-3.67742 -4.2434e-14 0
-3.66667 -5.26135e-14 0
-3.65591 -6.52367e-14 0
-3.64516 -8.08895e-14 0
-3.63441 -1.003e-13 0
-3.62366 -1.24365e-13 0
-3.6129 -1.54206e-13 0
-3.60215 -1.91199e-13 0
-3.5914 -2.37073e-13 0
-3.58065 -2.93954e-13 0
-3.56989 -3.64478e-13 0
-3.55914 -4.51924e-13 0
-3.54839 -5.60352e-13 0
-3.53763 -6.94813e-13 0
-3.52688 -8.61525e-13 0
-3.51613 -1.06825e-12 0
-3.50538 -1.32452e-12 0
-3.49462 -1.6423e-12 0
-3.48387 -2.03635e-12 0
-3.47312 -2.52491e-12 0
-3.46237 -3.13069e-12 0
-3.45161 -3.882e-12 0
-3.44086 -4.81335e-12 0
-3.43011 -5.96827e-12 0
-3.41935 -7.40045e-12 0
-3.4086 -9.17582e-12 0
-3.39785 -1.13775e-11 0
-3.3871 -1.41076e-11 0
-3.37634 -1.74925e-11 0
-3.36559 -2.16897e-11 0
-3.35484 -2.68955e-11 0
-3.34409 -3.33493e-11 0
-3.33333 -4.13532e-11 0
-3.32258 -5.12782e-11 0
-3.31183 -6.35841e-11 0
-3.30108 -7.88461e-11 0
-3.29032 -9.77748e-11 0
-3.27957 -1.21249e-10 0
-3.26882 -1.50364e-10 0
-3.25806 -1.86481e-10 0
-3.24731 -2.3128e-10 0
-3.23656 -2.8686e-10 0
-3.22581 -3.55819e-10 0
-3.21505 -4.41383e-10 0
-3.2043 -5.47593e-10 0
-3.19355 -6.7945e-10 0
-3.1828 -8.43175e-10 0
-3.17204 -1.04656e-09 0
-3.16129 -1.29925e-09 0
-3.15054 -1.61337e-09 0
-3.13978 -2.00393e-09 0
-3.12903 -2.4898e-09 0
-3.11828 -3.09445e-09 0
-3.10753 -3.84712e-09 0
-3.09677 -4.78413e-09 0
-3.08602 -5.95017e-09 0
-3.07527 -7.40001e-09 0
-3.06452 -9.19951e-09 0
-3.05376 -1.14264e-08 0
-3.04301 -1.41685e-08 0
-3.03226 -1.75212e-08 0
-3.02151 -2.15771e-08 0
-3.01075 -2.64129e-08 0
-3 -3.20645e-08 0
-2.98925 -3.84958e-08 0
-2.97849 -4.55569e-08 0
-2.96774 -5.29412e-08 0
-2.95699 -6.01467e-08 0
-2.94624 -6.64541e-08 0
-2.93548 -7.09263e-08 0
-2.92473 -7.24417e-08 0
-2.91398 -6.97539e-08 0
-2.90323 -6.15725e-08 0
-2.89247 -4.66582e-08 0
-2.88172 -2.39163e-08 0
-2.87097 7.51206e-09 0
-2.86022 4.81675e-08 0
-2.84946 9.82034e-08 0
-2.83871 1.5734e-07 0
-2.82796 2.24838e-07 0
-2.8172 2.99511e-07 0
-2.80645 3.79771e-07 0
-2.7957 4.63727e-07 0
-2.78495 5.49296e-07 0
-2.77419 6.3437e-07 0
-2.76344 7.16949e-07 0
-2.75269 7.95309e-07 0
-2.74194 8.68096e-07 0
-2.73118 9.34408e-07 0
-2.72043 9.93805e-07 0
-2.70968 1.04628e-06 0
-2.69892 1.09221e-06 0
-2.68817 1.13224e-06 0
-2.67742 1.16722e-06 0
-2.66667 1.19814e-06 0
-2.65591 1.22604e-06 0
-2.64516 1.25196e-06 0
-2.63441 1.27692e-06 0
-2.62366 1.30187e-06 0
-2.6129 1.32765e-06 0
-2.60215 1.35497e-06 0
-2.5914 1.38433e-06 0
-2.58065 1.41608e-06 0
-2.56989 1.45032e-06 0
-2.55914 1.487e-06 0
-2.54839 1.52591e-06 0
-2.53763 1.56673e-06 0
-2.52688 1.60916e-06 0
-2.51613 1.6529e-06 0
-2.50538 1.69776e-06 0
-2.49462 1.74366e-06 0
-2.48387 1.7906e-06 0
-2.47312 1.83868e-06 0
-2.46237 1.88804e-06 0
-2.45161 1.93887e-06 0
-2.44086 1.99138e-06 0
-2.43011 2.04585e-06 0
-2.41935 2.10263e-06 0
-2.4086 2.16222e-06 0
-2.39785 2.22525e-06 0
-2.3871 2.2926e-06 0
-2.37634 2.36542e-06 0
-2.36559 2.44515e-06 0
-2.35484 2.53362e-06 0
-2.34409 2.63308e-06 0
-2.33333 2.74642e-06 0
-2.32258 2.87724e-06 0
-2.31183 3.03019e-06 0
-2.30108 3.21115e-06 0
-2.29032 3.42769e-06 0
-2.27957 3.68935e-06 0
-2.26882 4.00822e-06 0
-2.25806 4.39945e-06 0
-2.24731 4.88193e-06 0
-2.23656 5.47916e-06 0
-2.22581 6.22021e-06 0
-2.21505 7.14105e-06 0
-2.2043 8.28611e-06 0
-2.19355 9.71038e-06 0
-2.1828 1.14815e-05 0
-2.17204 1.36835e-05 0
-2.16129 1.64195e-05 0
-2.15054 1.98173e-05 0
-2.13979 2.40342e-05 0
-2.12903 2.92635e-05 0
-2.11828 3.57432e-05 0
-2.10753 4.37648e-05 0
-2.09677 5.36852e-05 0
-2.08602 6.59403e-05 0
-2.07527 8.10605e-05 0
-2.06452 9.96888e-05 0
-2.05376 0.000122604 0
-2.04301 0.000150735 0
-2.03226 0.000185195 0
-2.02151 0.000227294 0
-2.01075 0.000278564 0
-2 0.000340767 0
-1.98925 0.000415902 0
-1.97849 0.000506187 0
-1.96774 0.000614027 0
-1.95699 0.000741959 0
-1.94624 0.00089257 0
-1.93548 0.00106841 0
-1.92473 0.0012719 0
-1.91398 0.00150531 0
-1.90323 0.00177068 0
-1.89247 0.00207003 0
-1.88172 0.00240532 0
-1.87097 0.00277884 0
-1.86022 0.00319307 0
-1.84946 0.00365093 0
-1.83871 0.00415539 0
-1.82796 0.00470922 0
-1.8172 0.00531455 0
-1.80645 0.00597247 0
-1.7957 0.00668286 0
-1.78495 0.00744446 0
-1.77419 0.00825539 0
-1.76344 0.00911369 0
-1.75269 0.0100183 0
-1.74194 0.0109697 0
-1.73118 0.0119705 0
-1.72043 0.0130253 0
-1.70968 0.0141408 0
-1.69892 0.015325 0
-1.68817 0.016586 0
-1.67742 0.0179315 0
-1.66667 0.0193675 0
-1.65591 0.020898 0
-1.64516 0.0225241 0
-1.63441 0.0242441 0
-1.62366 0.0260531 0
-1.6129 0.0279429 0
-1.60215 0.0299028 0
-1.5914 0.0319195 0
-1.58065 0.0339794 0
-1.56989 0.0360693 0
-1.55914 0.0381792 0
-1.54839 0.0403032 0
-1.53763 0.0424412 0
-1.52688 0.0445999 0
-1.51613 0.0467922 0
-1.50538 0.0490376 0
-1.49462 0.0513613 0
-1.48387 0.0537934 0
-1.47312 0.056368 0
-1.46237 0.0591219 0
-1.45161 0.0620942 0
-1.44086 0.0653249 0
-1.43011 0.0688552 0
-1.41935 0.0727274 0
-1.4086 0.0769863 0
-1.39785 0.0816797 0
-1.3871 0.086861 0
-1.37634 0.0925906 0
-1.36559 0.0989395 0
-1.35484 0.105992 0
-1.34409 0.113849 0
-1.33333 0.122629 0
-1.32258 0.132475 0
-1.31183 0.143547 0
-1.30108 0.156032 0
-1.29032 0.170135 0
-1.27957 0.186082 0
-1.26882 0.204119 0
-1.25806 0.224507 0
-1.24731 0.247521 0
-1.23656 0.273445 0
-1.22581 0.302559 0
-1.21505 0.335128 0
-1.2043 0.371379 0
-1.19355 0.41147 0
-1.1828 0.455458 0
-1.17204 0.503251 0
-1.16129 0.55458 0
-1.15054 0.608953 0
-1.13979 0.665644 0
-1.12903 0.7237 0
-1.11828 0.78197 0
-1.10753 0.83918 0
-1.09677 0.89402 0
-1.08602 0.94525 0
-1.07527 0.991802 0
-1.06452 1.03286 0
-1.05376 1.06791 0
-1.04301 1.09674 0
-1.03226 1.11943 0
-1.02151 1.13631 0
-1.01075 1.14786 0
-1 1.15469 0
-0.989247 1.15744 0
-0.978495 1.15677 0
-0.967742 1.15329 0
-0.956989 1.14759 0
-0.946237 1.14015 0
-0.935484 1.13143 0
-0.924731 1.12179 0
-0.913978 1.11154 0
-0.903226 1.10091 0
-0.892473 1.09009 0
-0.881721 1.07923 0
-0.870968 1.06844 0
-0.860215 1.05777 0
-0.849463 1.04728 0
-0.83871 1.03699 0
-0.827957 1.02694 0
-0.817204 1.01712 0
-0.806452 1.00754 0
-0.795699 0.998218 0
-0.784946 0.989156 0
-0.774194 0.980361 0
-0.763441 0.971846 0
-0.752688 0.963621 0
-0.741935 0.955694 0
-0.731183 0.948078 0
-0.72043 0.940781 0
-0.709678 0.933804 0
-0.698925 0.927148 0
-0.688172 0.920807 0
-0.677419 0.91477 0
-0.666667 0.90902 0
-0.655914 0.903538 0
-0.645161 0.898297 0
-0.634409 0.893275 0
-0.623656 0.888449 0
-0.612903 0.883793 0
-0.60215 0.879291 0
-0.591398 0.874927 0
-0.580645 0.870694 0
-0.569893 0.86658 0
-0.55914 0.862585 0
-0.548387 0.858705 0
-0.537634 0.854943 0
-0.526882 0.851304 0
-0.516129 0.847792 0
-0.505376 0.844417 0
-0.494624 0.841188 0
-0.483871 0.838112 0
-0.473118 0.835191 0
-0.462366 0.832431 0
-0.451613 0.829827 0
-0.44086 0.827375 0
-0.430108 0.825068 0
-0.419355 0.8229 0
-0.408602 0.820871 0
-0.39785 0.818976 0
-0.387097 0.817218 0
-0.376344 0.815599 0
-0.365591 0.814119 0
-0.354839 0.812778 0
-0.344086 0.811567 0
-0.333333 0.810472 0
-0.322581 0.809472 0
-0.311828 0.808541 0
-0.301075 0.807649 0
-0.290323 0.806765 0
-0.27957 0.805865 0
-0.268817 0.804928 0
-0.258065 0.803946 0
-0.247312 0.802917 0
-0.236559 0.80185 0
-0.225807 0.800762 0
-0.215054 0.799673 0
-0.204301 0.798604 0
-0.193548 0.797571 0
-0.182796 0.796591 0
-0.172043 0.795668 0
-0.16129 0.794796 0
-0.150538 0.793961 0
-0.139785 0.793128 0
-0.129032 0.792251 0
-0.11828 0.791256 0
-0.107527 0.790052 0
-0.0967743 0.78852 0
-0.0860216 0.78651 0
-0.0752689 0.783843 0
-0.0645162 0.780304 0
-0.0537634 0.775647 0
-0.0430107 0.769595 0
-0.032258 0.761845 0
-0.0215053 0.752072 0
-0.0107529 0.739941 0
-1.78814e-07 0.725125 0
0.0107525 0.70732 0
0.0215052 0.686271 0
0.0322579 0.661806 0
0.0430107 0.633859 0
0.0537634 0.602506 0
0.0645161 0.567978 0
0.0752688 0.530675 0
0.0860215 0.491151 0
0.0967742 0.450092 0
0.107527 0.408264 0
0.11828 0.366461 0
0.129032 0.32545 0
0.139785 0.285912 0
0.150537 0.248406 0
0.16129 0.213356 0
0.172043 0.181039 0
0.182796 0.151597 0
0.193548 0.125056 0
0.204301 0.101352 0
0.215054 0.0803499 0
0.225806 0.0618716 0
0.236559 0.0457088 0
0.247312 0.03164 0
0.258065 0.0194431 0
0.268817 0.00890168 0
0.27957 -0.000187297 0
0.290322 -0.00801067 0
0.301075 -0.014737 0
0.311828 -0.0205173 0
0.322581 -0.0254864 0
0.333333 -0.0297638 0
0.344086 -0.0334557 0
0.354839 -0.0366578 0
0.365591 -0.0394531 0
0.376344 -0.0419138 0
0.387097 -0.0441006 0
0.397849 -0.0460609 0
0.408602 -0.04783 0
0.419355 -0.0494284 0
0.430107 -0.0508656 0
0.44086 -0.0521391 0
0.451613 -0.0532409 0
0.462365 -0.0541593 0
0.473118 -0.0548823 0
0.483871 -0.0554033 0
0.494624 -0.0557199 0
0.505376 -0.0558374 0
0.516129 -0.0557687 0
0.526882 -0.0555313 0
0.537634 -0.0551471 0
0.548387 -0.0546401 0
0.55914 -0.0540357 0
0.569893 -0.0533573 0
0.580645 -0.052628 0
0.591398 -0.0518673 0
0.60215 -0.0510936 0
0.612903 -0.05032 0
0.623656 -0.0495587 0
0.634409 -0.0488174 0
0.645161 -0.0481003 0
0.655914 -0.0474095 0
0.666667 -0.0467433 0
0.677419 -0.0460984 0
0.688172 -0.0454693 0
0.698924 -0.0448509 0
0.709677 -0.044238 0
0.72043 -0.043627 0
0.731183 -0.0430152 0
0.741935 -0.0424022 0
0.752688 -0.041788 0
0.763441 -0.0411738 0
0.774194 -0.0405607 0
0.784946 -0.0399504 0
0.795699 -0.0393443 0
0.806452 -0.0387452 0
0.817204 -0.0381558 0
0.827957 -0.0375797 0
0.838709 -0.037021 0
0.849462 -0.0364842 0
0.860215 -0.0359726 0
0.870968 -0.0354891 0
0.88172 -0.0350355 0
0.892473 -0.0346123 0
0.903226 -0.0342196 0
0.913979 -0.0338565 0
0.924731 -0.0335224 0
0.935484 -0.0332159 0
0.946236 -0.032936 0
0.956989 -0.0326812 0
0.967742 -0.0324501 0
0.978494 -0.0322404 0
0.989247 -0.0320498 0
1 -0.031875 0
1.01075 -0.0317124 0
1.02151 -0.031558 0
1.03226 -0.0314074 0
1.04301 -0.0312558 0
1.05376 -0.0310978 0
1.06452 -0.0309279 0
1.07527 -0.0307394 0
1.08602 -0.030525 0
1.09677 -0.0302763 0
1.10753 -0.0299839 0
1.11828 -0.0296373 0
1.12903 -0.0292246 0
1.13978 -0.0287336 0
1.15054 -0.0281515 0
1.16129 -0.0274654 0
1.17204 -0.0266636 0
1.1828 -0.0257362 0
1.19355 -0.0246758 0
1.2043 -0.0234789 0
1.21505 -0.0221461 0
1.22581 -0.0206828 0
1.23656 -0.0190986 0
1.24731 -0.0174075 0
1.25806 -0.0156268 0
1.26882 -0.0137757 0
1.27957 -0.0118744 0
1.29032 -0.00994263 0
1.30107 -0.00799931 0
1.31183 -0.00606115 0
1.32258 -0.0041432 0
1.33333 -0.00225776 0
1.34409 -0.000415132 0
1.35484 0.00137754 0
1.36559 0.00311531 0
1.37634 0.00479663 0
1.3871 0.00642276 0
1.39785 0.00799733 0
1.4086 0.00952635 0
1.41935 0.0110169 0
1.43011 0.0124767 0
1.44086 0.0139126 0
1.45161 0.0153307 0
1.46237 0.0167354 0
1.47312 0.0181299 0
1.48387 0.0195156 0
1.49462 0.0208928 0
1.50538 0.0222605 0
1.51613 0.0236173 0
1.52688 0.0249613 0
1.53763 0.0262899 0
1.54839 0.0276007 0
1.55914 0.0288913 0
1.56989 0.0301601 0
1.58064 0.0314064 0
1.5914 0.032631 0
1.60215 0.0338357 0
1.6129 0.0350232 0
1.62366 0.0361962 0
1.63441 0.0373565 0
1.64516 0.0385043 0
1.65591 0.0396374 0
1.66667 0.0407524 0
1.67742 0.0418433 0
1.68817 0.0429037 0
1.69892 0.0439261 0
1.70968 0.0449031 0
1.72043 0.0458277 0
1.73118 0.0466937 0
1.74194 0.0474971 0
1.75269 0.0482367 0
1.76344 0.0489141 0
1.77419 0.0495348 0
1.78495 0.0501067 0
1.7957 0.0506396 0
1.80645 0.0511434 0
1.8172 0.0516268 0
1.82796 0.0520957 0
1.83871 0.052553 0
1.84946 0.0529979 0
1.86021 0.0534264 0
1.87097 0.053833 0
1.88172 0.0542121 0
1.89247 0.0545602 0
1.90323 0.0548775 0
1.91398 0.055168 0
1.92473 0.0554392 0
1.93548 0.0557005 0
1.94624 0.0559602 0
1.95699 0.0562243 0
1.96774 0.0564945 0
1.97849 0.0567673 0
1.98925 0.0570367 0
2 0.0572938 0
2.01075 0.0575307 0
2.02151 0.0577421 0
2.03226 0.0579261 0
2.04301 0.0580859 0
2.05376 0.0582283 0
2.06452 0.0583626 0
2.07527 0.0584994 0
2.08602 0.0586494 0
2.09677 0.0588218 0
2.10753 0.0590241 0
2.11828 0.0592609 0
2.12903 0.0595345 0
2.13978 0.0598432 0
2.15054 0.0601814 0
2.16129 0.0605394 0
2.17204 0.0609043 0
2.1828 0.0612606 0
2.19355 0.0615924 0
2.2043 0.0618857 0
2.21505 0.0621304 0
2.22581 0.0623217 0
2.23656 0.0624611 0
2.24731 0.062555 0
2.25806 0.0626141 0
2.26882 0.0626496 0
2.27957 0.0626724 0
2.29032 0.0626897 0
2.30107 0.0627041 0
2.31183 0.0627136 0
2.32258 0.0627114 0
2.33333 0.062688 0
2.34409 0.0626331 0
2.35484 0.0625374 0
2.36559 0.0623951 0
2.37634 0.0622046 0
2.3871 0.0619702 0
2.39785 0.0617008 0
2.4086 0.0614103 0
2.41935 0.0611152 0
2.43011 0.0608336 0
2.44086 0.0605822 0
2.45161 0.0603745 0
2.46237 0.0602194 0
2.47312 0.0601203 0
2.48387 0.0600749 0
2.49462 0.060077 0
2.50538 0.0601176 0
2.51613 0.0601861 0
2.52688 0.0602723 0
2.53763 0.0603664 0
2.54839 0.0604592 0
2.55914 0.0605411 0
2.56989 0.0606029 0
2.58064 0.0606351 0
2.5914 0.0606286 0
2.60215 0.0605759 0
2.6129 0.0604721 0
2.62366 0.0603146 0
2.63441 0.0601035 0
2.64516 0.0598397 0
2.65591 0.0595234 0
2.66667 0.0591532 0
2.67742 0.0587249 0
2.68817 0.0582327 0
2.69892 0.0576703 0
2.70968 0.0570334 0
2.72043 0.0563213 0
2.73118 0.0555377 0
2.74194 0.0546909 0
2.75269 0.0537926 0
2.76344 0.0528565 0
2.77419 0.0518965 0
2.78495 0.0509259 0
2.7957 0.0499559 0
2.80645 0.0489966 0
2.8172 0.0480568 0
2.82796 0.0471437 0
2.83871 0.046264 0
2.84946 0.0454231 0
2.86021 0.0446254 0
2.87097 0.0438737 0
2.88172 0.0431687 0
2.89247 0.0425084 0
2.90323 0.0418881 0
2.91398 0.041299 0
2.92473 0.0407289 0
2.93548 0.0401618 0
2.94624 0.039579 0
2.95699 0.0389604 0
2.96774 0.0382862 0
2.97849 0.0375395 0
2.98925 0.0367079 0
3 0.0357847 0
3.01075 0.0347703 0
3.02151 0.033671 0
3.03226 0.0324987 0
3.04301 0.0312693 0
3.05376 0.0300002 0
3.06452 0.0287093 0
3.07527 0.0274127 0
3.08602 0.0261236 0
3.09677 0.0248513 0
3.10753 0.0236003 0
3.11828 0.0223701 0
3.12903 0.0211554 0
3.13978 0.0199465 0
3.15054 0.0187304 0
3.16129 0.0174925 0
3.17204 0.0162184 0
3.1828 0.014896 0
3.19355 0.0135167 0
3.2043 0.0120773 0
3.21505 0.0105793 0
3.22581 0.00903036 0
3.23656 0.00744191 0
3.24731 0.0058295 0
3.25806 0.00421084 0
3.26882 0.00260484 0
3.27957 0.00103047 0
3.29032 -0.00049507 0
3.30107 -0.00195663 0
3.31183 -0.00334269 0
3.32258 -0.00464511 0
3.33333 -0.00585952 0
3.34409 -0.00698418 0
3.35484 -0.00801999 0
3.36559 -0.00896893 0
3.37634 -0.00983413 0
3.3871 -0.010619 0
3.39785 -0.0113278 0
3.4086 -0.0119656 0
3.41935 -0.0125379 0
3.43011 -0.0130511 0
3.44086 -0.0135112 0
3.45161 -0.0139238 0
3.46237 -0.0142929 0
3.47312 -0.014621 0
3.48387 -0.0149089 0
3.49462 -0.0151571 0
3.50538 -0.015366 0
3.51613 -0.0155368 0
3.52688 -0.0156715 0
3.53763 -0.0157736 0
3.54839 -0.0158473 0
3.55914 -0.0158976 0
3.56989 -0.0159295 0
3.58064 -0.0159477 0
3.5914 -0.0159566 0
3.60215 -0.0159594 0
3.6129 -0.0159587 0
3.62366 -0.0159555 0
3.63441 -0.0159502 0
3.64516 -0.0159412 0
3.65591 -0.015926 0
3.66667 -0.0159003 0
3.67742 -0.0158591 0
3.68817 -0.0157966 0
3.69892 -0.0157082 0
3.70968 -0.0155907 0
3.72043 -0.0154437 0
3.73118 -0.0152696 0
3.74194 -0.0150736 0
3.75269 -0.0148623 0
3.76344 -0.0146437 0
3.77419 -0.0144257 0
3.78495 -0.014216 0
3.7957 -0.0140216 0
3.80645 -0.0138495 0
3.8172 -0.0137064 0
3.82796 -0.0135993 0
3.83871 -0.0135346 0
3.84946 -0.0135178 0
3.86021 -0.0135529 0
3.87097 -0.0136408 0
3.88172 -0.0137794 0
3.89247 -0.0139632 0
3.90323 -0.0141827 0
3.91398 -0.0144253 0
3.92473 -0.0146756 0
3.93548 -0.0149161 0
3.94624 -0.0151284 0
3.95699 -0.0152952 0
3.96774 -0.0154022 0
3.97849 -0.0154398 0
3.98925 -0.0154054 0
4 -0.0153032 0
4.01075 -0.0151443 0
4.0215 -0.0149448 0
4.03226 -0.0147231 0
4.04301 -0.0144974 0
4.05376 -0.0142834 0
4.06452 -0.0140927 0
4.07527 -0.0139332 0
4.08602 -0.0138097 0
4.09677 -0.0137257 0
4.10753 -0.0136843 0
4.11828 -0.0136889 0
4.12903 -0.0137438 0
4.13978 -0.0138518 0
4.15054 -0.014014 0
4.16129 -0.0142274 0
4.17204 -0.0144847 0
4.1828 -0.0147748 0
4.19355 -0.0150836 0
4.2043 -0.0153963 0
4.21505 -0.0156995 0
4.22581 -0.0159829 0
4.23656 -0.0162406 0
4.24731 -0.0164709 0
4.25806 -0.0166759 0
4.26882 -0.0168605 0
4.27957 -0.0170301 0
4.29032 -0.0171896 0
4.30107 -0.0173417 0
4.31183 -0.017486 0
4.32258 -0.0176192 0
4.33333 -0.0177348 0
4.34409 -0.0178248 0
4.35484 -0.01788 0
4.36559 -0.0178923 0
4.37634 -0.017855 0
4.3871 -0.0177644 0
4.39785 -0.0176198 0
4.4086 -0.0174237 0
4.41935 -0.0171815 0
4.43011 -0.0169008 0
4.44086 -0.0165905 0
4.45161 -0.0162598 0
4.46237 -0.0159179 0
4.47312 -0.0155729 0
4.48387 -0.0152323 0
4.49462 -0.0149021 0
4.50538 -0.0145871 0
4.51613 -0.0142906 0
4.52688 -0.0140145 0
4.53763 -0.0137592 0
4.54839 -0.0135236 0
4.55914 -0.0133061 0
4.56989 -0.0131042 0
4.58064 -0.0129158 0
4.5914 -0.0127389 0
4.60215 -0.0125717 0
4.6129 -0.0124123 0
4.62366 -0.0122581 0
4.63441 -0.0121054 0
4.64516 -0.0119495 0
4.65591 -0.0117847 0
4.66667 -0.0116049 0
4.67742 -0.0114048 0
4.68817 -0.0111809 0
4.69892 -0.0109317 0
4.70968 -0.0106586 0
4.72043 -0.010365 0
4.73118 -0.010056 0
4.74194 -0.00973727 0
4.75269 -0.00941366 0
4.76344 -0.00908859 0
4.77419 -0.00876347 0
4.78495 -0.00843797 0
4.7957 -0.00811057 0
4.80645 -0.00777955 0
4.8172 -0.0074438 0
4.82796 -0.00710313 0
4.83871 -0.00675823 0
4.84946 -0.00641014 0
4.86021 -0.00605968 0
4.87097 -0.00570693 0
4.88172 -0.00535109 0
4.89247 -0.00499087 0
4.90323 -0.00462514 0
4.91398 -0.00425393 0
4.92473 -0.0038792 0
4.93548 -0.00350531 0
4.94624 -0.00313912 0
4.95699 -0.00278921 0
4.96774 -0.00246513 0
4.97849 -0.0021758 0
4.98925 -0.00192842 0
5 -0.00172719 0
5.01075 -0.00157265 0
5.0215 -0.00146153 0
5.03226 -0.00138739 0
5.04301 -0.00134156 0
5.05376 -0.00131446 0
5.06452 -0.00129688 0
5.07527 -0.00128092 0
5.08602 -0.00126069 0
5.09677 -0.00123235 0
5.10753 -0.0011939 0
5.11828 -0.00114488 0
5.12903 -0.00108585 0
5.13978 -0.00101805 0
5.15054 -0.000943178 0
5.16129 -0.000863171 0
5.17204 -0.000780041 0
5.1828 -0.000695786 0
5.19355 -0.000612323 0
5.2043 -0.000531282 0
5.21505 -0.000454075 0
5.22581 -0.000381868 0
5.23656 -0.000315563 0
5.24731 -0.000255815 0
5.25806 -0.000203051 0
5.26882 -0.000157389 0
5.27957 -0.000118728 0
5.29032 -8.66729e-05 0
5.30107 -6.05835e-05 0
5.31183 -3.96903e-05 0
5.32258 -2.31615e-05 0
5.33333 -1.01672e-05 0
5.34409 1.35237e-08 0
5.35484 7.99154e-06 0
5.36559 1.42648e-05 0
5.37634 1.92009e-05 0
5.3871 2.31099e-05 0
5.39785 2.61995e-05 0
5.4086 2.86121e-05 0
5.41935 3.05003e-05 0
5.43011 3.19334e-05 0
5.44086 3.29768e-05 0
5.45161 3.36835e-05 0
5.46237 3.40877e-05 0
5.47312 3.42489e-05 0
5.48387 3.41965e-05 0
5.49462 3.39839e-05 0
5.50538 3.36538e-05 0
5.51613 3.32425e-05 0
5.52688 3.27842e-05 0
5.53763 3.23112e-05 0
5.54839 3.18441e-05 0
5.55914 3.13973e-05 0
5.56989 3.09789e-05 0
5.58064 3.0599e-05 0
5.5914 3.02512e-05 0
5.60215 2.99465e-05 0
5.6129 2.96812e-05 0
5.62366 2.94495e-05 0
5.63441 2.92486e-05 0
5.64516 2.90695e-05 0
5.65591 2.89191e-05 0
5.66667 2.87857e-05 0
5.67742 2.8672e-05 0
5.68817 2.85731e-05 0
5.69892 2.8485e-05 0
5.70968 2.84004e-05 0
5.72043 2.8324e-05 0
5.73118 2.82501e-05 0
5.74194 2.83808e-05 0
5.75269 2.83026e-05 0
5.76344 2.82197e-05 0
5.77419 2.81315e-05 0
5.78495 2.80319e-05 0
5.7957 2.79235e-05 0
5.80645 2.7797e-05 0
5.8172 2.78587e-05 0
5.82796 2.76991e-05 0
5.83871 2.77258e-05 0
5.84946 2.75298e-05 0
5.86021 2.75168e-05 0
5.87097 2.72823e-05 0
5.88172 2.72335e-05 0
5.89247 2.71687e-05 0
5.90323 2.70934e-05 0
5.91398 2.70068e-05 0
5.92473 2.69161e-05 0
5.93548 2.70303e-05 0
5.94624 2.6948e-05 0
5.95699 2.68738e-05 0
5.96774 2.70184e-05 0
5.97849 2.69789e-05 0
5.98925 2.69598e-05 0
6 2.69633e-05 0
6.01075 2.69901e-05 0
6.02151 2.70391e-05 0
6.03226 2.71095e-05 0
6.04301 2.71993e-05 0
6.05376 2.73063e-05 0
6.06452 2.72269e-05 0
6.07527 2.71604e-05 0
6.08602 2.73079e-05 0
6.09677 2.72624e-05 0
6.10753 2.72252e-05 0
6.11828 2.73973e-05 0
6.12903 2.73725e-05 0
6.13978 2.73523e-05 0
6.15054 2.73357e-05 0
6.16129 2.73223e-05 0
6.17204 2.73115e-05 0
6.1828 2.73027e-05 0
6.19355 2.72957e-05 0
6.2043 2.729e-05 0
6.21505 2.72853e-05 0
6.22581 2.72816e-05 0
6.23656 2.72786e-05 0
6.24731 2.72761e-05 0
6.25806 2.72742e-05 0
6.26882 2.72726e-05 0
6.27957 2.72713e-05 0
6.29032 2.72702e-05 0
6.30108 2.72694e-05 0
6.31183 2.72688e-05 0
6.32258 2.72682e-05 0
6.33333 2.72678e-05 0
6.34409 2.72674e-05 0
6.35484 2.72672e-05 0
6.36559 2.72669e-05 0
6.37634 2.72667e-05 0
6.3871 2.72666e-05 0
6.39785 2.72665e-05 0
6.4086 2.72664e-05 0
6.41935 2.72663e-05 0
6.43011 2.72662e-05 0
6.44086 2.72662e-05 0
6.45161 2.72661e-05 0
6.46237 2.72661e-05 0
6.47312 2.72661e-05 0
6.48387 2.72661e-05 0
6.49462 2.7266e-05 0
6.50538 2.7266e-05 0
6.51613 2.7266e-05 0
6.52688 2.7266e-05 0
6.53763 2.7266e-05 0
6.54839 2.7266e-05 0
6.55914 2.7266e-05 0
6.56989 2.7266e-05 0
6.58065 2.7266e-05 0
6.5914 2.7266e-05 0
6.60215 2.7266e-05 0
6.6129 2.7266e-05 0
6.62366 2.7266e-05 0
6.63441 2.7266e-05 0
6.64516 2.7266e-05 0
6.65591 2.7266e-05 0
6.66667 2.7266e-05 0
6.67742 2.7266e-05 0
6.68817 2.7266e-05 0
6.69892 2.7266e-05 0
6.70968 2.7266e-05 0
6.72043 2.7266e-05 0
6.73118 2.7266e-05 0
6.74193 2.7266e-05 0
6.75269 2.7266e-05 0
6.76344 2.7266e-05 0
6.77419 2.7266e-05 0
6.78495 2.7266e-05 0
6.7957 2.7266e-05 0
6.80645 2.7266e-05 0
6.8172 2.7266e-05 0
6.82796 2.7266e-05 0
6.83871 2.7266e-05 0
6.84946 2.7266e-05 0
6.86022 2.7266e-05 0
6.87097 2.7266e-05 0
6.88172 2.7266e-05 0
6.89247 2.7266e-05 0
6.90323 2.7266e-05 0
6.91398 2.7266e-05 0
6.92473 2.7266e-05 0
6.93548 2.7266e-05 0
6.94624 2.7266e-05 0
6.95699 2.7266e-05 0
6.96774 2.7266e-05 0
6.97849 2.7266e-05 0
6.98925 2.7266e-05 0
7 2.7266e-05 0
