-1 0
-0.995112 0.00498717
-0.990225 0.00352487
-0.985337 0.0028741
-0.98045 0.00249054
-0.975562 0.00223121
-0.970675 0.00203361
-0.965787 0.00188412
-0.960899 0.00176375
-0.956012 0.0016668
-0.951124 0.00158091
-0.946237 0.00150293
-0.941349 0.00144144
-0.936461 0.0013859
-0.931574 0.00133481
-0.926686 0.00129288
-0.921799 0.00125441
-0.916911 0.00121601
-0.912023 0.0011827
-0.907136 0.00115035
-0.902248 0.00112372
-0.897361 0.00110003
-0.892473 0.0010723
-0.887585 0.00104948
-0.882698 0.00102708
-0.87781 0.001005
-0.872923 0.000986333
-0.868035 0.000970169
-0.863147 0.000953683
-0.85826 0.000935808
-0.853372 0.000923554
-0.848485 0.000906836
-0.843597 0.000892972
-0.83871 0.0008805
-0.833822 0.000866162
-0.828934 0.000853896
-0.824047 0.000843848
-0.819159 0.000830627
-0.814272 0.000822266
-0.809384 0.000811448
-0.804497 0.000801846
-0.799609 0.000792734
-0.794721 0.000780894
-0.789834 0.000773439
-0.784946 0.000765149
-0.780059 0.000757269
-0.775171 0.000747229
-0.770283 0.000742215
-0.765396 0.000734866
-0.760508 0.000728548
-0.755621 0.000720877
-0.750733 0.000713855
-0.745846 0.000707361
-0.740958 0.000700087
-0.73607 0.000693966
-0.731183 0.000687366
-0.726295 0.000681971
-0.721408 0.000676817
-0.71652 0.000672057
-0.711632 0.000666276
-0.706745 0.000663046
-0.701857 0.000655895
-0.69697 0.000649818
-0.692082 0.000648964
-0.687195 0.000642184
-0.682307 0.00063803
-0.677419 0.000632549
-0.672532 0.00062849
-0.667644 0.000624446
-0.662757 0.000620173
-0.657869 0.000617018
-0.652982 0.00061075
-0.648094 0.00060903
-0.643206 0.000603852
-0.638319 0.00060221
-0.633431 0.000598547
-0.628544 0.000595229
-0.623656 0.000592679
-0.618768 0.000588988
-0.613881 0.00058822
-0.608993 0.000589177
-0.604106 0.000589841
-0.599218 0.000591842
-0.594331 0.000603235
-0.589443 0.000629752
-0.584555 0.000704761
-0.579668 0.000966747
-0.57478 0.00249555
-0.569892 0.111851
-0.565005 0.685972
-0.560117 0.787612
-0.55523 0.837907
-0.550342 0.945704
-0.545455 1.62789
-0.540567 2.30875
-0.535679 1.51123
-0.530792 1.18915
-0.525904 1.00934
-0.521017 0.888095
-0.516129 0.798058
-0.511241 0.728687
-0.506354 0.672512
-0.501466 0.625661
-0.496579 0.585674
-0.491691 0.551089
-0.486804 0.521068
-0.481916 0.495013
-0.477028 0.471448
-0.472141 0.450219
-0.467253 0.431385
-0.462366 0.414316
-0.457478 0.398238
-0.45259 0.383889
-0.447703 0.370249
-0.442815 0.357834
-0.437928 0.34636
-0.43304 0.335607
-0.428152 0.325703
-0.423265 0.316246
-0.418377 0.306872
-0.41349 0.298656
-0.408602 0.290946
-0.403715 0.283502
-0.398827 0.276448
-0.393939 0.269562
-0.389052 0.263257
-0.384164 0.256986
-0.379277 0.251362
-0.374389 0.245822
-0.369501 0.240468
-0.364614 0.23525
-0.359726 0.230242
-0.354839 0.225646
-0.349951 0.221398
-0.345064 0.217001
-0.340176 0.212963
-0.335288 0.208866
-0.330401 0.20489
-0.325513 0.201031
-0.320626 0.197406
-0.315738 0.193943
-0.310851 0.190571
-0.305963 0.187505
-0.301075 0.18429
-0.296188 0.181079
-0.2913 0.178074
-0.286413 0.175114
-0.281525 0.172443
-0.276637 0.169686
-0.27175 0.166893
-0.266862 0.164176
-0.261975 0.161957
-0.257087 0.15947
-0.252199 0.156925
-0.247312 0.154557
-0.242424 0.152185
-0.237537 0.149754
-0.232649 0.147885
-0.227762 0.146016
-0.222874 0.143982
-0.217986 0.141599
-0.213099 0.139511
-0.208211 0.137854
-0.203324 0.135884
-0.198436 0.133842
-0.193548 0.132135
-0.188661 0.130504
-0.183773 0.128659
-0.178886 0.127007
-0.173998 0.125402
-0.16911 0.123591
-0.164223 0.121772
-0.159335 0.120249
-0.154448 0.118825
-0.14956 0.117359
-0.144672 0.115769
-0.139785 0.11398
-0.134897 0.112558
-0.13001 0.111099
-0.125122 0.109686
-0.120234 0.108304
-0.115347 0.106883
-0.110459 0.105404
-0.105572 0.103994
-0.100684 0.102565
-0.0957966 0.100922
-0.090909 0.0993524
-0.0860214 0.0975934
-0.0811338 0.0952903
-0.0762463 0.0914747
-0.0713587 0.0791737
-0.0664711 0.0586591
-0.0615835 0.0390914
-0.0566959 0.00905008
-0.0518084 0.000603995
-0.0469208 0.000457917
-0.0420332 0.000421222
-0.0371456 0.000406016
-0.032258 0.000400508
-0.0273705 0.000397468
-0.0224829 0.000396216
-0.0175953 0.000394744
-0.0127077 0.000392232
-0.00782013 0.000391385
-0.00293255 0.000389965
0.00195503 0.000388587
0.00684261 0.000387983
0.0117302 0.00038667
0.0166178 0.000386673
0.0215054 0.000386728
0.0263929 0.000386083
0.0312805 0.000385241
0.0361681 0.000384062
0.0410557 0.000382577
0.0459433 0.000382922
0.0508308 0.0003826
0.0557185 0.000381525
0.0606061 0.000380719
0.0654937 0.000379615
0.0703813 0.000380239
0.0752689 0.000379971
0.0801564 0.000379387
0.085044 0.000378823
0.0899316 0.000377397
0.0948192 0.000376702
0.0997068 0.0003772
0.104594 0.000376954
0.109482 0.000376221
0.11437 0.000375729
0.119257 0.000382018
0.124145 0.000384081
0.129032 0.000376602
0.13392 0.00039018
0.138808 0.000401604
0.143695 0.000395753
0.148583 0.000411885
0.15347 0.000443911
0.158358 0.000724044
0.163245 0.00156714
0.168133 0.000925085
0.173021 0.000415392
0.177908 0.000454707
0.182796 0.00104369
0.187683 0.00169942
0.192571 0.00166781
0.197459 0.00107053
0.202346 0.000418982
0.207234 0.000401642
0.212121 0.000391507
0.217009 0.000372129
0.221896 0.000367895
0.226784 0.00036986
0.231672 0.000366859
0.236559 0.000367967
0.241447 0.000388174
0.246334 0.000419375
0.251222 0.000455531
0.256109 0.000505361
0.260997 0.00145643
0.265885 0.00259196
0.270772 0.00165894
0.27566 0.00147419
0.280547 0.000681057
0.285435 0.000495865
0.290323 0.0010304
0.29521 0.00283437
0.300098 0.00420148
0.304985 0.0053497
0.309873 0.00474995
0.31476 0.0062414
0.319648 0.0108935
0.324536 0.0350009
0.329423 0.107754
0.334311 0.082528
0.339198 0.0190698
0.344086 0.00879688
0.348974 0.00568313
0.353861 0.00568475
0.358749 0.00466701
0.363636 0.0025784
0.368524 0.00116157
0.373412 0.00155057
0.378299 0.00252641
0.383187 0.00228389
0.388074 0.00092431
0.392962 0.000529168
0.397849 0.000454821
0.402737 0.000422868
0.407625 0.000384153
0.412512 0.000368956
0.4174 0.000360326
0.422287 0.000537012
0.427175 0.0013009
0.432063 0.00150151
0.43695 0.00154416
0.441838 0.00141572
0.446725 0.00150886
0.451613 0.000807279
0.4565 0.000417977
0.461388 0.000380786
0.466276 0.000361095
0.471163 0.000363681
0.476051 0.000376498
0.480938 0.00038193
0.485826 0.000371084
0.490714 0.000356668
0.495601 0.000355309
0.500489 0.000349312
0.505376 0.000351656
0.510264 0.000348479
0.515152 0.000342523
0.520039 0.000346143
0.524927 0.000342074
0.529814 0.000337582
0.534702 0.000337186
0.539589 0.000337949
0.544477 0.000342333
0.549365 0.000364786
0.554252 0.000950738
0.55914 0.00143088
0.564027 0.000709762
0.568915 0.000368686
0.573803 0.00034145
0.57869 0.000342995
0.583578 0.00035851
0.588465 0.000359503
0.593353 0.00034828
0.59824 0.000338725
0.603128 0.000334082
0.608016 0.000332999
0.612903 0.000331597
0.617791 0.000330976
0.622678 0.000330936
0.627566 0.000330567
0.632454 0.000330365
0.637341 0.000330202
0.642229 0.000330427
0.647116 0.000330724
0.652004 0.000330603
0.656892 0.000331337
0.661779 0.000333134
0.666667 0.000337159
0.671554 0.000341789
0.676442 0.000336111
0.681329 0.000329513
0.686217 0.000328831
0.691105 0.000328169
0.695992 0.00032752
0.70088 0.000327057
0.705767 0.000326641
0.710655 0.000326647
0.715543 0.000326073
0.72043 0.000325922
0.725318 0.000326036
0.730205 0.000325747
0.735093 0.000325781
0.73998 0.00032592
0.744868 0.000326092
0.749756 0.000325665
0.754643 0.000324808
0.759531 0.000325138
0.764418 0.000325844
0.769306 0.000324764
0.774194 0.000324023
0.779081 0.000323785
0.783969 0.00032421
0.788856 0.000324253
0.793744 0.000324165
0.798632 0.000322699
0.803519 0.000322344
0.808407 0.000322448
0.813294 0.00032224
0.818182 0.00032265
0.823069 0.000322639
0.827957 0.000322982
0.832845 0.000323484
0.837732 0.000322621
0.84262 0.00032201
0.847507 0.000321539
0.852395 0.00032151
0.857283 0.000321136
0.86217 0.000321046
0.867058 0.000321063
0.871945 0.000321081
0.876833 0.000320495
0.88172 0.000320141
0.886608 0.000319555
0.891496 0.000319709
0.896383 0.000319924
0.901271 0.000320215
0.906158 0.000320758
0.911046 0.000320411
0.915933 0.000319134
0.920821 0.000318982
0.925709 0.000319612
0.930596 0.000320093
0.935484 0.000321464
0.940371 0.000325665
0.945259 0.000333206
0.950147 0.000332394
0.955034 0.000329669
0.959922 0.000338912
0.964809 0.000341546
0.969697 0.000329285
0.974585 0.000332352
0.979472 0.000353995
0.98436 0.00035384
0.989247 0.000345096
0.994135 0.000366934
0.999022 0.000416708
1.00391 0.000700018
1.0088 0.00125934
1.01369 0.000945837
1.01857 0.000449404
1.02346 0.000440176
1.02835 0.000872237
1.03324 0.00135682
1.03812 0.00106431
1.04301 0.00122568
1.0479 0.000934285
1.05279 0.000402957
1.05767 0.000378033
1.06256 0.000432252
1.06745 0.000483708
1.07234 0.000653292
1.07722 0.00124735
1.08211 0.00202926
1.087 0.00288471
1.09189 0.00190628
1.09677 0.000832055
1.10166 0.00213696
1.10655 0.00457904
1.11144 0.00542731
1.11632 0.014163
1.12121 0.0433572
1.1261 0.0431454
1.13099 0.014035
1.13587 0.00497707
1.14076 0.00485825
1.14565 0.00314878
1.15054 0.00101305
1.15543 0.000500783
1.16031 0.000658483
1.1652 0.00225697
1.17009 0.00267729
1.17498 0.00126443
1.17986 0.00127766
1.18475 0.00110176
1.18964 0.000537641
1.19453 0.000425697
1.19941 0.000382534
1.2043 0.00034728
1.20919 0.000326709
1.21408 0.000318873
1.21896 0.000315913
1.22385 0.000316245
1.22874 0.000314999
1.23363 0.000316426
1.23851 0.000321631
1.2434 0.000325423
1.24829 0.00043359
1.25318 0.00103293
1.25806 0.00116179
1.26295 0.000577437
1.26784 0.000379348
1.27273 0.000351239
1.27761 0.000335846
1.2825 0.000329908
1.28739 0.000319694
1.29228 0.000312763
1.29717 0.000311201
1.30205 0.000310966
1.30694 0.00031086
1.31183 0.000311057
1.31672 0.000311212
1.3216 0.000313238
1.32649 0.000315232
1.33138 0.000312371
1.33627 0.000314646
1.34115 0.000319454
1.34604 0.000314855
1.35093 0.000311213
1.35582 0.000311395
1.3607 0.000311156
1.36559 0.000311718
1.37048 0.000311414
1.37537 0.000316652
1.38025 0.000326564
1.38514 0.000663384
1.39003 0.00127828
1.39492 0.000940316
1.3998 0.00040013
1.40469 0.000323732
1.40958 0.000320105
1.41447 0.000332235
1.41935 0.000329986
1.42424 0.000323358
1.42913 0.000316205
1.43402 0.000311877
1.43891 0.000312292
1.44379 0.000311222
1.44868 0.000310361
1.45357 0.000310577
1.45846 0.000310194
1.46334 0.000310746
1.46823 0.000313846
1.47312 0.000313614
1.47801 0.000310574
1.48289 0.000311522
1.48778 0.000313985
1.49267 0.000312068
1.49756 0.00031343
1.50244 0.000318374
1.50733 0.000315313
1.51222 0.000311581
1.51711 0.000310616
1.52199 0.000310256
1.52688 0.00031403
1.53177 0.00032264
1.53666 0.000531154
1.54154 0.00107733
1.54643 0.00100503
1.55132 0.000539528
1.55621 0.000389842
1.56109 0.000357442
1.56598 0.000348478
1.57087 0.000338934
1.57576 0.000336107
1.58065 0.000344486
1.58553 0.000353637
1.59042 0.000379994
1.59531 0.0011634
1.6002 0.00754016
1.60508 0.0185156
1.60997 0.0244374
1.61486 0.0259822
1.61975 0.0268103
1.62463 0.0273794
1.62952 0.0277912
1.63441 0.0281642
1.6393 0.0285264
1.64418 0.0288383
1.64907 0.0291468
1.65396 0.0294524
1.65885 0.0297452
1.66373 0.0299992
1.66862 0.0302265
1.67351 0.0305211
1.6784 0.0308014
1.68328 0.0310595
1.68817 0.0313452
1.69306 0.0316164
1.69795 0.0318252
1.70283 0.0320876
1.70772 0.0324397
1.71261 0.0327483
1.7175 0.0329738
1.72239 0.0331978
1.72727 0.0335446
1.73216 0.0338766
1.73705 0.0341422
1.74194 0.0344505
1.74682 0.0347287
1.75171 0.0349649
1.7566 0.0352204
1.76149 0.0354806
1.76637 0.0357831
1.77126 0.036152
1.77615 0.0365025
1.78104 0.0368191
1.78592 0.0371512
1.79081 0.0374945
1.7957 0.0378396
1.80059 0.0381514
1.80547 0.0384618
1.81036 0.038828
1.81525 0.0391554
1.82014 0.0394555
1.82502 0.0397783
1.82991 0.0401849
1.8348 0.0406287
1.83969 0.0410375
1.84457 0.0413876
1.84946 0.0417387
1.85435 0.0421658
1.85924 0.0425896
1.86413 0.0429374
1.86901 0.0433345
1.8739 0.0438001
1.87879 0.0442476
1.88368 0.0447122
1.88856 0.0451855
1.89345 0.0456811
1.89834 0.0461457
1.90323 0.0465977
1.90811 0.0471489
1.913 0.0477287
1.91789 0.048262
1.92278 0.0488151
1.92766 0.0492619
1.93255 0.0497319
1.93744 0.0503426
1.94233 0.0510162
1.94721 0.0516906
1.9521 0.0523274
1.95699 0.0530499
1.96188 0.0537417
1.96676 0.0543814
1.97165 0.0551195
1.97654 0.0558537
1.98143 0.0565832
1.98631 0.0573885
1.9912 0.0582263
1.99609 0.0591004
2.00098 0.0600019
2.00587 0.0609341
2.01075 0.0618839
2.01564 0.0628769
2.02053 0.0639658
2.02542 0.0651326
2.0303 0.0663802
2.03519 0.0675904
2.04008 0.0687506
2.04497 0.0700955
2.04985 0.0716126
2.05474 0.0732376
2.05963 0.0748696
2.06452 0.076579
2.0694 0.0784358
2.07429 0.0804095
2.07918 0.0826553
2.08407 0.0851378
2.08895 0.0878008
2.09384 0.0906386
2.09873 0.093857
2.10362 0.0975355
2.1085 0.101718
2.11339 0.10657
2.11828 0.112147
2.12317 0.118775
2.12805 0.127055
2.13294 0.1379
2.13783 0.15364
2.14272 0.179343
2.1476 0.291781
2.15249 0.519625
2.15738 0.554721
2.16227 0.437608
2.16716 0.369889
2.17204 0.331324
2.17693 0.305205
2.18182 0.285799
2.18671 0.270461
2.19159 0.257854
2.19648 0.247204
2.20137 0.238106
2.20626 0.230286
2.21114 0.223377
2.21603 0.217278
2.22092 0.212006
2.22581 0.207178
2.23069 0.202612
2.23558 0.198441
2.24047 0.194818
2.24536 0.191517
2.25024 0.18834
2.25513 0.185309
2.26002 0.182471
2.26491 0.180003
2.26979 0.177715
2.27468 0.175419
2.27957 0.173257
2.28446 0.171418
2.28935 0.169584
2.29423 0.16767
2.29912 0.166063
2.30401 0.164594
2.3089 0.163083
2.31378 0.161522
2.31867 0.160184
2.32356 0.158936
2.32845 0.157756
2.33333 0.156728
2.33822 0.155668
2.34311 0.154615
2.348 0.153605
2.35288 0.152598
2.35777 0.151739
2.36266 0.150889
2.36755 0.150023
2.37243 0.149183
2.37732 0.148391
2.38221 0.147782
2.3871 0.147125
2.39198 0.146523
2.39687 0.146057
2.40176 0.145483
2.40665 0.144846
2.41153 0.144368
2.41642 0.144024
2.42131 0.143684
2.4262 0.143152
2.43109 0.142716
2.43597 0.1424
2.44086 0.142169
2.44575 0.141958
2.45064 0.141569
2.45552 0.141181
2.46041 0.141078
2.4653 0.140979
2.47019 0.140714
2.47507 0.140432
2.47996 0.1403
2.48485 0.14023
2.48974 0.140256
2.49462 0.140362
2.49951 0.140276
2.5044 0.140101
2.50929 0.140074
2.51417 0.140182
2.51906 0.1403
2.52395 0.140332
2.52884 0.140462
2.53372 0.140622
2.53861 0.140809
2.5435 0.141026
2.54839 0.14129
2.55327 0.141499
2.55816 0.141863
2.56305 0.142174
2.56794 0.142433
2.57282 0.142779
2.57771 0.143026
2.5826 0.143356
2.58749 0.143814
2.59238 0.144343
2.59726 0.144933
2.60215 0.145502
2.60704 0.146103
2.61193 0.146898
2.61681 0.147714
2.6217 0.148388
2.62659 0.149268
2.63148 0.150031
2.63636 0.150851
2.64125 0.151857
2.64614 0.153012
2.65103 0.154223
2.65591 0.155493
2.6608 0.156725
2.66569 0.157973
2.67058 0.159393
2.67546 0.160896
2.68035 0.162654
2.68524 0.164601
2.69013 0.166677
2.69501 0.168847
2.6999 0.171037
2.70479 0.173554
2.70968 0.176303
2.71457 0.179371
2.71945 0.18287
2.72434 0.186429
2.72923 0.190629
2.73412 0.195456
2.739 0.200968
2.74389 0.207211
2.74878 0.214507
2.75367 0.223369
2.75855 0.234568
2.76344 0.249473
2.76833 0.271015
2.77322 0.307331
2.7781 0.336315
2.78299 0.30782
2.78788 0.266941
2.79277 0.241646
2.79765 0.22372
2.80254 0.20962
2.80743 0.197979
2.81232 0.188008
2.8172 0.179323
2.82209 0.171491
2.82698 0.164553
2.83187 0.158418
2.83675 0.153041
2.84164 0.148243
2.84653 0.144461
2.85142 0.141677
2.8563 0.139472
2.86119 0.136713
2.86608 0.131971
2.87097 0.12596
2.87586 0.119679
2.88074 0.112906
2.88563 0.104611
2.89052 0.0965821
2.89541 0.091898
2.90029 0.0897427
2.90518 0.0877594
2.91007 0.0862637
2.91496 0.0858034
2.91984 0.0852666
2.92473 0.0808027
2.92962 0.06765
2.93451 0.0698755
2.93939 0.0791861
2.94428 0.0820093
2.94917 0.0836105
2.95406 0.0855098
2.95894 0.087602
2.96383 0.0900728
2.96872 0.0928541
2.97361 0.0958321
2.97849 0.0988261
2.98338 0.102049
2.98827 0.105531
2.99316 0.109095
2.99804 0.112777
3.00293 0.116514
3.00782 0.120173
3.01271 0.12412
3.0176 0.128369
3.02248 0.132467
3.02737 0.136774
3.03226 0.141336
3.03715 0.146079
3.04203 0.15098
3.04692 0.155905
3.05181 0.161093
3.0567 0.166681
3.06158 0.172427
3.06647 0.178552
3.07136 0.184736
3.07625 0.191623
3.08113 0.199019
3.08602 0.207036
3.09091 0.215626
3.0958 0.22488
3.10068 0.235101
3.10557 0.246994
3.11046 0.261042
3.11535 0.278265
3.12023 0.301096
3.12512 0.335769
3.13001 0.375435
3.1349 0.362884
3.13978 0.32992
3.14467 0.31063
3.14956 0.298328
3.15445 0.289577
3.15934 0.28353
3.16422 0.279149
3.16911 0.275363
3.174 0.272425
3.17889 0.270187
3.18377 0.268676
3.18866 0.267521
3.19355 0.267115
3.19844 0.266899
3.20332 0.266972
3.20821 0.267271
3.2131 0.26756
3.21799 0.26858
3.22287 0.27
3.22776 0.271355
3.23265 0.272874
3.23754 0.2748
3.24242 0.277152
3.24731 0.2795
3.2522 0.28205
3.25709 0.285195
3.26197 0.288223
3.26686 0.291846
3.27175 0.295605
3.27664 0.299735
3.28153 0.304028
3.28641 0.308677
3.2913 0.314038
3.29619 0.319583
3.30108 0.325983
3.30596 0.33271
3.31085 0.34038
3.31574 0.34831
3.32063 0.357203
3.32551 0.366941
3.3304 0.377921
3.33529 0.390364
3.34018 0.404523
3.34506 0.420686
3.34995 0.439973
3.35484 0.463201
3.35973 0.492502
3.36461 0.530989
3.3695 0.590315
3.37439 0.695852
3.37928 0.700979
3.38416 0.610674
3.38905 0.564646
3.39394 0.536937
3.39883 0.517437
3.40371 0.502936
3.4086 0.492032
3.41349 0.483332
3.41838 0.476438
3.42326 0.470957
3.42815 0.467234
3.43304 0.464345
3.43793 0.461689
3.44282 0.453835
3.4477 0.391057
3.45259 0.353355
3.45748 0.356539
3.46237 0.363013
3.46725 0.372387
3.47214 0.384752
3.47703 0.401024
3.48192 0.419946
3.4868 0.324614
3.49169 0.0318159
3.49658 0.00147552
3.50147 0.000724563
3.50635 0.000594669
3.51124 0.000556851
3.51613 0.000545225
3.52102 0.000539813
3.5259 0.000537611
3.53079 0.000536118
3.53568 0.000537268
3.54057 0.000539745
3.54545 0.000541908
3.55034 0.000543182
3.55523 0.0005458
3.56012 0.000547264
3.56501 0.000551662
3.56989 0.000554495
3.57478 0.000554835
3.57967 0.000559168
3.58456 0.000561594
3.58944 0.000566423
3.59433 0.000568067
3.59922 0.000570634
3.60411 0.000574135
3.60899 0.000577421
3.61388 0.000581848
3.61877 0.000583926
3.62366 0.000587655
3.62854 0.00059146
3.63343 0.000593351
3.63832 0.000599227
3.64321 0.000604937
3.64809 0.000606853
3.65298 0.000610501
3.65787 0.000614978
3.66276 0.000617577
3.66764 0.000622257
3.67253 0.000628163
3.67742 0.000629721
3.68231 0.000636673
3.68719 0.000641173
3.69208 0.000644311
3.69697 0.000648515
3.70186 0.000654548
3.70674 0.00066188
3.71163 0.000664651
3.71652 0.000671146
3.72141 0.00067608
3.7263 0.000682635
3.73118 0.000688477
3.73607 0.000696894
3.74096 0.000700589
3.74585 0.000706276
3.75073 0.000711649
3.75562 0.000721536
3.76051 0.000726422
3.7654 0.00073285
3.77028 0.0007421
3.77517 0.000746242
3.78006 0.00075839
3.78495 0.000765611
3.78983 0.00077401
3.79472 0.00078211
3.79961 0.000792081
3.8045 0.000801427
3.80938 0.000812032
3.81427 0.000820462
3.81916 0.00083182
3.82405 0.000843347
3.82893 0.000856057
3.83382 0.00086533
3.83871 0.000879697
3.8436 0.000890413
3.84848 0.000905572
3.85337 0.000922758
3.85826 0.00093367
3.86315 0.000951819
3.86804 0.000967973
3.87292 0.000988284
3.87781 0.00100666
3.8827 0.00102517
3.88759 0.00104743
3.89247 0.00106697
3.89736 0.00109354
3.90225 0.00112237
3.90714 0.00115234
3.91202 0.00118168
3.91691 0.00121651
3.9218 0.00125043
3.92669 0.00128908
3.93157 0.00133563
3.93646 0.00138677
3.94135 0.001437
3.94624 0.00150475
3.95112 0.00158108
3.95601 0.00165876
3.9609 0.00175802
3.96579 0.00188802
3.97067 0.00204164
3.97556 0.00223291
3.98045 0.00250325
3.98534 0.00285851
3.99022 0.00360049
3.99511 0.00559825
4 0
