-1 0
-0.995112 0.0201537
-0.990225 0.0142612
-0.985337 0.0116496
-0.98045 0.0100907
-0.975562 0.00903651
-0.970675 0.00824782
-0.965787 0.00764028
-0.960899 0.00714879
-0.956012 0.00674732
-0.951124 0.00640276
-0.946237 0.00610471
-0.941349 0.00585064
-0.936461 0.00562226
-0.931574 0.00542267
-0.926686 0.00524016
-0.921799 0.00507502
-0.916911 0.00492902
-0.912023 0.00479016
-0.907136 0.00466637
-0.902248 0.00454687
-0.897361 0.00444078
-0.892473 0.0043386
-0.887585 0.00424828
-0.882698 0.00416241
-0.87781 0.00408219
-0.872923 0.0040015
-0.868035 0.00392911
-0.863147 0.00385916
-0.85826 0.00379481
-0.853372 0.00373335
-0.848485 0.00367914
-0.843597 0.00361748
-0.83871 0.00356629
-0.833822 0.00351379
-0.828934 0.00346611
-0.824047 0.00342011
-0.819159 0.00337556
-0.814272 0.00333148
-0.809384 0.00328789
-0.804497 0.0032505
-0.799609 0.003209
-0.794721 0.00317367
-0.789834 0.00313851
-0.784946 0.00310381
-0.780059 0.00307158
-0.775171 0.00303899
-0.770283 0.00301003
-0.765396 0.00297893
-0.760508 0.0029507
-0.755621 0.00292074
-0.750733 0.00289519
-0.745846 0.00286797
-0.740958 0.00284348
-0.73607 0.00281656
-0.731183 0.00279173
-0.726295 0.00276861
-0.721408 0.00274599
-0.71652 0.00272179
-0.711632 0.00270081
-0.706745 0.00267886
-0.701857 0.00265937
-0.69697 0.00264118
-0.692082 0.00262123
-0.687195 0.00260082
-0.682307 0.00258235
-0.677419 0.0025653
-0.672532 0.00254756
-0.667644 0.00252997
-0.662757 0.00251059
-0.657869 0.00249537
-0.652982 0.00247896
-0.648094 0.0024623
-0.643206 0.00244671
-0.638319 0.00243026
-0.633431 0.00241832
-0.628544 0.00240118
-0.623656 0.00238747
-0.618768 0.00237356
-0.613881 0.00235913
-0.608993 0.00234615
-0.604106 0.00233147
-0.599218 0.00231955
-0.594331 0.00230817
-0.589443 0.00229524
-0.584555 0.00228221
-0.579668 0.00227082
-0.57478 0.00225943
-0.569892 0.0022462
-0.565005 0.00223551
-0.560117 0.00222382
-0.55523 0.00221222
-0.550342 0.0022004
-0.545455 0.00219108
-0.540567 0.00218111
-0.535679 0.0021707
-0.530792 0.00215951
-0.525904 0.00215068
-0.521017 0.00214173
-0.516129 0.00213028
-0.511241 0.00211943
-0.506354 0.00211212
-0.501466 0.00210263
-0.496579 0.00209258
-0.491691 0.00208465
-0.486804 0.00207611
-0.481916 0.00206708
-0.477028 0.0020587
-0.472141 0.00204946
-0.467253 0.00204185
-0.462366 0.00203562
-0.457478 0.00202668
-0.45259 0.00201866
-0.447703 0.00201088
-0.442815 0.00200391
-0.437928 0.00200002
-0.43304 0.00199084
-0.428152 0.00198811
-0.423265 0.0019899
-0.418377 0.00201122
-0.41349 0.00216407
-0.408602 0.0131189
-0.403715 0.0668668
-0.398827 0.088016
-0.393939 0.0915796
-0.389052 0.0936891
-0.384164 0.0958032
-0.379277 0.0977463
-0.374389 0.0996524
-0.369501 0.101519
-0.364614 0.103505
-0.359726 0.105561
-0.354839 0.107612
-0.349951 0.110006
-0.345064 0.112536
-0.340176 0.115044
-0.335288 0.117911
-0.330401 0.121302
-0.325513 0.126665
-0.320626 0.173164
-0.315738 0.325423
-0.310851 0.397387
-0.305963 0.418861
-0.301075 0.434533
-0.296188 0.448782
-0.2913 0.462922
-0.286413 0.477737
-0.281525 0.493695
-0.276637 0.51071
-0.27175 0.529044
-0.266862 0.549397
-0.261975 0.571978
-0.257087 0.596452
-0.252199 0.623636
-0.247312 0.655175
-0.242424 0.69056
-0.237537 0.73151
-0.232649 0.780131
-0.227762 0.839368
-0.222874 0.91151
-0.217986 1.00369
-0.213099 1.12523
-0.208211 1.29838
-0.203324 1.57324
-0.198436 2.11032
-0.193548 3.0395
-0.188661 2.35329
-0.183773 0.617685
-0.178886 0.376037
-0.173998 0.321695
-0.16911 0.288536
-0.164223 0.263367
-0.159335 0.24329
-0.154448 0.226645
-0.14956 0.212759
-0.144672 0.200887
-0.139785 0.190268
-0.134897 0.180654
-0.13001 0.171985
-0.125122 0.16409
-0.120234 0.157011
-0.115347 0.150672
-0.110459 0.144626
-0.105572 0.13908
-0.100684 0.134098
-0.0957966 0.129218
-0.090909 0.124524
-0.0860214 0.120245
-0.0811338 0.116177
-0.0762463 0.112342
-0.0713587 0.108715
-0.0664711 0.105182
-0.0615835 0.101725
-0.0566959 0.0984193
-0.0518084 0.0954068
-0.0469208 0.09233
-0.0420332 0.0894137
-0.0371456 0.0866484
-0.032258 0.0837285
-0.0273705 0.080995
-0.0224829 0.0783429
-0.0175953 0.075537
-0.0127077 0.0726988
-0.00782013 0.0698179
-0.00293255 0.0667966
0.00195503 0.0634126
0.00684261 0.0595114
0.0117302 0.0548537
0.0166178 0.0484878
0.0215054 0.0388585
0.0263929 0.0235427
0.0312805 0.00807276
0.0361681 0.002234
0.0410557 0.00180579
0.0459433 0.00166455
0.0508308 0.00157312
0.0557185 0.00158284
0.0606061 0.00159517
0.0654937 0.0016833
0.0703813 0.00225873
0.0752689 0.00268157
0.0801564 0.00277274
0.085044 0.00343485
0.0899316 0.00371594
0.0948192 0.0126986
0.0997068 0.0163098
0.104594 0.00513931
0.109482 0.00298857
0.11437 0.00701086
0.119257 0.015694
0.124145 0.00817965
0.129032 0.00210764
0.13392 0.00203021
0.138808 0.00257097
0.143695 0.00224625
0.148583 0.00176867
0.15347 0.00213643
0.158358 0.00278946
0.163245 0.00531519
0.168133 0.0125624
0.173021 0.0121669
0.177908 0.00424454
0.182796 0.00261118
0.187683 0.00299844
0.192571 0.0027536
0.197459 0.00200335
0.202346 0.00210792
0.207234 0.00239555
0.212121 0.00263842
0.217009 0.00332355
0.221896 0.00540407
0.226784 0.00851255
0.231672 0.0155701
0.236559 0.0277446
0.241447 0.0302614
0.246334 0.0319727
0.251222 0.0462377
0.256109 0.0464896
0.260997 0.0496715
0.265885 0.0683986
0.270772 0.0927635
0.27566 0.160532
0.280547 0.162086
0.285435 0.08106
0.290323 0.0546798
0.29521 0.0462136
0.300098 0.0421771
0.304985 0.0335531
0.309873 0.0290947
0.31476 0.0264403
0.319648 0.017392
0.324536 0.0116499
0.329423 0.00833451
0.334311 0.00556105
0.339198 0.00414755
0.344086 0.0033564
0.348974 0.00374018
0.353861 0.00905135
0.358749 0.0136141
0.363636 0.0151609
0.368524 0.0123709
0.373412 0.00665974
0.378299 0.00358498
0.383187 0.00245968
0.388074 0.00297525
0.392962 0.0089319
0.397849 0.012776
0.402737 0.00738145
0.407625 0.00380369
0.412512 0.0030033
0.4174 0.00322029
0.422287 0.00290243
0.427175 0.00230674
0.432063 0.00235796
0.43695 0.00246615
0.441838 0.00225704
0.446725 0.00649272
0.451613 0.0143186
0.4565 0.0093159
0.461388 0.00314939
0.466276 0.00215148
0.471163 0.0022816
0.476051 0.00234413
0.480938 0.00237534
0.485826 0.00238737
0.490714 0.00210955
0.495601 0.00202978
0.500489 0.00184046
0.505376 0.00160095
0.510264 0.00155211
0.515152 0.00148784
0.520039 0.00144648
0.524927 0.00144018
0.529814 0.00155911
0.534702 0.00206799
0.539589 0.002006
0.544477 0.00156062
0.549365 0.00148959
0.554252 0.00145393
0.55914 0.00141443
0.564027 0.00139147
0.568915 0.00138253
0.573803 0.00137664
0.57869 0.00137929
0.583578 0.00137022
0.588465 0.00135706
0.593353 0.00135511
0.59824 0.00135817
0.603128 0.00136249
0.608016 0.00135701
0.612903 0.0013547
0.617791 0.00135131
0.622678 0.00134797
0.627566 0.00134707
0.632454 0.00134551
0.637341 0.00134445
0.642229 0.00134354
0.647116 0.00134176
0.652004 0.00134068
0.656892 0.00133946
0.661779 0.00133816
0.666667 0.00133673
0.671554 0.00133575
0.676442 0.00133497
0.681329 0.00133393
0.686217 0.0013329
0.691105 0.00133208
0.695992 0.00133093
0.70088 0.00132983
0.705767 0.00132903
0.710655 0.00132831
0.715543 0.0013281
0.72043 0.00132874
0.725318 0.00133341
0.730205 0.00133601
0.735093 0.00133331
0.73998 0.00133769
0.744868 0.0013409
0.749756 0.00134633
0.754643 0.00135816
0.759531 0.00137109
0.764418 0.00143534
0.769306 0.00155482
0.774194 0.00155047
0.779081 0.0015209
0.783969 0.0016629
0.788856 0.00180323
0.793744 0.00204169
0.798632 0.00219872
0.803519 0.00208501
0.808407 0.002094
0.813294 0.00201228
0.818182 0.00212569
0.823069 0.00282067
0.827957 0.00414117
0.832845 0.00561451
0.837732 0.00873895
0.84262 0.0103876
0.847507 0.00597647
0.852395 0.00336729
0.857283 0.00399654
0.86217 0.00468972
0.867058 0.0071237
0.871945 0.0100579
0.876833 0.00759782
0.88172 0.00514795
0.886608 0.00556955
0.891496 0.00697104
0.896383 0.00893553
0.901271 0.0118201
0.906158 0.014565
0.911046 0.0167082
0.915933 0.0174147
0.920821 0.0166054
0.925709 0.01755
0.930596 0.0219149
0.935484 0.0253799
0.940371 0.0333405
0.945259 0.0509314
0.950147 0.0534001
0.955034 0.0380195
0.959922 0.0284929
0.964809 0.0256218
0.969697 0.0222209
0.974585 0.017141
0.979472 0.0129985
0.98436 0.0135277
0.989247 0.0139939
0.994135 0.0128315
0.999022 0.0110902
1.00391 0.00752801
1.0088 0.00548966
1.01369 0.00589354
1.01857 0.00895696
1.02346 0.0113748
1.02835 0.0103416
1.03324 0.00750993
1.03812 0.00545437
1.04301 0.00422142
1.0479 0.00406623
1.05279 0.00390865
1.05767 0.00311818
1.06256 0.00243524
1.06745 0.00216392
1.07234 0.00199804
1.07722 0.00182796
1.08211 0.00181385
1.087 0.00190544
1.09189 0.00198233
1.09677 0.00202147
1.10166 0.00254082
1.10655 0.00425213
1.11144 0.00592292
1.11632 0.00639599
1.12121 0.00820906
1.1261 0.0141511
1.13099 0.0216169
1.13587 0.0271001
1.14076 0.0307322
1.14565 0.0332958
1.15054 0.0352164
1.15543 0.0368594
1.16031 0.0382536
1.1652 0.0394644
1.17009 0.0405984
1.17498 0.0416608
1.17986 0.0426595
1.18475 0.0436295
1.18964 0.0445735
1.19453 0.0454905
1.19941 0.0463568
1.2043 0.0471999
1.20919 0.0481498
1.21408 0.0490727
1.21896 0.0499817
1.22385 0.0509519
1.22874 0.0519369
1.23363 0.0528953
1.23851 0.0538358
1.2434 0.054764
1.24829 0.0557111
1.25318 0.0567258
1.25806 0.0578245
1.26295 0.0588651
1.26784 0.0598359
1.27273 0.0609694
1.27761 0.0620689
1.2825 0.0631281
1.28739 0.0643277
1.29228 0.0655123
1.29717 0.0666927
1.30205 0.0679956
1.30694 0.0693685
1.31183 0.0708018
1.31672 0.0723019
1.3216 0.0738369
1.32649 0.0755718
1.33138 0.0774055
1.33627 0.0792996
1.34115 0.0813654
1.34604 0.0836345
1.35093 0.0860631
1.35582 0.0886728
1.3607 0.0915086
1.36559 0.0945597
1.37048 0.0979777
1.37537 0.101838
1.38025 0.106184
1.38514 0.111159
1.39003 0.116937
1.39492 0.123854
1.3998 0.132339
1.40469 0.143189
1.40958 0.158283
1.41447 0.182134
1.41935 0.235207
1.42424 0.324977
1.42913 0.367879
1.43402 0.338762
1.43891 0.30251
1.44379 0.276948
1.44868 0.257882
1.45357 0.242863
1.45846 0.230762
1.46334 0.22066
1.46823 0.211876
1.47312 0.204076
1.47801 0.197289
1.48289 0.191439
1.48778 0.186161
1.49267 0.181222
1.49756 0.176692
1.50244 0.172685
1.50733 0.168965
1.51222 0.165416
1.51711 0.161985
1.52199 0.158811
1.52688 0.156081
1.53177 0.153486
1.53666 0.150876
1.54154 0.148494
1.54643 0.146413
1.55132 0.144254
1.55621 0.142024
1.56109 0.139901
1.56598 0.138019
1.57087 0.136303
1.57576 0.134643
1.58065 0.132995
1.58553 0.131311
1.59042 0.129768
1.59531 0.12837
1.6002 0.12701
1.60508 0.125639
1.60997 0.124253
1.61486 0.122939
1.61975 0.121753
1.62463 0.12059
1.62952 0.119468
1.63441 0.118455
1.6393 0.11736
1.64418 0.116259
1.64907 0.115293
1.65396 0.114392
1.65885 0.113562
1.66373 0.11276
1.66862 0.111902
1.67351 0.111012
1.6784 0.110105
1.68328 0.109152
1.68817 0.108264
1.69306 0.107576
1.69795 0.106887
1.70283 0.106055
1.70772 0.105296
1.71261 0.104602
1.7175 0.103848
1.72239 0.103041
1.72727 0.102295
1.73216 0.101622
1.73705 0.101073
1.74194 0.100563
1.74682 0.0999601
1.75171 0.099309
1.7566 0.0987607
1.76149 0.0982954
1.76637 0.0977409
1.77126 0.0970615
1.77615 0.0964478
1.78104 0.0959726
1.78592 0.0955056
1.79081 0.0950181
1.7957 0.0945443
1.80059 0.0940259
1.80547 0.0935087
1.81036 0.0929977
1.81525 0.0925129
1.82014 0.092127
1.82502 0.091731
1.82991 0.0913087
1.8348 0.0908361
1.83969 0.0903162
1.84457 0.0899523
1.84946 0.0897008
1.85435 0.0893449
1.85924 0.0888608
1.86413 0.0883816
1.86901 0.0880152
1.8739 0.0877431
1.87879 0.0874086
1.88368 0.0870847
1.88856 0.0868847
1.89345 0.0865021
1.89834 0.0860605
1.90323 0.0857985
1.90811 0.0855525
1.913 0.0851558
1.91789 0.0847174
1.92278 0.084293
1.92766 0.083868
1.93255 0.0833999
1.93744 0.0830667
1.94233 0.0828486
1.94721 0.0827091
1.9521 0.0825915
1.95699 0.0823283
1.96188 0.08201
1.96676 0.0817562
1.97165 0.0815335
1.97654 0.0812538
1.98143 0.0810008
1.98631 0.0807703
1.9912 0.0805571
1.99609 0.0803506
2.00098 0.0801378
2.00587 0.079835
2.01075 0.0795795
2.01564 0.0793213
2.02053 0.0790082
2.02542 0.0787734
2.0303 0.0785532
2.03519 0.0783302
2.04008 0.0781177
2.04497 0.0778632
2.04985 0.0775995
2.05474 0.0773612
2.05963 0.077125
2.06452 0.0769075
2.0694 0.0766783
2.07429 0.0764661
2.07918 0.0762606
2.08407 0.0761218
2.08895 0.0759362
2.09384 0.0755921
2.09873 0.0754428
2.10362 0.0754319
2.1085 0.0752042
2.11339 0.0749065
2.11828 0.0746903
2.12317 0.0745775
2.12805 0.0744814
2.13294 0.0743051
2.13783 0.0740869
2.14272 0.0738802
2.1476 0.0736981
2.15249 0.0735507
2.15738 0.0733427
2.16227 0.0732259
2.16716 0.0731238
2.17204 0.0729398
2.17693 0.0727684
2.18182 0.072588
2.18671 0.072488
2.19159 0.0724375
2.19648 0.0723479
2.20137 0.0722517
2.20626 0.0721234
2.21114 0.0720475
2.21603 0.0718894
2.22092 0.0717373
2.22581 0.0716136
2.23069 0.0715856
2.23558 0.0714768
2.24047 0.071235
2.24536 0.0711711
2.25024 0.0712504
2.25513 0.071133
2.26002 0.0709891
2.26491 0.0709403
2.26979 0.0709171
2.27468 0.0709288
2.27957 0.0708173
2.28446 0.0707213
2.28935 0.0707769
2.29423 0.0708726
2.29912 0.0708599
2.30401 0.0708353
2.3089 0.0708831
2.31378 0.0709043
2.31867 0.0709372
2.32356 0.0710987
2.32845 0.0712195
2.33333 0.0713316
2.33822 0.0715716
2.34311 0.071837
2.348 0.0721758
2.35288 0.0725793
2.35777 0.0729388
2.36266 0.073354
2.36755 0.0738975
2.37243 0.0744859
2.37732 0.0752615
2.38221 0.0763086
2.3871 0.0774842
2.39198 0.078683
2.39687 0.0799755
2.40176 0.0810067
2.40665 0.081989
2.41153 0.0833133
2.41642 0.0846699
2.42131 0.0856849
2.4262 0.0862964
2.43109 0.086696
2.43597 0.0870854
2.44086 0.0873102
2.44575 0.0872068
2.45064 0.0867718
2.45552 0.0859239
2.46041 0.0848978
2.4653 0.0840134
2.47019 0.0831444
2.47507 0.0824984
2.47996 0.082122
2.48485 0.0818621
2.48974 0.0821431
2.49462 0.0838811
2.49951 0.096223
2.5044 0.178469
2.50929 0.320414
2.51417 0.419736
2.51906 0.525312
2.52395 0.724351
2.52884 0.797649
2.53372 0.656443
2.53861 0.546419
2.5435 0.486123
2.54839 0.446822
2.55327 0.418384
2.55816 0.396225
2.56305 0.378801
2.56794 0.364747
2.57282 0.353159
2.57771 0.343323
2.5826 0.334904
2.58749 0.327739
2.59238 0.321441
2.59726 0.315889
2.60215 0.311196
2.60704 0.307163
2.61193 0.303553
2.61681 0.300435
2.6217 0.29777
2.62659 0.295475
2.63148 0.293389
2.63636 0.291577
2.64125 0.290208
2.64614 0.28891
2.65103 0.287756
2.65591 0.287122
2.6608 0.286642
2.66569 0.286336
2.67058 0.286541
2.67546 0.286753
2.68035 0.287169
2.68524 0.287674
2.69013 0.288267
2.69501 0.28919
2.6999 0.290131
2.70479 0.291185
2.70968 0.292636
2.71457 0.294363
2.71945 0.295974
2.72434 0.297856
2.72923 0.300109
2.73412 0.302522
2.739 0.305406
2.74389 0.308666
2.74878 0.312286
2.75367 0.316176
2.75855 0.320321
2.76344 0.32451
2.76833 0.329384
2.77322 0.335005
2.7781 0.341084
2.78299 0.347622
2.78788 0.3549
2.79277 0.362924
2.79765 0.372151
2.80254 0.3827
2.80743 0.394482
2.81232 0.408582
2.8172 0.425198
2.82209 0.444701
2.82698 0.469474
2.83187 0.500874
2.83675 0.54298
2.84164 0.603462
2.84653 0.668984
2.85142 0.664385
2.8563 0.591567
2.86119 0.485749
2.86608 0.336643
2.87097 0.251551
2.87586 0.227049
2.88074 0.213642
2.88563 0.203804
2.89052 0.195707
2.89541 0.189181
2.90029 0.183697
2.90518 0.178658
2.91007 0.17409
2.91496 0.170061
2.91984 0.16632
2.92473 0.162925
2.92962 0.159878
2.93451 0.15706
2.93939 0.154384
2.94428 0.151944
2.94917 0.149633
2.95406 0.147496
2.95894 0.145452
2.96383 0.143541
2.96872 0.141732
2.97361 0.140048
2.97849 0.138366
2.98338 0.136787
2.98827 0.135069
2.99316 0.133561
2.99804 0.132193
3.00293 0.130705
3.00782 0.129457
3.01271 0.128237
3.0176 0.127121
3.02248 0.125959
3.02737 0.124789
3.03226 0.123602
3.03715 0.122655
3.04203 0.1217
3.04692 0.120751
3.05181 0.11983
3.0567 0.118812
3.06158 0.117928
3.06647 0.117164
3.07136 0.116247
3.07625 0.115484
3.08113 0.114663
3.08602 0.113745
3.09091 0.113071
3.0958 0.11237
3.10068 0.111602
3.10557 0.110877
3.11046 0.110218
3.11535 0.109643
3.12023 0.108872
3.12512 0.10809
3.13001 0.107549
3.1349 0.106936
3.13978 0.106387
3.14467 0.105756
3.14956 0.105177
3.15445 0.104435
3.15934 0.103918
3.16422 0.103419
3.16911 0.102835
3.174 0.102529
3.17889 0.102018
3.18377 0.101403
3.18866 0.100929
3.19355 0.100351
3.19844 0.0997676
3.20332 0.0993199
3.20821 0.0990166
3.2131 0.0984581
3.21799 0.0977435
3.22287 0.0973654
3.22776 0.0969718
3.23265 0.096605
3.23754 0.0961277
3.24242 0.0956278
3.24731 0.0950172
3.2522 0.0944909
3.25709 0.0941885
3.26197 0.0937803
3.26686 0.0931645
3.27175 0.0929258
3.27664 0.092331
3.28153 0.0916215
3.28641 0.0911872
3.2913 0.0907597
3.29619 0.0901241
3.30108 0.0894113
3.30596 0.0886372
3.31085 0.0879644
3.31574 0.086957
3.32063 0.0856214
3.32551 0.0838454
3.3304 0.0808958
3.33529 0.0743666
3.34018 0.0488995
3.34506 0.00984126
3.34995 0.00206034
3.35484 0.00191997
3.35973 0.0019018
3.36461 0.00189976
3.3695 0.00190199
3.37439 0.00190624
3.37928 0.00191188
3.38416 0.00191589
3.38905 0.00192386
3.39394 0.00193141
3.39883 0.00193766
3.40371 0.0019437
3.4086 0.00195099
3.41349 0.00195849
3.41838 0.00196634
3.42326 0.00197252
3.42815 0.00197888
3.43304 0.00198622
3.43793 0.00199385
3.44282 0.00200114
3.4477 0.00201034
3.45259 0.00201706
3.45748 0.00202449
3.46237 0.00203305
3.46725 0.00204047
3.47214 0.00205007
3.47703 0.00205941
3.48192 0.00206576
3.4868 0.00207436
3.49169 0.00208542
3.49658 0.00209398
3.50147 0.00210213
3.50635 0.00211055
3.51124 0.00212207
3.51613 0.00213083
3.52102 0.0021391
3.5259 0.00214915
3.53079 0.00216071
3.53568 0.00217088
3.54057 0.00217968
3.54545 0.00219125
3.55034 0.00220255
3.55523 0.0022118
3.56012 0.00222251
3.56501 0.00223435
3.56989 0.0022473
3.57478 0.00225937
3.57967 0.00226956
3.58456 0.00228186
3.58944 0.00229543
3.59433 0.00230906
3.59922 0.00231854
3.60411 0.00233263
3.60899 0.00234484
3.61388 0.00235993
3.61877 0.00237229
3.62366 0.00238731
3.62854 0.0024018
3.63343 0.00241574
3.63832 0.00243092
3.64321 0.0024478
3.64809 0.00246179
3.65298 0.00247715
3.65787 0.00249607
3.66276 0.00251205
3.66764 0.00252769
3.67253 0.00254556
3.67742 0.00256322
3.68231 0.00258175
3.68719 0.00259864
3.69208 0.00261944
3.69697 0.00263836
3.70186 0.00265866
3.70674 0.00268027
3.71163 0.00270344
3.71652 0.00272334
3.72141 0.00274597
3.7263 0.00276896
3.73118 0.00279107
3.73607 0.00281671
3.74096 0.0028415
3.74585 0.00286701
3.75073 0.00289646
3.75562 0.00292246
3.76051 0.00295009
3.7654 0.00297823
3.77028 0.00300661
3.77517 0.00303799
3.78006 0.00307301
3.78495 0.00310336
3.78983 0.00313996
3.79472 0.00317223
3.79961 0.00320962
3.8045 0.00324989
3.80938 0.00329002
3.81427 0.00332922
3.81916 0.00337251
3.82405 0.00341986
3.82893 0.00346601
3.83382 0.00351157
3.83871 0.00356531
3.8436 0.00361892
3.84848 0.00367451
3.85337 0.00373092
3.85826 0.00379174
3.86315 0.0038584
3.86804 0.0039315
3.87292 0.00399864
3.87781 0.00407919
3.8827 0.00415678
3.88759 0.00424902
3.89247 0.00434172
3.89736 0.00444004
3.90225 0.00455056
3.90714 0.00466604
3.91202 0.00478812
3.91691 0.00492302
3.9218 0.00507659
3.92669 0.00524317
3.93157 0.00542096
3.93646 0.00562558
3.94135 0.00584717
3.94624 0.00610537
3.95112 0.00640185
3.95601 0.00674631
3.9609 0.00715286
3.96579 0.00763837
3.97067 0.00824956
3.97556 0.00902948
3.98045 0.0101116
3.98534 0.0116453
3.99022 0.014359
3.99511 0.0207913
4 0
