-1 2.29548e-05 0
-0.995112 3.66317e-05 0
-0.990225 5.77633e-05 0
-0.985337 8.9511e-05 0
-0.98045 0.000135398 0
-0.975562 0.000198504 0
-0.970675 0.000280359 0
-0.965787 0.000380138 0
-0.960899 0.00049479 0
-0.956012 0.000620082 0
-0.951124 0.000751856 0
-0.946237 0.000886837 0
-0.941349 0.00102287 0
-0.936461 0.00115873 0
-0.931574 0.00129388 0
-0.926686 0.00142822 0
-0.921799 0.00156192 0
-0.916911 0.00169528 0
-0.912023 0.0018286 0
-0.907136 0.00196206 0
-0.902248 0.00209569 0
-0.897361 0.00222945 0
-0.892473 0.00236329 0
-0.887586 0.00249727 0
-0.882698 0.00263165 0
-0.87781 0.00276686 0
-0.872923 0.00290338 0
-0.868035 0.00304166 0
-0.863148 0.00318197 0
-0.85826 0.00332448 0
-0.853372 0.00346927 0
-0.848485 0.00361633 0
-0.843597 0.00376564 0
-0.83871 0.00391716 0
-0.833822 0.00407092 0
-0.828935 0.00422701 0
-0.824047 0.00438565 0
-0.819159 0.00454711 0
-0.814272 0.00471173 0
-0.809384 0.00487976 0
-0.804497 0.00505141 0
-0.799609 0.00522676 0
-0.794721 0.0054059 0
-0.789834 0.005589 0
-0.784946 0.00577636 0
-0.780059 0.00596833 0
-0.775171 0.00616529 0
-0.770283 0.00636757 0
-0.765396 0.00657546 0
-0.760508 0.00678929 0
-0.755621 0.00700943 0
-0.750733 0.0072364 0
-0.745845 0.00747084 0
-0.740958 0.00771353 0
-0.73607 0.00796534 0
-0.731183 0.00822717 0
-0.726295 0.00849981 0
-0.721408 0.008784 0
-0.71652 0.00908048 0
-0.711632 0.00939005 0
-0.706745 0.00971374 0
-0.701857 0.0100527 0
-0.69697 0.0104082 0
-0.692082 0.0107817 0
-0.687195 0.0111749 0
-0.682307 0.01159 0
-0.677419 0.0120294 0
-0.672532 0.0124961 0
-0.667644 0.0129938 0
-0.662757 0.0135267 0
-0.657869 0.0140996 0
-0.652981 0.0147181 0
-0.648094 0.0153895 0
-0.643206 0.0161234 0
-0.638319 0.0169327 0
-0.633431 0.0178357 0
-0.628544 0.0188574 0
-0.623656 0.0200331 0
-0.618768 0.0214126 0
-0.613881 0.0230682 0
-0.608993 0.0251069 0
-0.604106 0.0276874 0
-0.599218 0.0310449 0
-0.59433 0.0355228 0
-0.589443 0.041609 0
-0.584555 0.0499683 0
-0.579668 0.0614487 0
-0.57478 0.077047 0
-0.569892 0.0978151 0
-0.565005 0.124703 0
-0.560117 0.15831 0
-0.55523 0.198561 0
-0.550342 0.244428 0
-0.545455 0.293811 0
-0.540567 0.343759 0
-0.535679 0.391248 0
-0.530792 0.43426 0
-0.525904 0.472481 0
-0.521017 0.506984 0
-0.516129 0.539121 0
-0.511241 0.569469 0
-0.506354 0.597709 0
-0.501466 0.623331 0
-0.496579 0.646346 0
-0.491691 0.667397 0
-0.486804 0.687431 0
-0.481916 0.707304 0
-0.477028 0.727463 0
-0.472141 0.747748 0
-0.467253 0.767471 0
-0.462366 0.785733 0
-0.457478 0.801782 0
-0.45259 0.815289 0
-0.447703 0.826656 0
-0.442815 0.837269 0
-0.437928 0.849153 0
-0.43304 0.863916 0
-0.428152 0.881743 0
-0.423265 0.901303 0
-0.418377 0.920681 0
-0.41349 0.938615 0
-0.408602 0.955084 0
-0.403715 0.970856 0
-0.398827 0.986649 0
-0.393939 1.00266 0
-0.389052 1.01859 0
-0.384164 1.03388 0
-0.379277 1.04814 0
-0.374389 1.0614 0
-0.369501 1.07407 0
-0.364614 1.08665 0
-0.359726 1.09943 0
-0.354839 1.11251 0
-0.349951 1.12563 0
-0.345064 1.1379 0
-0.340176 1.14798 0
-0.335288 1.15463 0
-0.330401 1.15727 0
-0.325513 1.15632 0
-0.320626 1.15332 0
-0.315738 1.1507 0
-0.310851 1.15101 0
-0.305963 1.15605 0
-0.301075 1.16614 0
-0.296188 1.18009 0
-0.2913 1.19576 0
-0.286413 1.21098 0
-0.281525 1.22432 0
-0.276637 1.23537 0
-0.27175 1.24433 0
-0.266862 1.25148 0
-0.261975 1.25689 0
-0.257087 1.2606 0
-0.252199 1.2629 0
-0.247312 1.26451 0
-0.242424 1.26655 0
-0.237537 1.27032 0
-0.232649 1.27688 0
-0.227761 1.28678 0
-0.222874 1.29984 0
-0.217986 1.31516 0
-0.213099 1.33144 0
-0.208211 1.34756 0
-0.203324 1.36303 0
-0.198436 1.37792 0
-0.193548 1.39252 0
-0.188661 1.40689 0
-0.183773 1.42081 0
-0.178886 1.43387 0
-0.173998 1.44556 0
-0.16911 1.4554 0
-0.164223 1.46316 0
-0.159335 1.46893 0
-0.154448 1.47311 0
-0.14956 1.47631 0
-0.144672 1.47927 0
-0.139785 1.48277 0
-0.134897 1.48737 0
-0.13001 1.49313 0
-0.125122 1.49965 0
-0.120235 1.50652 0
-0.115347 1.51361 0
-0.110459 1.52102 0
-0.105572 1.52877 0
-0.100684 1.53649 0
-0.0957966 1.54359 0
-0.0909091 1.54973 0
-0.0860215 1.55497 0
-0.0811339 1.55972 0
-0.0762463 1.56436 0
-0.0713587 1.56898 0
-0.0664712 1.57342 0
-0.0615836 1.57737 0
-0.056696 1.58059 0
-0.0518084 1.58303 0
-0.0469208 1.58481 0
-0.0420333 1.58612 0
-0.0371457 1.58714 0
-0.0322581 1.58799 0
-0.0273705 1.58872 0
-0.0224829 1.58939 0
-0.0175954 1.59001 0
-0.0127078 1.59059 0
-0.00782019 1.59115 0
-0.00293261 1.5917 0
0.00195497 1.59222 0
0.00684255 1.59274 0
0.0117301 1.59325 0
0.0166177 1.59375 0
0.0215053 1.59424 0
0.0263929 1.59473 0
0.0312805 1.59522 0
0.036168 1.5957 0
0.0410556 1.59619 0
0.0459432 1.59667 0
0.0508308 1.59715 0
0.0557185 1.59764 0
0.0606061 1.59813 0
0.0654937 1.59863 0
0.0703813 1.59913 0
0.0752688 1.59964 0
0.0801564 1.60016 0
0.085044 1.60069 0
0.0899316 1.60124 0
0.0948192 1.6018 0
0.0997067 1.60237 0
0.104594 1.60297 0
0.109482 1.60359 0
0.114369 1.60423 0
0.119257 1.60489 0
0.124145 1.60557 0
0.129032 1.60626 0
0.13392 1.60696 0
0.138808 1.60763 0
0.143695 1.60827 0
0.148583 1.60882 0
0.15347 1.60928 0
0.158358 1.60964 0
0.163245 1.60991 0
0.168133 1.61013 0
0.173021 1.61035 0
0.177908 1.61059 0
0.182796 1.61087 0
0.187683 1.61123 0
0.192571 1.61168 0
0.197459 1.61229 0
0.202346 1.61309 0
0.207234 1.61409 0
0.212121 1.61531 0
0.217009 1.61671 0
0.221896 1.61826 0
0.226784 1.61995 0
0.231672 1.62176 0
0.236559 1.62368 0
0.241447 1.62572 0
0.246334 1.62787 0
0.251222 1.63014 0
0.256109 1.63256 0
0.260997 1.63513 0
0.265885 1.6379 0
0.270772 1.64091 0
0.27566 1.64422 0
0.280547 1.64787 0
0.285435 1.6519 0
0.290323 1.6563 0
0.29521 1.66101 0
0.300098 1.66586 0
0.304985 1.67053 0
0.309873 1.67446 0
0.31476 1.67689 0
0.319648 1.67695 0
0.324536 1.67412 0
0.329423 1.66873 0
0.334311 1.66204 0
0.339198 1.65561 0
0.344086 1.65045 0
0.348974 1.64677 0
0.353861 1.64433 0
0.358749 1.64281 0
0.363636 1.64198 0
0.368524 1.64167 0
0.373412 1.6418 0
0.378299 1.64225 0
0.383187 1.64293 0
0.388074 1.64378 0
0.392962 1.64472 0
0.397849 1.64569 0
0.402737 1.64665 0
0.407625 1.64754 0
0.412512 1.64834 0
0.4174 1.649 0
0.422287 1.6495 0
0.427175 1.64983 0
0.432063 1.64998 0
0.43695 1.64996 0
0.441838 1.64982 0
0.446725 1.64962 0
0.451613 1.64942 0
0.4565 1.64928 0
0.461388 1.64921 0
0.466276 1.64921 0
0.471163 1.64924 0
0.476051 1.6493 0
0.480938 1.64937 0
0.485826 1.64943 0
0.490714 1.64949 0
0.495601 1.64954 0
0.500489 1.64958 0
0.505376 1.6496 0
0.510264 1.64962 0
0.515152 1.64963 0
0.520039 1.64963 0
0.524927 1.64963 0
0.529814 1.64962 0
0.534702 1.6496 0
0.539589 1.64957 0
0.544477 1.64953 0
0.549365 1.64946 0
0.554252 1.64936 0
0.55914 1.64924 0
0.564027 1.64909 0
0.568915 1.64893 0
0.573803 1.64877 0
0.57869 1.64861 0
0.583578 1.64846 0
0.588465 1.64832 0
0.593353 1.64818 0
0.59824 1.64805 0
0.603128 1.64792 0
0.608016 1.64779 0
0.612903 1.64766 0
0.617791 1.64754 0
0.622678 1.64741 0
0.627566 1.64729 0
0.632454 1.64716 0
0.637341 1.64704 0
0.642229 1.64691 0
0.647116 1.64679 0
0.652004 1.64666 0
0.656892 1.64653 0
0.661779 1.64641 0
0.666667 1.64628 0
0.671554 1.64615 0
0.676442 1.64602 0
0.681329 1.64588 0
0.686217 1.64575 0
0.691105 1.64561 0
0.695992 1.64547 0
0.70088 1.64533 0
0.705767 1.64518 0
0.710655 1.64504 0
0.715543 1.64489 0
0.72043 1.64475 0
0.725318 1.6446 0
0.730205 1.64445 0
0.735093 1.6443 0
0.73998 1.64414 0
0.744868 1.64398 0
0.749756 1.64383 0
0.754643 1.64366 0
0.759531 1.6435 0
0.764418 1.64333 0
0.769306 1.64316 0
0.774194 1.64299 0
0.779081 1.64282 0
0.783969 1.64264 0
0.788856 1.64246 0
0.793744 1.64227 0
0.798632 1.64208 0
0.803519 1.64189 0
0.808407 1.6417 0
0.813294 1.6415 0
0.818182 1.64129 0
0.823069 1.64108 0
0.827957 1.64087 0
0.832845 1.64065 0
0.837732 1.64042 0
0.84262 1.64019 0
0.847507 1.63996 0
0.852395 1.63972 0
0.857283 1.63947 0
0.86217 1.63921 0
0.867058 1.63895 0
0.871945 1.63867 0
0.876833 1.63839 0
0.88172 1.6381 0
0.886608 1.6378 0
0.891496 1.63749 0
0.896383 1.63717 0
0.901271 1.63684 0
0.906158 1.63649 0
0.911046 1.63613 0
0.915933 1.63575 0
0.920821 1.63536 0
0.925709 1.63494 0
0.930596 1.63451 0
0.935484 1.63406 0
0.940371 1.63358 0
0.945259 1.63307 0
0.950147 1.63254 0
0.955034 1.63199 0
0.959922 1.63139 0
0.964809 1.63077 0
0.969697 1.6301 0
0.974585 1.6294 0
0.979472 1.62867 0
0.98436 1.62792 0
0.989247 1.62715 0
0.994135 1.62639 0
0.999022 1.62564 0
1.00391 1.62489 0
1.0088 1.62411 0
1.01369 1.62325 0
1.01857 1.62227 0
1.02346 1.62116 0
1.02835 1.61995 0
1.03324 1.61865 0
1.03812 1.61727 0
1.04301 1.61576 0
1.0479 1.61403 0
1.05279 1.61203 0
1.05767 1.60973 0
1.06256 1.60716 0
1.06745 1.60436 0
1.07234 1.60138 0
1.07722 1.5983 0
1.08211 1.59521 0
1.087 1.59229 0
1.09189 1.58987 0
1.09677 1.58852 0
1.10166 1.58899 0
1.10655 1.59226 0
1.11144 1.59929 0
1.11632 1.61058 0
1.12121 1.62546 0
1.1261 1.64184 0
1.13099 1.65687 0
1.13587 1.66835 0
1.14076 1.67545 0
1.14565 1.67863 0
1.15054 1.67891 0
1.15543 1.67733 0
1.16031 1.67476 0
1.1652 1.67184 0
1.17009 1.66891 0
1.17498 1.66616 0
1.17986 1.66363 0
1.18475 1.66129 0
1.18964 1.6591 0
1.19453 1.65704 0
1.19941 1.65509 0
1.2043 1.65325 0
1.20919 1.65153 0
1.21408 1.64994 0
1.21896 1.64849 0
1.22385 1.64717 0
1.22874 1.64598 0
1.23363 1.64493 0
1.23851 1.64402 0
1.2434 1.64325 0
1.24829 1.64261 0
1.25318 1.64208 0
1.25806 1.64161 0
1.26295 1.64118 0
1.26784 1.64076 0
1.27273 1.64031 0
1.27761 1.63986 0
1.2825 1.63939 0
1.28739 1.63891 0
1.29228 1.63844 0
1.29717 1.63798 0
1.30205 1.63754 0
1.30694 1.63711 0
1.31183 1.6367 0
1.31672 1.6363 0
1.3216 1.63592 0
1.32649 1.63555 0
1.33138 1.6352 0
1.33627 1.63486 0
1.34115 1.63452 0
1.34604 1.6342 0
1.35093 1.63389 0
1.35582 1.63359 0
1.3607 1.63332 0
1.36559 1.63308 0
1.37048 1.63289 0
1.37537 1.63275 0
1.38025 1.63268 0
1.38514 1.63266 0
1.39003 1.63268 0
1.39492 1.63272 0
1.3998 1.63273 0
1.40469 1.63271 0
1.40958 1.63264 0
1.41447 1.63251 0
1.41935 1.63235 0
1.42424 1.63215 0
1.42913 1.63193 0
1.43402 1.6317 0
1.43891 1.63147 0
1.44379 1.63123 0
1.44868 1.631 0
1.45357 1.63078 0
1.45846 1.63055 0
1.46334 1.63033 0
1.46823 1.63011 0
1.47312 1.62989 0
1.47801 1.62967 0
1.48289 1.62945 0
1.48778 1.62922 0
1.49267 1.629 0
1.49756 1.62877 0
1.50244 1.62855 0
1.50733 1.62832 0
1.51222 1.6281 0
1.51711 1.62789 0
1.52199 1.62771 0
1.52688 1.62755 0
1.53177 1.62744 0
1.53666 1.62736 0
1.54154 1.6273 0
1.54643 1.62721 0
1.55132 1.62708 0
1.55621 1.62688 0
1.56109 1.62661 0
1.56598 1.62625 0
1.57087 1.62581 0
1.57576 1.6253 0
1.58065 1.62473 0
1.58553 1.62415 0
1.59042 1.62365 0
1.59531 1.62334 0
1.6002 1.62327 0
1.60508 1.62325 0
1.60997 1.62279 0
1.61486 1.6213 0
1.61975 1.61827 0
1.62463 1.61359 0
1.62952 1.60749 0
1.63441 1.60047 0
1.6393 1.59312 0
1.64418 1.58591 0
1.64907 1.57913 0
1.65396 1.57293 0
1.65885 1.56737 0
1.66373 1.56248 0
1.66862 1.55822 0
1.67351 1.55446 0
1.6784 1.55088 0
1.68328 1.54703 0
1.68817 1.54256 0
1.69306 1.53752 0
1.69795 1.53237 0
1.70283 1.52777 0
1.70772 1.52408 0
1.71261 1.52114 0
1.7175 1.51836 0
1.72239 1.51501 0
1.72727 1.51055 0
1.73216 1.50489 0
1.73705 1.49839 0
1.74194 1.49165 0
1.74682 1.48522 0
1.75171 1.47939 0
1.7566 1.47411 0
1.76149 1.4692 0
1.76637 1.46449 0
1.77126 1.45988 0
1.77615 1.45523 0
1.78104 1.45049 0
1.78592 1.44582 0
1.79081 1.44151 0
1.7957 1.43783 0
1.80059 1.43499 0
1.80547 1.43313 0
1.81036 1.43224 0
1.81525 1.43213 0
1.82014 1.43234 0
1.82502 1.4323 0
1.82991 1.43156 0
1.8348 1.42984 0
1.83969 1.42704 0
1.84457 1.42298 0
1.84946 1.41716 0
1.85435 1.4089 0
1.85924 1.39774 0
1.86413 1.38388 0
1.86901 1.36825 0
1.8739 1.35231 0
1.87879 1.33745 0
1.88368 1.32457 0
1.88856 1.31395 0
1.89345 1.30544 0
1.89834 1.29868 0
1.90323 1.29332 0
1.90811 1.28911 0
1.913 1.28603 0
1.91789 1.28383 0
1.92278 1.28151 0
1.92766 1.27724 0
1.93255 1.26924 0
1.93744 1.25671 0
1.94233 1.24008 0
1.94721 1.22048 0
1.9521 1.1991 0
1.95699 1.17688 0
1.96188 1.15456 0
1.96676 1.13277 0
1.97165 1.11205 0
1.97654 1.09277 0
1.98143 1.07494 0
1.98631 1.05806 0
1.9912 1.04142 0
1.99609 1.02455 0
2.00098 1.00745 0
2.00587 0.990094 0
2.01075 0.971992 0
2.01564 0.952208 0
2.02053 0.929801 0
2.02542 0.904216 0
2.0303 0.875374 0
2.03519 0.843581 0
2.04008 0.8095 0
2.04497 0.774215 0
2.04985 0.739204 0
2.05474 0.705954 0
2.05963 0.675266 0
2.06452 0.646795 0
2.0694 0.619345 0
2.07429 0.591693 0
2.07918 0.563256 0
2.08407 0.53427 0
2.08895 0.505464 0
2.09384 0.477631 0
2.09873 0.451581 0
2.10362 0.428533 0
2.1085 0.410306 0
2.11339 0.398983 0
2.11828 0.396526 0
2.12317 0.404886 0
2.12805 0.426261 0
2.13294 0.46277 0
2.13783 0.51535 0
2.14272 0.582541 0
2.1476 0.659944 0
2.15249 0.740698 0
2.15738 0.816935 0
2.16227 0.882002 0
2.16716 0.932472 0
2.17204 0.968551 0
2.17693 0.992834 0
2.18182 1.00885 0
2.18671 1.02016 0
2.19159 1.02984 0
2.19648 1.04009 0
2.20137 1.05227 0
2.20626 1.06688 0
2.21114 1.08325 0
2.21603 1.09944 0
2.22092 1.11304 0
2.22581 1.12274 0
2.23069 1.12933 0
2.23558 1.13516 0
2.24047 1.1425 0
2.24536 1.15218 0
2.25024 1.16364 0
2.25513 1.17596 0
2.26002 1.18858 0
2.26491 1.20116 0
2.26979 1.21308 0
2.27468 1.2236 0
2.27957 1.23249 0
2.28446 1.24017 0
2.28935 1.24713 0
2.29423 1.25319 0
2.29912 1.25787 0
2.30401 1.26117 0
2.3089 1.26394 0
2.31378 1.26743 0
2.31867 1.27286 0
2.32356 1.28123 0
2.32845 1.29336 0
2.33333 1.3094 0
2.33822 1.32823 0
2.34311 1.34735 0
2.348 1.3635 0
2.35288 1.37377 0
2.35777 1.37662 0
2.36266 1.37262 0
2.36755 1.36435 0
2.37243 1.35538 0
2.37732 1.34896 0
2.38221 1.34715 0
2.3871 1.35083 0
2.39198 1.35999 0
2.39687 1.37401 0
2.40176 1.39167 0
2.40665 1.41107 0
2.41153 1.42998 0
2.41642 1.44642 0
2.42131 1.45913 0
2.4262 1.4677 0
2.43109 1.47226 0
2.43597 1.47301 0
2.44086 1.47015 0
2.44575 1.46421 0
2.45064 1.45635 0
2.45552 1.44815 0
2.46041 1.44079 0
2.4653 1.43436 0
2.47019 1.42806 0
2.47507 1.42133 0
2.47996 1.41501 0
2.48485 1.41117 0
2.48974 1.41156 0
2.49462 1.41596 0
2.49951 1.42212 0
2.5044 1.42728 0
2.50929 1.42976 0
2.51417 1.42941 0
2.51906 1.42703 0
2.52395 1.42389 0
2.52884 1.42135 0
2.53372 1.4205 0
2.53861 1.42169 0
2.5435 1.42411 0
2.54839 1.42593 0
2.55327 1.42522 0
2.55816 1.4211 0
2.56305 1.41431 0
2.56794 1.4067 0
2.57282 1.39973 0
2.57771 1.39366 0
2.5826 1.38778 0
2.58749 1.38153 0
2.59238 1.37497 0
2.59726 1.36854 0
2.60215 1.3625 0
2.60704 1.35672 0
2.61193 1.35101 0
2.61681 1.34555 0
2.6217 1.34101 0
2.62659 1.33842 0
2.63148 1.33898 0
2.63636 1.34363 0
2.64125 1.35263 0
2.64614 1.36515 0
2.65103 1.37935 0
2.65591 1.39276 0
2.6608 1.40284 0
2.66569 1.40758 0
2.67058 1.40623 0
2.67546 1.39958 0
2.68035 1.38946 0
2.68524 1.37801 0
2.69013 1.36702 0
2.69501 1.35774 0
2.6999 1.35063 0
2.70479 1.34535 0
2.70968 1.34105 0
2.71457 1.3368 0
2.71945 1.33204 0
2.72434 1.32693 0
2.72923 1.32217 0
2.73412 1.31827 0
2.739 1.31472 0
2.74389 1.30971 0
2.74878 1.30062 0
2.75367 1.28479 0
2.75855 1.25977 0
2.76344 1.22328 0
2.76833 1.17357 0
2.77322 1.11048 0
2.7781 1.03623 0
2.78299 0.955034 0
2.78788 0.871318 0
2.79277 0.788073 0
2.79765 0.706451 0
2.80254 0.626559 0
2.80743 0.548283 0
2.81232 0.471349 0
2.8172 0.394823 0
2.82209 0.316712 0
2.82698 0.23409 0
2.83187 0.143636 0
2.83675 0.0421536 0
2.84164 -0.0732709 0
2.84653 -0.205309 0
2.85142 -0.356238 0
2.8563 -0.527445 0
2.86119 -0.718748 0
2.86608 -0.927739 0
2.87097 -1.14939 0
2.87586 -1.37621 0
2.88074 -1.59904 0
2.88563 -1.80859 0
2.89052 -1.99715 0
2.89541 -2.15989 0
2.90029 -2.29493 0
2.90518 -2.40231 0
2.91007 -2.48257 0
2.91496 -2.53569 0
2.91984 -2.56088 0
2.92473 -2.55702 0
2.92962 -2.52348 0
2.93451 -2.46124 0
2.93939 -2.37371 0
2.94428 -2.26672 0
2.94917 -2.14748 0
2.95406 -2.02303 0
2.95894 -1.89897 0
2.96383 -1.77907 0
2.96872 -1.66559 0
2.97361 -1.55974 0
2.97849 -1.46193 0
2.98338 -1.37171 0
2.98827 -1.28792 0
2.99316 -1.20897 0
2.99804 -1.13334 0
3.00293 -1.06003 0
3.00782 -0.988902 0
3.01271 -0.920602 0
3.0176 -0.855959 0
3.02248 -0.795169 0
3.02737 -0.737527 0
3.03226 -0.681934 0
3.03715 -0.627665 0
3.04203 -0.574752 0
3.04692 -0.523738 0
3.05181 -0.47513 0
3.0567 -0.428994 0
3.06158 -0.384865 0
3.06647 -0.341803 0
3.07136 -0.298605 0
3.07625 -0.254138 0
3.08113 -0.207616 0
3.08602 -0.158595 0
3.09091 -0.106706 0
3.0958 -0.0514838 0
3.10068 0.00749627 0
3.10557 0.0702326 0
3.11046 0.136039 0
3.11535 0.203615 0
3.12023 0.271336 0
3.12512 0.337548 0
3.13001 0.400707 0
3.1349 0.459368 0
3.13978 0.512219 0
3.14467 0.558403 0
3.14956 0.597973 0
3.15445 0.631989 0
3.15934 0.662001 0
3.16422 0.689308 0
3.16911 0.714589 0
3.174 0.738075 0
3.17889 0.759889 0
3.18377 0.780096 0
3.18866 0.798304 0
3.19355 0.81332 0
3.19844 0.823423 0
3.20332 0.827118 0
3.20821 0.823841 0
3.2131 0.814247 0
3.21799 0.800094 0
3.22287 0.783747 0
3.22776 0.767354 0
3.23265 0.752082 0
3.23754 0.73799 0
3.24242 0.724477 0
3.24731 0.710725 0
3.2522 0.695938 0
3.25709 0.679662 0
3.26197 0.662134 0
3.26686 0.644267 0
3.27175 0.627136 0
3.27664 0.611294 0
3.28153 0.596429 0
3.28641 0.581651 0
3.2913 0.566151 0
3.29619 0.549702 0
3.30108 0.532745 0
3.30596 0.516112 0
3.31085 0.500409 0
3.31574 0.485431 0
3.32063 0.470249 0
3.32551 0.453999 0
3.3304 0.436652 0
3.33529 0.418911 0
3.34018 0.401309 0
3.34506 0.383353 0
3.34995 0.363411 0
3.35484 0.339198 0
3.35973 0.308267 0
3.36461 0.268413 0
3.3695 0.218355 0
3.37439 0.158761 0
3.37928 0.0927235 0
3.38416 0.0248828 0
3.38905 -0.0403447 0
3.39394 -0.100072 0
3.39883 -0.153127 0
3.40371 -0.199622 0
3.4086 -0.240545 0
3.41349 -0.277491 0
3.41838 -0.312343 0
3.42326 -0.34691 0
3.42815 -0.382527 0
3.43304 -0.419515 0
3.43793 -0.456441 0
3.44282 -0.489553 0
3.4477 -0.5131 0
3.45259 -0.521005 0
3.45748 -0.509213 0
3.46237 -0.477258 0
3.46725 -0.428144 0
3.47214 -0.366997 0
3.47703 -0.299626 0
3.48192 -0.231984 0
3.4868 -0.169914 0
3.49169 -0.118017 0
3.49658 -0.07826 0
3.50147 -0.0499222 0
3.50635 -0.0307777 0
3.51124 -0.0183242 0
3.51613 -0.0104349 0
3.52102 -0.00553388 0
3.5259 -0.00253878 0
3.53079 -0.000739433 0
3.53568 0.000318707 0
3.54057 0.000921035 0
3.54545 0.00124439 0
3.55034 0.00139829 0
3.55523 0.00144966 0
3.56012 0.00144058 0
3.56501 0.00139516 0
3.56989 0.0013294 0
3.57478 0.00125223 0
3.57967 0.00116904 0
3.58456 0.00108314 0
3.58944 0.000996665 0
3.59433 0.000910665 0
3.59922 0.000826064 0
3.60411 0.000743056 0
3.60899 0.000661658 0
3.61388 0.000582174 0
3.61877 0.000504694 0
3.62366 0.000428867 0
3.62854 0.000354892 0
3.63343 0.000282538 0
3.63832 0.000211954 0
3.64321 0.00014304 0
3.64809 7.57524e-05 0
3.65298 1.01015e-05 0
3.65787 -5.39435e-05 0
3.66276 -0.000116523 0
3.66764 -0.000177797 0
3.67253 -0.000237892 0
3.67742 -0.000296996 0
3.68231 -0.000355265 0
3.68719 -0.000412835 0
3.69208 -0.000469789 0
3.69697 -0.00052618 0
3.70186 -0.000582016 0
3.70674 -0.000637279 0
3.71163 -0.000691936 0
3.71652 -0.00074597 0
3.72141 -0.000799386 0
3.7263 -0.00085223 0
3.73118 -0.000904573 0
3.73607 -0.000956481 0
3.74096 -0.00100798 0
3.74585 -0.00105905 0
3.75073 -0.0011096 0
3.75562 -0.00115955 0
3.76051 -0.0012088 0
3.7654 -0.00125733 0
3.77028 -0.00130515 0
3.77517 -0.00135237 0
3.78006 -0.00139908 0
3.78495 -0.00144539 0
3.78983 -0.00149137 0
3.79472 -0.00153706 0
3.79961 -0.00158247 0
3.8045 -0.00162762 0
3.80938 -0.00167248 0
3.81427 -0.00171704 0
3.81916 -0.00176132 0
3.82405 -0.00180531 0
3.82893 -0.00184901 0
3.83382 -0.00189241 0
3.83871 -0.00193554 0
3.8436 -0.00197844 0
3.84848 -0.00202123 0
3.85337 -0.00206402 0
3.85826 -0.00210699 0
3.86315 -0.00215033 0
3.86804 -0.0021942 0
3.87292 -0.00223873 0
3.87781 -0.00228401 0
3.8827 -0.00233005 0
3.88759 -0.00237683 0
3.89247 -0.00242403 0
3.89736 -0.00247217 0
3.90225 -0.00252097 0
3.90714 -0.00257045 0
3.91202 -0.00262071 0
3.91691 -0.00267154 0
3.9218 -0.00272328 0
3.92669 -0.00277566 0
3.93157 -0.00282869 0
3.93646 -0.00288205 0
3.94135 -0.0029357 0
3.94624 -0.0029887 0
3.95112 -0.00304057 0
3.95601 -0.00308997 0
3.9609 -0.00313557 0
3.96579 -0.00317503 0
3.97067 -0.00320659 0
3.97556 -0.00322973 0
3.98045 -0.00324522 0
3.98534 -0.00325486 0
3.99022 -0.00326042 0
3.99511 -0.00326383 0
4 -0.00326555 0
