-1 2.23877e-05 0
-0.995112 3.54339e-05 0
-0.990225 5.51847e-05 0
-0.985337 8.39907e-05 0
-0.98045 0.000123967 0
-0.975562 0.000176199 0
-0.970675 0.000240141 0
-0.965787 0.000313739 0
-0.960899 0.000394211 0
-0.956012 0.000478901 0
-0.951124 0.000565741 0
-0.946237 0.000653332 0
-0.941349 0.000740828 0
-0.936461 0.000827743 0
-0.931574 0.000913799 0
-0.926686 0.00099885 0
-0.921799 0.00108284 0
-0.916911 0.00116578 0
-0.912023 0.00124771 0
-0.907136 0.00132868 0
-0.902248 0.00140875 0
-0.897361 0.00148802 0
-0.892473 0.00156657 0
-0.887586 0.00164443 0
-0.882698 0.00172165 0
-0.87781 0.00179826 0
-0.872923 0.0018743 0
-0.868035 0.00194986 0
-0.863148 0.00202502 0
-0.85826 0.00209986 0
-0.853372 0.00217447 0
-0.848485 0.00224892 0
-0.843597 0.00232329 0
-0.83871 0.00239769 0
-0.833822 0.00247222 0
-0.828935 0.00254697 0
-0.824047 0.00262203 0
-0.819159 0.00269748 0
-0.814272 0.00277339 0
-0.809384 0.00284985 0
-0.804497 0.00292692 0
-0.799609 0.00300464 0
-0.794721 0.00308299 0
-0.789834 0.00316196 0
-0.784946 0.00324155 0
-0.780059 0.00332178 0
-0.775171 0.00340271 0
-0.770283 0.00348438 0
-0.765396 0.00356684 0
-0.760508 0.00365012 0
-0.755621 0.00373421 0
-0.750733 0.00381913 0
-0.745845 0.00390488 0
-0.740958 0.0039915 0
-0.73607 0.00407903 0
-0.731183 0.00416754 0
-0.726295 0.0042571 0
-0.721408 0.00434778 0
-0.71652 0.00443967 0
-0.711632 0.00453282 0
-0.706745 0.00462731 0
-0.701857 0.00472319 0
-0.69697 0.00482053 0
-0.692082 0.00491939 0
-0.687195 0.00501983 0
-0.682307 0.00512188 0
-0.677419 0.00522558 0
-0.672532 0.00533101 0
-0.667644 0.00543821 0
-0.662757 0.00554725 0
-0.657869 0.00565818 0
-0.652981 0.00577103 0
-0.648094 0.00588583 0
-0.643206 0.00600264 0
-0.638319 0.00612151 0
-0.633431 0.00624257 0
-0.628544 0.00636593 0
-0.623656 0.00649177 0
-0.618768 0.00662025 0
-0.613881 0.00675156 0
-0.608993 0.00688592 0
-0.604106 0.00702352 0
-0.599218 0.00716452 0
-0.59433 0.00730911 0
-0.589443 0.00745741 0
-0.584555 0.00760954 0
-0.579668 0.00776558 0
-0.57478 0.00792564 0
-0.569892 0.00808982 0
-0.565005 0.00825826 0
-0.560117 0.00843117 0
-0.55523 0.00860877 0
-0.550342 0.00879133 0
-0.545455 0.00897913 0
-0.540567 0.0091725 0
-0.535679 0.00937179 0
-0.530792 0.00957733 0
-0.525904 0.00978949 0
-0.521017 0.0100086 0
-0.516129 0.0102351 0
-0.511241 0.0104694 0
-0.506354 0.0107118 0
-0.501466 0.010963 0
-0.496579 0.0112236 0
-0.491691 0.0114941 0
-0.486804 0.0117754 0
-0.481916 0.0120681 0
-0.477028 0.0123731 0
-0.472141 0.0126909 0
-0.467253 0.0130222 0
-0.462366 0.0133674 0
-0.457478 0.0137266 0
-0.45259 0.0140993 0
-0.447703 0.0144839 0
-0.442815 0.0148766 0
-0.437928 0.0152707 0
-0.43304 0.0156542 0
-0.428152 0.0160087 0
-0.423265 0.0163074 0
-0.418377 0.016519 0
-0.41349 0.016619 0
-0.408602 0.0166097 0
-0.403715 0.0165353 0
-0.398827 0.0164719 0
-0.393939 0.0164959 0
-0.389052 0.0166542 0
-0.384164 0.0169524 0
-0.379277 0.0173612 0
-0.374389 0.017845 0
-0.369501 0.0184257 0
-0.364614 0.0192812 0
-0.359726 0.0208273 0
-0.354839 0.02373 0
-0.349951 0.0288656 0
-0.345064 0.0373037 0
-0.340176 0.0503243 0
-0.335288 0.0693476 0
-0.330401 0.0956426 0
-0.325513 0.129822 0
-0.320626 0.171353 0
-0.315738 0.218421 0
-0.310851 0.26834 0
-0.305963 0.318396 0
-0.301075 0.366616 0
-0.296188 0.41203 0
-0.2913 0.454463 0
-0.286413 0.494124 0
-0.281525 0.531164 0
-0.276637 0.565377 0
-0.27175 0.596277 0
-0.266862 0.623535 0
-0.261975 0.647341 0
-0.257087 0.668383 0
-0.252199 0.68755 0
-0.247312 0.705615 0
-0.242424 0.723097 0
-0.237537 0.740347 0
-0.232649 0.757796 0
-0.227761 0.776063 0
-0.222874 0.795813 0
-0.217986 0.817519 0
-0.213099 0.841446 0
-0.208211 0.867918 0
-0.203324 0.897584 0
-0.198436 0.931304 0
-0.193548 0.969691 0
-0.188661 1.01261 0
-0.183773 1.05884 0
-0.178886 1.10598 0
-0.173998 1.15088 0
-0.16911 1.19045 0
-0.164223 1.22255 0
-0.159335 1.24653 0
-0.154448 1.26322 0
-0.14956 1.27438 0
-0.144672 1.28203 0
-0.139785 1.28786 0
-0.134897 1.29306 0
-0.13001 1.2985 0
-0.125122 1.30497 0
-0.120235 1.31331 0
-0.115347 1.32428 0
-0.110459 1.33805 0
-0.105572 1.35401 0
-0.100684 1.3711 0
-0.0957966 1.38843 0
-0.0909091 1.40573 0
-0.0860215 1.4233 0
-0.0811339 1.44172 0
-0.0762463 1.46138 0
-0.0713587 1.48231 0
-0.0664712 1.50425 0
-0.0615836 1.52685 0
-0.056696 1.54974 0
-0.0518084 1.57271 0
-0.0469208 1.59564 0
-0.0420333 1.61854 0
-0.0371457 1.64159 0
-0.0322581 1.66508 0
-0.0273705 1.68929 0
-0.0224829 1.71437 0
-0.0175954 1.74019 0
-0.0127078 1.76634 0
-0.00782019 1.79222 0
-0.00293261 1.81719 0
0.00195497 1.84079 0
0.00684255 1.86281 0
0.0117301 1.88326 0
0.0166177 1.90229 0
0.0215053 1.91995 0
0.0263929 1.93609 0
0.0312805 1.95044 0
0.036168 1.96268 0
0.0410556 1.9727 0
0.0459432 1.98065 0
0.0508308 1.98684 0
0.0557185 1.9917 0
0.0606061 1.99559 0
0.0654937 1.99881 0
0.0703813 2.00153 0
0.0752688 2.00387 0
0.0801564 2.00587 0
0.085044 2.00754 0
0.0899316 2.0089 0
0.0948192 2.01003 0
0.0997067 2.01099 0
0.104594 2.01192 0
0.109482 2.01289 0
0.114369 2.01395 0
0.119257 2.01515 0
0.124145 2.01651 0
0.129032 2.01806 0
0.13392 2.01982 0
0.138808 2.02178 0
0.143695 2.02387 0
0.148583 2.02604 0
0.15347 2.02822 0
0.158358 2.03037 0
0.163245 2.03246 0
0.168133 2.03455 0
0.173021 2.03671 0
0.177908 2.03903 0
0.182796 2.04158 0
0.187683 2.04443 0
0.192571 2.04761 0
0.197459 2.05114 0
0.202346 2.05503 0
0.207234 2.05929 0
0.212121 2.06395 0
0.217009 2.06903 0
0.221896 2.07455 0
0.226784 2.08055 0
0.231672 2.08702 0
0.236559 2.09397 0
0.241447 2.10137 0
0.246334 2.10917 0
0.251222 2.11722 0
0.256109 2.12531 0
0.260997 2.13309 0
0.265885 2.14002 0
0.270772 2.14544 0
0.27566 2.1487 0
0.280547 2.14954 0
0.285435 2.14828 0
0.290323 2.14564 0
0.29521 2.14237 0
0.300098 2.13899 0
0.304985 2.13583 0
0.309873 2.13313 0
0.31476 2.131 0
0.319648 2.1295 0
0.324536 2.12859 0
0.329423 2.12818 0
0.334311 2.12815 0
0.339198 2.12839 0
0.344086 2.12876 0
0.348974 2.12916 0
0.353861 2.1295 0
0.358749 2.12971 0
0.363636 2.12977 0
0.368524 2.12972 0
0.373412 2.1296 0
0.378299 2.12949 0
0.383187 2.12944 0
0.388074 2.12946 0
0.392962 2.12953 0
0.397849 2.12962 0
0.402737 2.12966 0
0.407625 2.12964 0
0.412512 2.12955 0
0.4174 2.12943 0
0.422287 2.1293 0
0.427175 2.12917 0
0.432063 2.12904 0
0.43695 2.1289 0
0.441838 2.12876 0
0.446725 2.12861 0
0.451613 2.12843 0
0.4565 2.12821 0
0.461388 2.12793 0
0.466276 2.12761 0
0.471163 2.12726 0
0.476051 2.12692 0
0.480938 2.12658 0
0.485826 2.12625 0
0.490714 2.12594 0
0.495601 2.12565 0
0.500489 2.12536 0
0.505376 2.12507 0
0.510264 2.12479 0
0.515152 2.12452 0
0.520039 2.12425 0
0.524927 2.12399 0
0.529814 2.12374 0
0.534702 2.12349 0
0.539589 2.12324 0
0.544477 2.123 0
0.549365 2.12275 0
0.554252 2.1225 0
0.55914 2.12224 0
0.564027 2.12199 0
0.568915 2.12174 0
0.573803 2.12148 0
0.57869 2.12123 0
0.583578 2.12097 0
0.588465 2.12072 0
0.593353 2.12046 0
0.59824 2.12021 0
0.603128 2.11995 0
0.608016 2.11969 0
0.612903 2.11944 0
0.617791 2.11918 0
0.622678 2.11892 0
0.627566 2.11865 0
0.632454 2.11838 0
0.637341 2.11812 0
0.642229 2.11784 0
0.647116 2.11757 0
0.652004 2.11729 0
0.656892 2.11701 0
0.661779 2.11673 0
0.666667 2.11644 0
0.671554 2.11615 0
0.676442 2.11585 0
0.681329 2.11555 0
0.686217 2.11524 0
0.691105 2.11493 0
0.695992 2.1146 0
0.70088 2.11428 0
0.705767 2.11395 0
0.710655 2.1136 0
0.715543 2.11325 0
0.72043 2.11289 0
0.725318 2.11252 0
0.730205 2.11214 0
0.735093 2.11175 0
0.73998 2.11134 0
0.744868 2.11092 0
0.749756 2.11048 0
0.754643 2.11003 0
0.759531 2.10956 0
0.764418 2.10907 0
0.769306 2.10855 0
0.774194 2.10802 0
0.779081 2.10745 0
0.783969 2.10687 0
0.788856 2.10625 0
0.793744 2.1056 0
0.798632 2.10493 0
0.803519 2.10423 0
0.808407 2.10351 0
0.813294 2.10277 0
0.818182 2.10202 0
0.823069 2.10126 0
0.827957 2.10049 0
0.832845 2.09968 0
0.837732 2.0988 0
0.84262 2.09786 0
0.847507 2.09688 0
0.852395 2.09588 0
0.857283 2.09485 0
0.86217 2.09376 0
0.867058 2.09254 0
0.871945 2.09116 0
0.876833 2.08962 0
0.88172 2.08796 0
0.886608 2.08624 0
0.891496 2.08452 0
0.896383 2.08287 0
0.901271 2.08135 0
0.906158 2.08001 0
0.911046 2.07898 0
0.915933 2.07843 0
0.920821 2.07868 0
0.925709 2.08012 0
0.930596 2.08314 0
0.935484 2.08807 0
0.940371 2.09486 0
0.945259 2.10288 0
0.950147 2.11101 0
0.955034 2.11809 0
0.959922 2.12343 0
0.964809 2.12694 0
0.969697 2.12888 0
0.974585 2.12964 0
0.979472 2.12959 0
0.98436 2.12902 0
0.989247 2.12815 0
0.994135 2.12708 0
0.999022 2.1259 0
1.00391 2.1247 0
1.0088 2.12358 0
1.01369 2.12262 0
1.01857 2.12183 0
1.02346 2.12114 0
1.02835 2.12046 0
1.03324 2.11971 0
1.03812 2.11886 0
1.04301 2.11791 0
1.0479 2.1169 0
1.05279 2.11587 0
1.05767 2.11482 0
1.06256 2.11378 0
1.06745 2.11274 0
1.07234 2.11171 0
1.07722 2.11069 0
1.08211 2.10967 0
1.087 2.10864 0
1.09189 2.1076 0
1.09677 2.10654 0
1.10166 2.10545 0
1.10655 2.1043 0
1.11144 2.10302 0
1.11632 2.10151 0
1.12121 2.09964 0
1.1261 2.09726 0
1.13099 2.09426 0
1.13587 2.09063 0
1.14076 2.0865 0
1.14565 2.08217 0
1.15054 2.07808 0
1.15543 2.07474 0
1.16031 2.0727 0
1.1652 2.0725 0
1.17009 2.07451 0
1.17498 2.07884 0
1.17986 2.08523 0
1.18475 2.09323 0
1.18964 2.10226 0
1.19453 2.11165 0
1.19941 2.1207 0
1.2043 2.12872 0
1.20919 2.13522 0
1.21408 2.14004 0
1.21896 2.1435 0
1.22385 2.14631 0
1.22874 2.14937 0
1.23363 2.15351 0
1.23851 2.15925 0
1.2434 2.16678 0
1.24829 2.17578 0
1.25318 2.18542 0
1.25806 2.19439 0
1.26295 2.20125 0
1.26784 2.20483 0
1.27273 2.20469 0
1.27761 2.2013 0
1.2825 2.1959 0
1.28739 2.19 0
1.29228 2.18474 0
1.29717 2.18035 0
1.30205 2.17614 0
1.30694 2.17096 0
1.31183 2.16394 0
1.31672 2.1548 0
1.3216 2.14377 0
1.32649 2.13119 0
1.33138 2.11725 0
1.33627 2.10181 0
1.34115 2.08445 0
1.34604 2.06459 0
1.35093 2.04178 0
1.35582 2.01581 0
1.3607 1.98668 0
1.36559 1.95455 0
1.37048 1.91979 0
1.37537 1.88317 0
1.38025 1.84577 0
1.38514 1.80865 0
1.39003 1.77268 0
1.39492 1.73882 0
1.3998 1.70846 0
1.40469 1.68366 0
1.40958 1.66677 0
1.41447 1.65954 0
1.41935 1.66214 0
1.42424 1.67289 0
1.42913 1.68889 0
1.43402 1.70694 0
1.43891 1.72429 0
1.44379 1.73899 0
1.44868 1.74981 0
1.45357 1.75616 0
1.45846 1.75812 0
1.46334 1.75658 0
1.46823 1.75314 0
1.47312 1.74965 0
1.47801 1.74743 0
1.48289 1.74688 0
1.48778 1.74757 0
1.49267 1.74892 0
1.49756 1.75083 0
1.50244 1.75396 0
1.50733 1.75919 0
1.51222 1.76672 0
1.51711 1.77557 0
1.52199 1.78417 0
1.52688 1.79169 0
1.53177 1.79872 0
1.53666 1.80698 0
1.54154 1.81823 0
1.54643 1.83319 0
1.55132 1.85112 0
1.55621 1.8701 0
1.56109 1.88765 0
1.56598 1.90135 0
1.57087 1.90934 0
1.57576 1.91079 0
1.58065 1.90629 0
1.58553 1.89797 0
1.59042 1.88918 0
1.59531 1.88351 0
1.6002 1.88374 0
1.60508 1.89086 0
1.60997 1.90391 0
1.61486 1.92041 0
1.61975 1.93729 0
1.62463 1.95173 0
1.62952 1.96185 0
1.63441 1.96692 0
1.6393 1.96737 0
1.64418 1.96454 0
1.64907 1.96034 0
1.65396 1.95677 0
1.65885 1.95537 0
1.66373 1.95683 0
1.66862 1.96093 0
1.67351 1.9667 0
1.6784 1.97281 0
1.68328 1.97798 0
1.68817 1.98133 0
1.69306 1.98272 0
1.69795 1.98269 0
1.70283 1.98222 0
1.70772 1.98234 0
1.71261 1.98404 0
1.7175 1.98817 0
1.72239 1.99543 0
1.72727 2.00601 0
1.73216 2.01929 0
1.73705 2.03376 0
1.74194 2.04752 0
1.74682 2.0591 0
1.75171 2.06785 0
1.7566 2.07369 0
1.76149 2.0765 0
1.76637 2.07579 0
1.77126 2.07128 0
1.77615 2.06362 0
1.78104 2.05471 0
1.78592 2.04709 0
1.79081 2.04282 0
1.7957 2.04243 0
1.80059 2.04471 0
1.80547 2.04731 0
1.81036 2.04795 0
1.81525 2.04553 0
1.82014 2.04051 0
1.82502 2.03447 0
1.82991 2.02922 0
1.8348 2.02592 0
1.83969 2.0247 0
1.84457 2.02518 0
1.84946 2.02712 0
1.85435 2.03077 0
1.85924 2.03663 0
1.86413 2.04518 0
1.86901 2.05678 0
1.8739 2.07132 0
1.87879 2.08781 0
1.88368 2.10431 0
1.88856 2.11844 0
1.89345 2.12825 0
1.89834 2.13302 0
1.90323 2.1334 0
1.90811 2.13104 0
1.913 2.12815 0
1.91789 2.12689 0
1.92278 2.12883 0
1.92766 2.13451 0
1.93255 2.14335 0
1.93744 2.15395 0
1.94233 2.16464 0
1.94721 2.1739 0
1.9521 2.18047 0
1.95699 2.18358 0
1.96188 2.18331 0
1.96676 2.18061 0
1.97165 2.17701 0
1.97654 2.17428 0
1.98143 2.17411 0
1.98631 2.17759 0
1.9912 2.18448 0
1.99609 2.19301 0
2.00098 2.2006 0
2.00587 2.20528 0
2.01075 2.20661 0
2.01564 2.20556 0
2.02053 2.20365 0
2.02542 2.20216 0
2.0303 2.20183 0
2.03519 2.20276 0
2.04008 2.20439 0
2.04497 2.20559 0
2.04985 2.20532 0
2.05474 2.20335 0
2.05963 2.20033 0
2.06452 2.19726 0
2.0694 2.19473 0
2.07429 2.19281 0
2.07918 2.19144 0
2.08407 2.19085 0
2.08895 2.19148 0
2.09384 2.19346 0
2.09873 2.19626 0
2.10362 2.19883 0
2.1085 2.20028 0
2.11339 2.20017 0
2.11828 2.1987 0
2.12317 2.19667 0
2.12805 2.19529 0
2.13294 2.19571 0
2.13783 2.19858 0
2.14272 2.2036 0
2.1476 2.20951 0
2.15249 2.21466 0
2.15738 2.21811 0
2.16227 2.22011 0
2.16716 2.22165 0
2.17204 2.22339 0
2.17693 2.22517 0
2.18182 2.22624 0
2.18671 2.22601 0
2.19159 2.22432 0
2.19648 2.22138 0
2.20137 2.21762 0
2.20626 2.21375 0
2.21114 2.21062 0
2.21603 2.20897 0
2.22092 2.20921 0
2.22581 2.21133 0
2.23069 2.21498 0
2.23558 2.21959 0
2.24047 2.2244 0
2.24536 2.22848 0
2.25024 2.23115 0
2.25513 2.23256 0
2.26002 2.23387 0
2.26491 2.23643 0
2.26979 2.24052 0
2.27468 2.24492 0
2.27957 2.24772 0
2.28446 2.24744 0
2.28935 2.24381 0
2.29423 2.23773 0
2.29912 2.23097 0
2.30401 2.22561 0
2.3089 2.22353 0
2.31378 2.22572 0
2.31867 2.23174 0
2.32356 2.23977 0
2.32845 2.24744 0
2.33333 2.25304 0
2.33822 2.25627 0
2.34311 2.25778 0
2.348 2.25843 0
2.35288 2.25891 0
2.35777 2.25983 0
2.36266 2.2617 0
2.36755 2.26491 0
2.37243 2.26973 0
2.37732 2.27619 0
2.38221 2.28383 0
2.3871 2.29171 0
2.39198 2.29864 0
2.39687 2.30342 0
2.40176 2.30496 0
2.40665 2.30244 0
2.41153 2.29534 0
2.41642 2.28337 0
2.42131 2.26593 0
2.4262 2.24187 0
2.43109 2.20971 0
2.43597 2.16857 0
2.44086 2.11909 0
2.44575 2.0638 0
2.45064 2.00624 0
2.45552 1.94988 0
2.46041 1.89716 0
2.4653 1.84927 0
2.47019 1.80632 0
2.47507 1.76743 0
2.47996 1.73084 0
2.48485 1.69411 0
2.48974 1.65438 0
2.49462 1.60879 0
2.49951 1.55484 0
2.5044 1.49078 0
2.50929 1.41561 0
2.51417 1.32901 0
2.51906 1.23154 0
2.52395 1.12515 0
2.52884 1.01356 0
2.53372 0.901742 0
2.53861 0.794614 0
2.5435 0.695678 0
2.54839 0.606363 0
2.55327 0.526292 0
2.55816 0.454216 0
2.56305 0.388781 0
2.56794 0.328774 0
2.57282 0.273115 0
2.57771 0.220894 0
2.5826 0.171482 0
2.58749 0.124606 0
2.59238 0.0802182 0
2.59726 0.0380416 0
2.60215 -0.00290026 0
2.60704 -0.0442576 0
2.61193 -0.0875835 0
2.61681 -0.133458 0
2.6217 -0.181249 0
2.62659 -0.229633 0
2.63148 -0.277418 0
2.63636 -0.324074 0
2.64125 -0.369749 0
2.64614 -0.414876 0
2.65103 -0.459719 0
2.65591 -0.504196 0
2.6608 -0.548024 0
2.66569 -0.590895 0
2.67058 -0.632438 0
2.67546 -0.672047 0
2.68035 -0.70885 0
2.68524 -0.742054 0
2.69013 -0.771494 0
2.69501 -0.797903 0
2.6999 -0.822583 0
2.70479 -0.846823 0
2.70968 -0.871677 0
2.71457 -0.898168 0
2.71945 -0.927444 0
2.72434 -0.960448 0
2.72923 -0.997345 0
2.73412 -1.0372 0
2.739 -1.07823 0
2.74389 -1.11828 0
2.74878 -1.15539 0
2.75367 -1.18811 0
2.75855 -1.21567 0
2.76344 -1.23811 0
2.76833 -1.25609 0
2.77322 -1.27075 0
2.7781 -1.28358 0
2.78299 -1.29631 0
2.78788 -1.31053 0
2.79277 -1.32721 0
2.79765 -1.34633 0
2.80254 -1.36708 0
2.80743 -1.38848 0
2.81232 -1.41024 0
2.8172 -1.43329 0
2.82209 -1.45985 0
2.82698 -1.49279 0
2.83187 -1.53453 0
2.83675 -1.58593 0
2.84164 -1.64571 0
2.84653 -1.71053 0
2.85142 -1.77564 0
2.8563 -1.8361 0
2.86119 -1.888 0
2.86608 -1.92939 0
2.87097 -1.96037 0
2.87586 -1.9824 0
2.88074 -1.99742 0
2.88563 -2.00722 0
2.89052 -2.01338 0
2.89541 -2.01735 0
2.90029 -2.02035 0
2.90518 -2.02326 0
2.91007 -2.02642 0
2.91496 -2.02964 0
2.91984 -2.03245 0
2.92473 -2.03445 0
2.92962 -2.03551 0
2.93451 -2.03569 0
2.93939 -2.03514 0
2.94428 -2.03406 0
2.94917 -2.0327 0
2.95406 -2.03152 0
2.95894 -2.03109 0
2.96383 -2.03195 0
2.96872 -2.03441 0
2.97361 -2.03824 0
2.97849 -2.04268 0
2.98338 -2.04691 0
2.98827 -2.0505 0
2.99316 -2.05374 0
2.99804 -2.05741 0
3.00293 -2.0625 0
3.00782 -2.06984 0
3.01271 -2.07976 0
3.0176 -2.09182 0
3.02248 -2.10469 0
3.02737 -2.11648 0
3.03226 -2.12531 0
3.03715 -2.12995 0
3.04203 -2.13021 0
3.04692 -2.12706 0
3.05181 -2.12219 0
3.0567 -2.11718 0
3.06158 -2.11298 0
3.06647 -2.10989 0
3.07136 -2.10793 0
3.07625 -2.10702 0
3.08113 -2.10698 0
3.08602 -2.10738 0
3.09091 -2.10765 0
3.0958 -2.10719 0
3.10068 -2.10573 0
3.10557 -2.10332 0
3.11046 -2.10018 0
3.11535 -2.09656 0
3.12023 -2.09266 0
3.12512 -2.08876 0
3.13001 -2.08521 0
3.1349 -2.08235 0
3.13978 -2.08037 0
3.14467 -2.07926 0
3.14956 -2.07876 0
3.15445 -2.07853 0
3.15934 -2.07803 0
3.16422 -2.07669 0
3.16911 -2.07408 0
3.174 -2.07006 0
3.17889 -2.06466 0
3.18377 -2.05786 0
3.18866 -2.04946 0
3.19355 -2.03935 0
3.19844 -2.0278 0
3.20332 -2.01539 0
3.20821 -2.00254 0
3.2131 -1.9892 0
3.21799 -1.97487 0
3.22287 -1.95885 0
3.22776 -1.94051 0
3.23265 -1.91928 0
3.23754 -1.89474 0
3.24242 -1.8665 0
3.24731 -1.83422 0
3.2522 -1.79744 0
3.25709 -1.75549 0
3.26197 -1.70749 0
3.26686 -1.65242 0
3.27175 -1.58919 0
3.27664 -1.51673 0
3.28153 -1.43397 0
3.28641 -1.33992 0
3.2913 -1.23393 0
3.29619 -1.11609 0
3.30108 -0.987629 0
3.30596 -0.851166 0
3.31085 -0.710792 0
3.31574 -0.571937 0
3.32063 -0.440923 0
3.32551 -0.324057 0
3.3304 -0.226342 0
3.33529 -0.150225 0
3.34018 -0.095089 0
3.34506 -0.0577909 0
3.34995 -0.0339671 0
3.35484 -0.019355 0
3.35973 -0.0105911 0
3.36461 -0.00537603 0
3.3695 -0.00227489 0
3.37439 -0.000427771 0
3.37928 0.000670793 0
3.38416 0.00132051 0
3.38905 0.00170003 0
3.39394 0.00191529 0
3.39883 0.0020323 0
3.40371 0.0020897 0
3.4086 0.00211104 0
3.41349 0.002111 0
3.41838 0.00209854 0
3.42326 0.00207864 0
3.42815 0.00205506 0
3.43304 0.00202942 0
3.43793 0.00200248 0
3.44282 0.00197532 0
3.4477 0.00194852 0
3.45259 0.0019218 0
3.45748 0.00189566 0
3.46237 0.00186992 0
3.46725 0.00184474 0
3.47214 0.00182004 0
3.47703 0.00179577 0
3.48192 0.001772 0
3.4868 0.00174856 0
3.49169 0.00172551 0
3.49658 0.00170277 0
3.50147 0.00168037 0
3.50635 0.00165826 0
3.51124 0.00163648 0
3.51613 0.001615 0
3.52102 0.00159381 0
3.5259 0.00157292 0
3.53079 0.00155229 0
3.53568 0.00153192 0
3.54057 0.00151181 0
3.54545 0.00149193 0
3.55034 0.00147226 0
3.55523 0.00145278 0
3.56012 0.00143344 0
3.56501 0.00141424 0
3.56989 0.00139518 0
3.57478 0.00137629 0
3.57967 0.00135759 0
3.58456 0.00133913 0
3.58944 0.00132093 0
3.59433 0.00130302 0
3.59922 0.00128541 0
3.60411 0.00126809 0
3.60899 0.00125102 0
3.61388 0.00123416 0
3.61877 0.00121747 0
3.62366 0.00120091 0
3.62854 0.00118446 0
3.63343 0.0011681 0
3.63832 0.00115179 0
3.64321 0.00113552 0
3.64809 0.00111927 0
3.65298 0.00110302 0
3.65787 0.00108679 0
3.66276 0.00107058 0
3.66764 0.00105441 0
3.67253 0.00103829 0
3.67742 0.00102222 0
3.68231 0.00100618 0
3.68719 0.000990172 0
3.69208 0.000974187 0
3.69697 0.000958255 0
3.70186 0.000942418 0
3.70674 0.000926721 0
3.71163 0.000911174 0
3.71652 0.000895751 0
3.72141 0.000880382 0
3.7263 0.000864976 0
3.73118 0.000849449 0
3.73607 0.000833753 0
3.74096 0.000817883 0
3.74585 0.000801873 0
3.75073 0.000785775 0
3.75562 0.000769638 0
3.76051 0.000753494 0
3.7654 0.000737357 0
3.77028 0.000721233 0
3.77517 0.000705134 0
3.78006 0.000689088 0
3.78495 0.000673131 0
3.78983 0.00065729 0
3.79472 0.000641579 0
3.79961 0.00062599 0
3.8045 0.000610498 0
3.80938 0.000595069 0
3.81427 0.000579683 0
3.81916 0.000564336 0
3.82405 0.000549039 0
3.82893 0.000533794 0
3.83382 0.000518565 0
3.83871 0.000503274 0
3.8436 0.000487812 0
3.84848 0.000472084 0
3.85337 0.000456069 0
3.85826 0.00043981 0
3.86315 0.000423401 0
3.86804 0.000406925 0
3.87292 0.000390405 0
3.87781 0.000373802 0
3.8827 0.000357041 0
3.88759 0.00034005 0
3.89247 0.000322784 0
3.89736 0.00030522 0
3.90225 0.000287334 0
3.90714 0.000269527 0
3.91202 0.000250864 0
3.91691 0.000232215 0
3.9218 0.000213172 0
3.92669 0.000193806 0
3.93157 0.000175069 0
3.93646 0.00015696 0
3.94135 0.000139354 0
3.94624 0.000122879 0
3.95112 0.000108516 0
3.95601 9.59747e-05 0
3.9609 8.75093e-05 0
3.96579 8.29101e-05 0
3.97067 8.35759e-05 0
3.97556 8.85641e-05 0
3.98045 9.65332e-05 0
3.98534 0.00010483 0
3.99022 0.000112208 0
3.99511 0.000117884 0
4 0.000121886 0
