-1 -0.000464379 0
-0.995112 -0.000678371 0
-0.990225 -0.000919425 0
-0.985337 -0.00108336 0
-0.98045 -0.000918091 0
-0.975562 4.07407e-05 0
-0.970675 0.00246093 0
-0.965787 0.00709529 0
-0.960899 0.0146389 0
-0.956012 0.0256659 0
-0.951124 0.0404874 0
-0.946237 0.0586445 0
-0.941349 0.078318 0
-0.936461 0.0964782 0
-0.931574 0.110009 0
-0.926686 0.117021 0
-0.921799 0.117469 0
-0.916911 0.112866 0
-0.912023 0.105495 0
-0.907136 0.0975325 0
-0.902248 0.0902306 0
-0.897361 0.0835241 0
-0.892473 0.0764156 0
-0.887586 0.0678097 0
-0.882698 0.0570894 0
-0.87781 0.0442348 0
-0.872923 0.0296157 0
-0.868035 0.0135541 0
-0.863148 -0.00401962 0
-0.85826 -0.0234723 0
-0.853372 -0.0451542 0
-0.848485 -0.0692888 0
-0.843597 -0.0958925 0
-0.83871 -0.124373 0
-0.833822 -0.1532 0
-0.828935 -0.180308 0
-0.824047 -0.204107 0
-0.819159 -0.224306 0
-0.814272 -0.241929 0
-0.809384 -0.258424 0
-0.804497 -0.274339 0
-0.799609 -0.288426 0
-0.794721 -0.297975 0
-0.789834 -0.300241 0
-0.784946 -0.293774 0
-0.780059 -0.278762 0
-0.775171 -0.256609 0
-0.770283 -0.22942 0
-0.765396 -0.199656 0
-0.760508 -0.169799 0
-0.755621 -0.141745 0
-0.750733 -0.116098 0
-0.745845 -0.0919698 0
-0.740958 -0.0674902 0
-0.73607 -0.0406352 0
-0.731183 -0.00995498 0
-0.726295 0.024709 0
-0.721408 0.0614984 0
-0.71652 0.0963218 0
-0.711632 0.123575 0
-0.706745 0.13762 0
-0.701857 0.1345 0
-0.69697 0.11333 0
-0.692082 0.0768883 0
-0.687195 0.0310288 0
-0.682307 -0.0170043 0
-0.677419 -0.0605605 0
-0.672532 -0.0950311 0
-0.667644 -0.118587 0
-0.662757 -0.132213 0
-0.657869 -0.138791 0
-0.652981 -0.141464 0
-0.648094 -0.142295 0
-0.643206 -0.141816 0
-0.638319 -0.139324 0
-0.633431 -0.133497 0
-0.628544 -0.123076 0
-0.623656 -0.107464 0
-0.618768 -0.0870203 0
-0.613881 -0.0628412 0
-0.608993 -0.0362237 0
-0.604106 -0.00840625 0
-0.599218 0.0192145 0
-0.59433 0.0448701 0
-0.589443 0.0668508 0
-0.584555 0.0845111 0
-0.579668 0.0988898 0
-0.57478 0.112199 0
-0.569892 0.126645 0
-0.565005 0.143638 0
-0.560117 0.163772 0
-0.55523 0.187107 0
-0.550342 0.213366 0
-0.545455 0.242048 0
-0.540567 0.272456 0
-0.535679 0.303638 0
-0.530792 0.334396 0
-0.525904 0.363445 0
-0.521017 0.389565 0
-0.516129 0.41167 0
-0.511241 0.428921 0
-0.506354 0.441108 0
-0.501466 0.449158 0
-0.496579 0.455286 0
-0.491691 0.462444 0
-0.486804 0.473189 0
-0.481916 0.488603 0
-0.477028 0.507974 0
-0.472141 0.529394 0
-0.467253 0.550774 0
-0.462366 0.570604 0
-0.457478 0.588078 0
-0.45259 0.602774 0
-0.447703 0.614481 0
-0.442815 0.623543 0
-0.437928 0.631108 0
-0.43304 0.638564 0
-0.428152 0.646505 0
-0.423265 0.654491 0
-0.418377 0.662042 0
-0.41349 0.669693 0
-0.408602 0.678814 0
-0.403715 0.690367 0
-0.398827 0.703908 0
-0.393939 0.717879 0
-0.389052 0.730773 0
-0.384164 0.742092 0
-0.379277 0.752349 0
-0.374389 0.762418 0
-0.369501 0.772931 0
-0.364614 0.784124 0
-0.359726 0.795923 0
-0.354839 0.808039 0
-0.349951 0.820105 0
-0.345064 0.831848 0
-0.340176 0.843194 0
-0.335288 0.854279 0
-0.330401 0.865509 0
-0.325513 0.877564 0
-0.320626 0.891024 0
-0.315738 0.90569 0
-0.310851 0.920306 0
-0.305963 0.933095 0
-0.301075 0.942703 0
-0.296188 0.948809 0
-0.2913 0.952066 0
-0.286413 0.953591 0
-0.281525 0.954358 0
-0.276637 0.954939 0
-0.27175 0.955673 0
-0.266862 0.956914 0
-0.261975 0.959044 0
-0.257087 0.962244 0
-0.252199 0.966263 0
-0.247312 0.970435 0
-0.242424 0.97403 0
-0.237537 0.976809 0
-0.232649 0.97935 0
-0.227761 0.98284 0
-0.222874 0.988365 0
-0.217986 0.996189 0
-0.213099 1.0055 0
-0.208211 1.01479 0
-0.203324 1.02269 0
-0.198436 1.02848 0
-0.193548 1.03227 0
-0.188661 1.03464 0
-0.183773 1.03627 0
-0.178886 1.0378 0
-0.173998 1.03961 0
-0.16911 1.04179 0
-0.164223 1.04416 0
-0.159335 1.0464 0
-0.154448 1.04834 0
-0.14956 1.04998 0
-0.144672 1.05145 0
-0.139785 1.05296 0
-0.134897 1.05481 0
-0.13001 1.05739 0
-0.125122 1.06109 0
-0.120235 1.06606 0
-0.115347 1.07217 0
-0.110459 1.07908 0
-0.105572 1.08637 0
-0.100684 1.09359 0
-0.0957966 1.10028 0
-0.0909091 1.10615 0
-0.0860215 1.11112 0
-0.0811339 1.11532 0
-0.0762463 1.11896 0
-0.0713587 1.12226 0
-0.0664712 1.12532 0
-0.0615836 1.12821 0
-0.056696 1.13094 0
-0.0518084 1.13353 0
-0.0469208 1.136 0
-0.0420333 1.13837 0
-0.0371457 1.14066 0
-0.0322581 1.14289 0
-0.0273705 1.14507 0
-0.0224829 1.14722 0
-0.0175954 1.14936 0
-0.0127078 1.15149 0
-0.00782019 1.15364 0
-0.00293261 1.15582 0
0.00195497 1.15803 0
0.00684255 1.16028 0
0.0117301 1.1626 0
0.0166177 1.16498 0
0.0215053 1.16743 0
0.0263929 1.16995 0
0.0312805 1.17254 0
0.036168 1.17519 0
0.0410556 1.17791 0
0.0459432 1.18067 0
0.0508308 1.18348 0
0.0557185 1.18631 0
0.0606061 1.18911 0
0.0654937 1.1918 0
0.0703813 1.19422 0
0.0752688 1.1962 0
0.0801564 1.19753 0
0.085044 1.19806 0
0.0899316 1.19775 0
0.0948192 1.19673 0
0.0997067 1.19533 0
0.104594 1.19398 0
0.109482 1.19305 0
0.114369 1.19275 0
0.119257 1.19311 0
0.124145 1.19406 0
0.129032 1.19546 0
0.13392 1.19719 0
0.138808 1.19912 0
0.143695 1.20121 0
0.148583 1.20358 0
0.15347 1.20649 0
0.158358 1.21019 0
0.163245 1.21478 0
0.168133 1.22013 0
0.173021 1.22587 0
0.177908 1.23157 0
0.182796 1.23686 0
0.187683 1.24158 0
0.192571 1.24587 0
0.197459 1.25009 0
0.202346 1.25467 0
0.207234 1.26004 0
0.212121 1.26644 0
0.217009 1.27397 0
0.221896 1.28255 0
0.226784 1.29196 0
0.231672 1.30188 0
0.236559 1.31194 0
0.241447 1.32177 0
0.246334 1.33107 0
0.251222 1.33969 0
0.256109 1.34769 0
0.260997 1.35536 0
0.265885 1.36311 0
0.270772 1.37127 0
0.27566 1.37993 0
0.280547 1.38891 0
0.285435 1.39773 0
0.290323 1.40563 0
0.29521 1.41157 0
0.300098 1.41443 0
0.304985 1.41338 0
0.309873 1.40834 0
0.31476 1.40009 0
0.319648 1.39002 0
0.324536 1.37948 0
0.329423 1.36938 0
0.334311 1.36012 0
0.339198 1.35174 0
0.344086 1.34418 0
0.348974 1.33745 0
0.353861 1.33172 0
0.358749 1.32724 0
0.363636 1.32419 0
0.368524 1.32266 0
0.373412 1.32254 0
0.378299 1.32357 0
0.383187 1.32533 0
0.388074 1.32743 0
0.392962 1.32948 0
0.397849 1.33117 0
0.402737 1.33221 0
0.407625 1.33238 0
0.412512 1.33159 0
0.4174 1.3299 0
0.422287 1.32754 0
0.427175 1.32485 0
0.432063 1.32221 0
0.43695 1.31995 0
0.441838 1.31825 0
0.446725 1.31715 0
0.451613 1.31657 0
0.4565 1.31638 0
0.461388 1.31643 0
0.466276 1.31664 0
0.471163 1.31694 0
0.476051 1.3173 0
0.480938 1.31771 0
0.485826 1.31816 0
0.490714 1.31863 0
0.495601 1.3191 0
0.500489 1.31956 0
0.505376 1.32 0
0.510264 1.32038 0
0.515152 1.32068 0
0.520039 1.32085 0
0.524927 1.32082 0
0.529814 1.32056 0
0.534702 1.32003 0
0.539589 1.31928 0
0.544477 1.31835 0
0.549365 1.31733 0
0.554252 1.31628 0
0.55914 1.31525 0
0.564027 1.31427 0
0.568915 1.31335 0
0.573803 1.31247 0
0.57869 1.31165 0
0.583578 1.31088 0
0.588465 1.31015 0
0.593353 1.30946 0
0.59824 1.3088 0
0.603128 1.30816 0
0.608016 1.30754 0
0.612903 1.30693 0
0.617791 1.30634 0
0.622678 1.30575 0
0.627566 1.30518 0
0.632454 1.30461 0
0.637341 1.30405 0
0.642229 1.30349 0
0.647116 1.30293 0
0.652004 1.30238 0
0.656892 1.30182 0
0.661779 1.30126 0
0.666667 1.30068 0
0.671554 1.30009 0
0.676442 1.29948 0
0.681329 1.29887 0
0.686217 1.29824 0
0.691105 1.2976 0
0.695992 1.29696 0
0.70088 1.29631 0
0.705767 1.29566 0
0.710655 1.29499 0
0.715543 1.29432 0
0.72043 1.29364 0
0.725318 1.29295 0
0.730205 1.29226 0
0.735093 1.29155 0
0.73998 1.29084 0
0.744868 1.29011 0
0.749756 1.28937 0
0.754643 1.28862 0
0.759531 1.28786 0
0.764418 1.28708 0
0.769306 1.28629 0
0.774194 1.28548 0
0.779081 1.28466 0
0.783969 1.28382 0
0.788856 1.28296 0
0.793744 1.28207 0
0.798632 1.28117 0
0.803519 1.28024 0
0.808407 1.27929 0
0.813294 1.27831 0
0.818182 1.2773 0
0.823069 1.27626 0
0.827957 1.27519 0
0.832845 1.27409 0
0.837732 1.27295 0
0.84262 1.27176 0
0.847507 1.27053 0
0.852395 1.26926 0
0.857283 1.26793 0
0.86217 1.26654 0
0.867058 1.2651 0
0.871945 1.26359 0
0.876833 1.26201 0
0.88172 1.26035 0
0.886608 1.25862 0
0.891496 1.25681 0
0.896383 1.25491 0
0.901271 1.25293 0
0.906158 1.25085 0
0.911046 1.24869 0
0.915933 1.24644 0
0.920821 1.24411 0
0.925709 1.24169 0
0.930596 1.23921 0
0.935484 1.23665 0
0.940371 1.23401 0
0.945259 1.23128 0
0.950147 1.2285 0
0.955034 1.2257 0
0.959922 1.22298 0
0.964809 1.22043 0
0.969697 1.21814 0
0.974585 1.21618 0
0.979472 1.21457 0
0.98436 1.21324 0
0.989247 1.212 0
0.994135 1.21061 0
0.999022 1.20875 0
1.00391 1.20616 0
1.0088 1.2027 0
1.01369 1.19842 0
1.01857 1.19353 0
1.02346 1.1884 0
1.02835 1.18342 0
1.03324 1.17893 0
1.03812 1.17515 0
1.04301 1.17212 0
1.0479 1.16967 0
1.05279 1.16751 0
1.05767 1.16544 0
1.06256 1.16344 0
1.06745 1.16192 0
1.07234 1.16169 0
1.07722 1.16398 0
1.08211 1.17019 0
1.087 1.18162 0
1.09189 1.19903 0
1.09677 1.22198 0
1.10166 1.24858 0
1.10655 1.27581 0
1.11144 1.3006 0
1.11632 1.32086 0
1.12121 1.33577 0
1.1261 1.34548 0
1.13099 1.35064 0
1.13587 1.35209 0
1.14076 1.35077 0
1.14565 1.34761 0
1.15054 1.34355 0
1.15543 1.33935 0
1.16031 1.33554 0
1.1652 1.33235 0
1.17009 1.32972 0
1.17498 1.32745 0
1.17986 1.32526 0
1.18475 1.3229 0
1.18964 1.32017 0
1.19453 1.31696 0
1.19941 1.31328 0
1.2043 1.30922 0
1.20919 1.30491 0
1.21408 1.30048 0
1.21896 1.29605 0
1.22385 1.29171 0
1.22874 1.28756 0
1.23363 1.28372 0
1.23851 1.28033 0
1.2434 1.27752 0
1.24829 1.27543 0
1.25318 1.27414 0
1.25806 1.27361 0
1.26295 1.27365 0
1.26784 1.27397 0
1.27273 1.2742 0
1.27761 1.27409 0
1.2825 1.27351 0
1.28739 1.27245 0
1.29228 1.27101 0
1.29717 1.26928 0
1.30205 1.26737 0
1.30694 1.26535 0
1.31183 1.26327 0
1.31672 1.2612 0
1.3216 1.25921 0
1.32649 1.25738 0
1.33138 1.25585 0
1.33627 1.25477 0
1.34115 1.25432 0
1.34604 1.25462 0
1.35093 1.25572 0
1.35582 1.25749 0
1.3607 1.25962 0
1.36559 1.26167 0
1.37048 1.26327 0
1.37537 1.26422 0
1.38025 1.26453 0
1.38514 1.26434 0
1.39003 1.26379 0
1.39492 1.263 0
1.3998 1.26208 0
1.40469 1.26106 0
1.40958 1.26 0
1.41447 1.25893 0
1.41935 1.25788 0
1.42424 1.25687 0
1.42913 1.25592 0
1.43402 1.25505 0
1.43891 1.25426 0
1.44379 1.25353 0
1.44868 1.25286 0
1.45357 1.25221 0
1.45846 1.25157 0
1.46334 1.25093 0
1.46823 1.25028 0
1.47312 1.24964 0
1.47801 1.249 0
1.48289 1.24837 0
1.48778 1.24776 0
1.49267 1.24716 0
1.49756 1.24657 0
1.50244 1.24601 0
1.50733 1.24546 0
1.51222 1.24493 0
1.51711 1.24441 0
1.52199 1.2439 0
1.52688 1.24341 0
1.53177 1.24291 0
1.53666 1.24242 0
1.54154 1.24194 0
1.54643 1.24145 0
1.55132 1.24096 0
1.55621 1.24048 0
1.56109 1.24 0
1.56598 1.23951 0
1.57087 1.23903 0
1.57576 1.23854 0
1.58065 1.23805 0
1.58553 1.23756 0
1.59042 1.23706 0
1.59531 1.23656 0
1.6002 1.23605 0
1.60508 1.23552 0
1.60997 1.23498 0
1.61486 1.23442 0
1.61975 1.23383 0
1.62463 1.23322 0
1.62952 1.23259 0
1.63441 1.23192 0
1.6393 1.23123 0
1.64418 1.23052 0
1.64907 1.2298 0
1.65396 1.22911 0
1.65885 1.22847 0
1.66373 1.22796 0
1.66862 1.22766 0
1.67351 1.22763 0
1.6784 1.22794 0
1.68328 1.22856 0
1.68817 1.22938 0
1.69306 1.23023 0
1.69795 1.23098 0
1.70283 1.2315 0
1.70772 1.23176 0
1.71261 1.23177 0
1.7175 1.23155 0
1.72239 1.23115 0
1.72727 1.2306 0
1.73216 1.22991 0
1.73705 1.22911 0
1.74194 1.22824 0
1.74682 1.22734 0
1.75171 1.22648 0
1.7566 1.22572 0
1.76149 1.22509 0
1.76637 1.22456 0
1.77126 1.22401 0
1.77615 1.22334 0
1.78104 1.22253 0
1.78592 1.22164 0
1.79081 1.22078 0
1.7957 1.22005 0
1.80059 1.21954 0
1.80547 1.21944 0
1.81036 1.21999 0
1.81525 1.22136 0
1.82014 1.22354 0
1.82502 1.22634 0
1.82991 1.22958 0
1.8348 1.23307 0
1.83969 1.23657 0
1.84457 1.23976 0
1.84946 1.24239 0
1.85435 1.24444 0
1.85924 1.24612 0
1.86413 1.24778 0
1.86901 1.24978 0
1.8739 1.25251 0
1.87879 1.25641 0
1.88368 1.26189 0
1.88856 1.2691 0
1.89345 1.27772 0
1.89834 1.28692 0
1.90323 1.29568 0
1.90811 1.30317 0
1.913 1.309 0
1.91789 1.31332 0
1.92278 1.31682 0
1.92766 1.3205 0
1.93255 1.3254 0
1.93744 1.33225 0
1.94233 1.34115 0
1.94721 1.35149 0
1.9521 1.36234 0
1.95699 1.37297 0
1.96188 1.38321 0
1.96676 1.39335 0
1.97165 1.4037 0
1.97654 1.41419 0
1.98143 1.42443 0
1.98631 1.43407 0
1.9912 1.44336 0
1.99609 1.45316 0
2.00098 1.46439 0
2.00587 1.47726 0
2.01075 1.49105 0
2.01564 1.50462 0
2.02053 1.5172 0
2.02542 1.52877 0
2.0303 1.53974 0
2.03519 1.55034 0
2.04008 1.56024 0
2.04497 1.56877 0
2.04985 1.57541 0
2.05474 1.58032 0
2.05963 1.58455 0
2.06452 1.58958 0
2.0694 1.5965 0
2.07429 1.60552 0
2.07918 1.61611 0
2.08407 1.62765 0
2.08895 1.63985 0
2.09384 1.65269 0
2.09873 1.6661 0
2.10362 1.67985 0
2.1085 1.69379 0
2.11339 1.70815 0
2.11828 1.72349 0
2.12317 1.74033 0
2.12805 1.75863 0
2.13294 1.77771 0
2.13783 1.79666 0
2.14272 1.81466 0
2.1476 1.83112 0
2.15249 1.84561 0
2.15738 1.85794 0
2.16227 1.86828 0
2.16716 1.87722 0
2.17204 1.88551 0
2.17693 1.89396 0
2.18182 1.90331 0
2.18671 1.9141 0
2.19159 1.92649 0
2.19648 1.94009 0
2.20137 1.95428 0
2.20626 1.96872 0
2.21114 1.98373 0
2.21603 2.00024 0
2.22092 2.01921 0
2.22581 2.041 0
2.23069 2.06493 0
2.23558 2.08944 0
2.24047 2.11276 0
2.24536 2.1336 0
2.25024 2.15144 0
2.25513 2.16635 0
2.26002 2.17878 0
2.26491 2.18931 0
2.26979 2.19868 0
2.27468 2.20764 0
2.27957 2.21675 0
2.28446 2.22632 0
2.28935 2.23641 0
2.29423 2.24711 0
2.29912 2.25885 0
2.30401 2.27259 0
2.3089 2.28949 0
2.31378 2.3102 0
2.31867 2.33445 0
2.32356 2.36126 0
2.32845 2.38932 0
2.33333 2.41711 0
2.33822 2.44294 0
2.34311 2.46537 0
2.348 2.48371 0
2.35288 2.4983 0
2.35777 2.51028 0
2.36266 2.52096 0
2.36755 2.53134 0
2.37243 2.5421 0
2.37732 2.55376 0
2.38221 2.56657 0
2.3871 2.58027 0
2.39198 2.59415 0
2.39687 2.60742 0
2.40176 2.61975 0
2.40665 2.63131 0
2.41153 2.64265 0
2.41642 2.65451 0
2.42131 2.66764 0
2.4262 2.68248 0
2.43109 2.69888 0
2.43597 2.71633 0
2.44086 2.73443 0
2.44575 2.75315 0
2.45064 2.77234 0
2.45552 2.79132 0
2.46041 2.80889 0
2.4653 2.82407 0
2.47019 2.83671 0
2.47507 2.84746 0
2.47996 2.8573 0
2.48485 2.86715 0
2.48974 2.87769 0
2.49462 2.88918 0
2.49951 2.90135 0
2.5044 2.91362 0
2.50929 2.92569 0
2.51417 2.93765 0
2.51906 2.94984 0
2.52395 2.96242 0
2.52884 2.97517 0
2.53372 2.98723 0
2.53861 2.99727 0
2.5435 3.00396 0
2.54839 3.00651 0
2.55327 3.00492 0
2.55816 2.99983 0
2.56305 2.99247 0
2.56794 2.98438 0
2.57282 2.97712 0
2.57771 2.97184 0
2.5826 2.96915 0
2.58749 2.96905 0
2.59238 2.97075 0
2.59726 2.97249 0
2.60215 2.97169 0
2.60704 2.96598 0
2.61193 2.95466 0
2.61681 2.9394 0
2.6217 2.92326 0
2.62659 2.90882 0
2.63148 2.89686 0
2.63636 2.88633 0
2.64125 2.87514 0
2.64614 2.86103 0
2.65103 2.84185 0
2.65591 2.8153 0
2.6608 2.77902 0
2.66569 2.7314 0
2.67058 2.67241 0
2.67546 2.60383 0
2.68035 2.52848 0
2.68524 2.44958 0
2.69013 2.37052 0
2.69501 2.29469 0
2.6999 2.22518 0
2.70479 2.16431 0
2.70968 2.11355 0
2.71457 2.07391 0
2.71945 2.04714 0
2.72434 2.03708 0
2.72923 2.0497 0
2.73412 2.09048 0
2.739 2.16027 0
2.74389 2.25236 0
2.74878 2.35366 0
2.75367 2.44939 0
2.75855 2.52821 0
2.76344 2.58485 0
2.76833 2.61975 0
2.77322 2.63704 0
2.7781 2.6421 0
2.78299 2.63927 0
2.78788 2.63049 0
2.79277 2.61554 0
2.79765 2.59332 0
2.80254 2.56345 0
2.80743 2.52727 0
2.81232 2.48807 0
2.8172 2.45034 0
2.82209 2.41826 0
2.82698 2.39444 0
2.83187 2.37939 0
2.83675 2.37184 0
2.84164 2.36919 0
2.84653 2.36824 0
2.85142 2.36605 0
2.8563 2.36067 0
2.86119 2.35132 0
2.86608 2.3383 0
2.87097 2.32304 0
2.87586 2.30783 0
2.88074 2.29517 0
2.88563 2.28704 0
2.89052 2.28441 0
2.89541 2.28724 0
2.90029 2.29462 0
2.90518 2.30498 0
2.91007 2.31639 0
2.91496 2.32724 0
2.91984 2.33698 0
2.92473 2.34636 0
2.92962 2.35672 0
2.93451 2.36918 0
2.93939 2.38413 0
2.94428 2.40096 0
2.94917 2.418 0
2.95406 2.43299 0
2.95894 2.44385 0
2.96383 2.44942 0
2.96872 2.4499 0
2.97361 2.44681 0
2.97849 2.44242 0
2.98338 2.43882 0
2.98827 2.43724 0
2.99316 2.43785 0
2.99804 2.43986 0
3.00293 2.44192 0
3.00782 2.44281 0
3.01271 2.4421 0
3.0176 2.44069 0
3.02248 2.44042 0
3.02737 2.44291 0
3.03226 2.44856 0
3.03715 2.45653 0
3.04203 2.46553 0
3.04692 2.47465 0
3.05181 2.48353 0
3.0567 2.49233 0
3.06158 2.50144 0
3.06647 2.51139 0
3.07136 2.52253 0
3.07625 2.53473 0
3.08113 2.54732 0
3.08602 2.55948 0
3.09091 2.5708 0
3.0958 2.58151 0
3.10068 2.59199 0
3.10557 2.60231 0
3.11046 2.61221 0
3.11535 2.62147 0
3.12023 2.63018 0
3.12512 2.63879 0
3.13001 2.64772 0
3.1349 2.65695 0
3.13978 2.66579 0
3.14467 2.67296 0
3.14956 2.67705 0
3.15445 2.67685 0
3.15934 2.6717 0
3.16422 2.66154 0
3.16911 2.64679 0
3.174 2.62813 0
3.17889 2.6061 0
3.18377 2.58078 0
3.18866 2.55169 0
3.19355 2.51807 0
3.19844 2.47926 0
3.20332 2.43503 0
3.20821 2.38542 0
3.2131 2.33057 0
3.21799 2.27066 0
3.22287 2.20622 0
3.22776 2.13819 0
3.23265 2.06774 0
3.23754 1.99599 0
3.24242 1.92405 0
3.24731 1.85309 0
3.2522 1.78442 0
3.25709 1.71948 0
3.26197 1.65985 0
3.26686 1.6071 0
3.27175 1.56269 0
3.27664 1.52778 0
3.28153 1.50325 0
3.28641 1.48949 0
3.2913 1.48634 0
3.29619 1.49295 0
3.30108 1.50786 0
3.30596 1.52931 0
3.31085 1.55555 0
3.31574 1.58496 0
3.32063 1.61606 0
3.32551 1.64738 0
3.3304 1.67746 0
3.33529 1.70486 0
3.34018 1.7283 0
3.34506 1.74686 0
3.34995 1.76019 0
3.35484 1.76859 0
3.35973 1.77282 0
3.36461 1.77375 0
3.3695 1.77214 0
3.37439 1.76859 0
3.37928 1.76343 0
3.38416 1.75672 0
3.38905 1.74833 0
3.39394 1.73821 0
3.39883 1.72676 0
3.40371 1.71481 0
3.4086 1.70338 0
3.41349 1.69331 0
3.41838 1.68493 0
3.42326 1.67785 0
3.42815 1.67105 0
3.43304 1.66333 0
3.43793 1.65401 0
3.44282 1.64329 0
3.4477 1.6321 0
3.45259 1.62166 0
3.45748 1.61296 0
3.46237 1.60629 0
3.46725 1.60094 0
3.47214 1.59535 0
3.47703 1.58806 0
3.48192 1.57851 0
3.4868 1.56706 0
3.49169 1.55418 0
3.49658 1.53983 0
3.50147 1.52377 0
3.50635 1.50626 0
3.51124 1.48831 0
3.51613 1.47106 0
3.52102 1.455 0
3.5259 1.43975 0
3.53079 1.42431 0
3.53568 1.4077 0
3.54057 1.38959 0
3.54545 1.37043 0
3.55034 1.35105 0
3.55523 1.33193 0
3.56012 1.31261 0
3.56501 1.29177 0
3.56989 1.26798 0
3.57478 1.24047 0
3.57967 1.20925 0
3.58456 1.1747 0
3.58944 1.13683 0
3.59433 1.0945 0
3.59922 1.04563 0
3.60411 0.988465 0
3.60899 0.923258 0
3.61388 0.852602 0
3.61877 0.780511 0
3.62366 0.711152 0
3.62854 0.64771 0
3.63343 0.591527 0
3.63832 0.54202 0
3.64321 0.49748 0
3.64809 0.456099 0
3.65298 0.41659 0
3.65787 0.378352 0
3.66276 0.341396 0
3.66764 0.306158 0
3.67253 0.273245 0
3.67742 0.243101 0
3.68231 0.215825 0
3.68719 0.191147 0
3.69208 0.16853 0
3.69697 0.147431 0
3.70186 0.127601 0
3.70674 0.109054 0
3.71163 0.091763 0
3.71652 0.0755395 0
3.72141 0.0602943 0
3.7263 0.0463971 0
3.73118 0.0346413 0
3.73607 0.0256429 0
3.74096 0.0191953 0
3.74585 0.0142641 0
3.75073 0.00965231 0
3.75562 0.00470414 0
3.76051 -0.000482906 0
3.7654 -0.00539659 0
3.77028 -0.00968257 0
3.77517 -0.0135253 0
3.78006 -0.0175644 0
3.78495 -0.0224862 0
3.78983 -0.0286332 0
3.79472 -0.0358276 0
3.79961 -0.0434389 0
3.8045 -0.0506803 0
3.80938 -0.0570163 0
3.81427 -0.0624134 0
3.81916 -0.0672389 0
3.82405 -0.0718833 0
3.82893 -0.0764078 0
3.83382 -0.0805054 0
3.83871 -0.083795 0
3.8436 -0.0861448 0
3.84848 -0.087718 0
3.85337 -0.0887794 0
3.85826 -0.0895266 0
3.86315 -0.0900736 0
3.86804 -0.0904987 0
3.87292 -0.0908577 0
3.87781 -0.0911803 0
3.8827 -0.0914836 0
3.88759 -0.0917982 0
3.89247 -0.0921911 0
3.89736 -0.0927722 0
3.90225 -0.0936748 0
3.90714 -0.0949904 0
3.91202 -0.0967001 0
3.91691 -0.0986673 0
3.9218 -0.100715 0
3.92669 -0.102717 0
3.93157 -0.104633 0
3.93646 -0.106479 0
3.94135 -0.108278 0
3.94624 -0.110039 0
3.95112 -0.111755 0
3.95601 -0.113403 0
3.9609 -0.11495 0
3.96579 -0.116359 0
3.97067 -0.117587 0
3.97556 -0.118603 0
3.98045 -0.119397 0
3.98534 -0.119983 0
3.99022 -0.120393 0
3.99511 -0.120668 0
4 -0.120848 0
