-1 0.000110177 0
-0.995112 0.000175212 0
-0.990225 0.000274853 0
-0.985337 0.000422755 0
-0.98045 0.000633114 0
-0.975562 0.000916831 0
-0.970675 0.0012773 0
-0.965787 0.0017086 0
-0.960899 0.00219753 0
-0.956012 0.00272817 0
-0.951124 0.00328587 0
-0.946237 0.00385932 0
-0.941349 0.0044409 0
-0.936461 0.00502606 0
-0.931574 0.0056125 0
-0.926686 0.00619946 0
-0.921799 0.0067871 0
-0.916911 0.0073761 0
-0.912023 0.00796743 0
-0.907136 0.00856216 0
-0.902248 0.00916142 0
-0.897361 0.00976644 0
-0.892473 0.0103785 0
-0.887586 0.0109988 0
-0.882698 0.0116287 0
-0.87781 0.0122698 0
-0.872923 0.0129233 0
-0.868035 0.013591 0
-0.863148 0.0142741 0
-0.85826 0.0149745 0
-0.853372 0.0156937 0
-0.848485 0.0164336 0
-0.843597 0.0171962 0
-0.83871 0.0179839 0
-0.833822 0.0187991 0
-0.828935 0.0196447 0
-0.824047 0.0205236 0
-0.819159 0.0214393 0
-0.814272 0.0223954 0
-0.809384 0.023396 0
-0.804497 0.0244459 0
-0.799609 0.0255506 0
-0.794721 0.0267167 0
-0.789834 0.0279517 0
-0.784946 0.0292647 0
-0.780059 0.0306664 0
-0.775171 0.0321699 0
-0.770283 0.0337908 0
-0.765396 0.0355483 0
-0.760508 0.0374661 0
-0.755621 0.0395733 0
-0.750733 0.041906 0
-0.745845 0.0445094 0
-0.740958 0.0474397 0
-0.73607 0.0507664 0
-0.731183 0.0545754 0
-0.726295 0.0589714 0
-0.721408 0.0640789 0
-0.71652 0.0700409 0
-0.711632 0.0770081 0
-0.706745 0.0851149 0
-0.701857 0.0944376 0
-0.69697 0.104967 0
-0.692082 0.116665 0
-0.687195 0.129626 0
-0.682307 0.144178 0
-0.677419 0.160715 0
-0.672532 0.179374 0
-0.667644 0.199887 0
-0.662757 0.221593 0
-0.657869 0.243395 0
-0.652981 0.263771 0
-0.648094 0.281104 0
-0.643206 0.294272 0
-0.638319 0.303143 0
-0.633431 0.308701 0
-0.628544 0.312818 0
-0.623656 0.317934 0
-0.618768 0.326676 0
-0.613881 0.341238 0
-0.608993 0.362671 0
-0.604106 0.390683 0
-0.599218 0.424204 0
-0.59433 0.462106 0
-0.589443 0.503306 0
-0.584555 0.546133 0
-0.579668 0.587596 0
-0.57478 0.623162 0
-0.569892 0.647253 0
-0.565005 0.654408 0
-0.560117 0.640916 0
-0.55523 0.606411 0
-0.550342 0.554522 0
-0.545455 0.4919 0
-0.540567 0.426146 0
-0.535679 0.363834 0
-0.530792 0.309313 0
-0.525904 0.264393 0
-0.521017 0.228844 0
-0.516129 0.201322 0
-0.511241 0.180239 0
-0.506354 0.164248 0
-0.501466 0.152335 0
-0.496579 0.143799 0
-0.491691 0.138286 0
-0.486804 0.135757 0
-0.481916 0.136315 0
-0.477028 0.139979 0
-0.472141 0.14652 0
-0.467253 0.155415 0
-0.462366 0.165893 0
-0.457478 0.177075 0
-0.45259 0.188236 0
-0.447703 0.199054 0
-0.442815 0.209611 0
-0.437928 0.220153 0
-0.43304 0.230813 0
-0.428152 0.241433 0
-0.423265 0.251484 0
-0.418377 0.260313 0
-0.41349 0.267687 0
-0.408602 0.274118 0
-0.403715 0.28061 0
-0.398827 0.288178 0
-0.393939 0.297606 0
-0.389052 0.309333 0
-0.384164 0.32322 0
-0.379277 0.338505 0
-0.374389 0.35429 0
-0.369501 0.370161 0
-0.364614 0.38629 0
-0.359726 0.403023 0
-0.354839 0.420454 0
-0.349951 0.438371 0
-0.345064 0.456457 0
-0.340176 0.474442 0
-0.335288 0.492086 0
-0.330401 0.509043 0
-0.325513 0.52481 0
-0.320626 0.538928 0
-0.315738 0.551215 0
-0.310851 0.561825 0
-0.305963 0.571145 0
-0.301075 0.579759 0
-0.296188 0.588472 0
-0.2913 0.598198 0
-0.286413 0.60964 0
-0.281525 0.623029 0
-0.276637 0.638152 0
-0.27175 0.654598 0
-0.266862 0.671997 0
-0.261975 0.690114 0
-0.257087 0.708776 0
-0.252199 0.727752 0
-0.247312 0.746755 0
-0.242424 0.765586 0
-0.237537 0.784233 0
-0.232649 0.802818 0
-0.227761 0.821474 0
-0.222874 0.84028 0
-0.217986 0.859266 0
-0.213099 0.878489 0
-0.208211 0.898068 0
-0.203324 0.918095 0
-0.198436 0.938412 0
-0.193548 0.958465 0
-0.188661 0.977399 0
-0.183773 0.994459 0
-0.178886 1.0094 0
-0.173998 1.02258 0
-0.16911 1.03477 0
-0.164223 1.0467 0
-0.159335 1.05892 0
-0.154448 1.07164 0
-0.14956 1.08478 0
-0.144672 1.09813 0
-0.139785 1.11154 0
-0.134897 1.12502 0
-0.13001 1.13863 0
-0.125122 1.15242 0
-0.120235 1.16634 0
-0.115347 1.18029 0
-0.110459 1.19407 0
-0.105572 1.2074 0
-0.100684 1.22001 0
-0.0957966 1.23179 0
-0.0909091 1.24278 0
-0.0860215 1.25307 0
-0.0811339 1.2627 0
-0.0762463 1.27163 0
-0.0713587 1.27987 0
-0.0664712 1.28763 0
-0.0615836 1.29534 0
-0.056696 1.30346 0
-0.0518084 1.31227 0
-0.0469208 1.32171 0
-0.0420333 1.33151 0
-0.0371457 1.34137 0
-0.0322581 1.35103 0
-0.0273705 1.36028 0
-0.0224829 1.369 0
-0.0175954 1.37714 0
-0.0127078 1.38468 0
-0.00782019 1.39167 0
-0.00293261 1.39815 0
0.00195497 1.40412 0
0.00684255 1.40957 0
0.0117301 1.4145 0
0.0166177 1.41896 0
0.0215053 1.42303 0
0.0263929 1.42679 0
0.0312805 1.43035 0
0.036168 1.43376 0
0.0410556 1.43708 0
0.0459432 1.44033 0
0.0508308 1.44353 0
0.0557185 1.44669 0
0.0606061 1.44977 0
0.0654937 1.45272 0
0.0703813 1.45544 0
0.0752688 1.45778 0
0.0801564 1.45957 0
0.085044 1.46062 0
0.0899316 1.46083 0
0.0948192 1.46025 0
0.0997067 1.45912 0
0.104594 1.45784 0
0.109482 1.45682 0
0.114369 1.45632 0
0.119257 1.45646 0
0.124145 1.4572 0
0.129032 1.45854 0
0.13392 1.46052 0
0.138808 1.4632 0
0.143695 1.46658 0
0.148583 1.47057 0
0.15347 1.47495 0
0.158358 1.47945 0
0.163245 1.48379 0
0.168133 1.48774 0
0.173021 1.49124 0
0.177908 1.49438 0
0.182796 1.49746 0
0.187683 1.50082 0
0.192571 1.50476 0
0.197459 1.50945 0
0.202346 1.51488 0
0.207234 1.52087 0
0.212121 1.52715 0
0.217009 1.5335 0
0.221896 1.53974 0
0.226784 1.54585 0
0.231672 1.55195 0
0.236559 1.55822 0
0.241447 1.56485 0
0.246334 1.57193 0
0.251222 1.57941 0
0.256109 1.58712 0
0.260997 1.59484 0
0.265885 1.6024 0
0.270772 1.60978 0
0.27566 1.61707 0
0.280547 1.62441 0
0.285435 1.63196 0
0.290323 1.63976 0
0.29521 1.64774 0
0.300098 1.65561 0
0.304985 1.66287 0
0.309873 1.66883 0
0.31476 1.67272 0
0.319648 1.67392 0
0.324536 1.67209 0
0.329423 1.66746 0
0.334311 1.66074 0
0.339198 1.65291 0
0.344086 1.64484 0
0.348974 1.63714 0
0.353861 1.63016 0
0.358749 1.62411 0
0.363636 1.61906 0
0.368524 1.61505 0
0.373412 1.61207 0
0.378299 1.6101 0
0.383187 1.60904 0
0.388074 1.60879 0
0.392962 1.60916 0
0.397849 1.60995 0
0.402737 1.61091 0
0.407625 1.61176 0
0.412512 1.61226 0
0.4174 1.61227 0
0.422287 1.61177 0
0.427175 1.61088 0
0.432063 1.60975 0
0.43695 1.60855 0
0.441838 1.60741 0
0.446725 1.60643 0
0.451613 1.60567 0
0.4565 1.60515 0
0.461388 1.60489 0
0.466276 1.60483 0
0.471163 1.60494 0
0.476051 1.60516 0
0.480938 1.60545 0
0.485826 1.60577 0
0.490714 1.60611 0
0.495601 1.60645 0
0.500489 1.60677 0
0.505376 1.60706 0
0.510264 1.60729 0
0.515152 1.60742 0
0.520039 1.6074 0
0.524927 1.60719 0
0.529814 1.60674 0
0.534702 1.6061 0
0.539589 1.60531 0
0.544477 1.60447 0
0.549365 1.60361 0
0.554252 1.60278 0
0.55914 1.60199 0
0.564027 1.60123 0
0.568915 1.60052 0
0.573803 1.59985 0
0.57869 1.59921 0
0.583578 1.59862 0
0.588465 1.59806 0
0.593353 1.59753 0
0.59824 1.59702 0
0.603128 1.59652 0
0.608016 1.59604 0
0.612903 1.59556 0
0.617791 1.5951 0
0.622678 1.59465 0
0.627566 1.5942 0
0.632454 1.59376 0
0.637341 1.59333 0
0.642229 1.59291 0
0.647116 1.59248 0
0.652004 1.59205 0
0.656892 1.5916 0
0.661779 1.59114 0
0.666667 1.59067 0
0.671554 1.59018 0
0.676442 1.58969 0
0.681329 1.58919 0
0.686217 1.58869 0
0.691105 1.58818 0
0.695992 1.58767 0
0.70088 1.58716 0
0.705767 1.58664 0
0.710655 1.58612 0
0.715543 1.58559 0
0.72043 1.58506 0
0.725318 1.58453 0
0.730205 1.58399 0
0.735093 1.58345 0
0.73998 1.58289 0
0.744868 1.58233 0
0.749756 1.58176 0
0.754643 1.58119 0
0.759531 1.5806 0
0.764418 1.58 0
0.769306 1.57939 0
0.774194 1.57877 0
0.779081 1.57814 0
0.783969 1.5775 0
0.788856 1.57684 0
0.793744 1.57617 0
0.798632 1.57548 0
0.803519 1.57478 0
0.808407 1.57405 0
0.813294 1.57331 0
0.818182 1.57255 0
0.823069 1.57177 0
0.827957 1.57096 0
0.832845 1.57014 0
0.837732 1.56928 0
0.84262 1.5684 0
0.847507 1.56748 0
0.852395 1.56653 0
0.857283 1.56555 0
0.86217 1.56453 0
0.867058 1.56346 0
0.871945 1.56236 0
0.876833 1.5612 0
0.88172 1.55999 0
0.886608 1.55873 0
0.891496 1.55741 0
0.896383 1.55602 0
0.901271 1.55457 0
0.906158 1.55305 0
0.911046 1.55146 0
0.915933 1.54978 0
0.920821 1.54803 0
0.925709 1.5462 0
0.930596 1.54429 0
0.935484 1.54232 0
0.940371 1.54032 0
0.945259 1.5383 0
0.950147 1.53632 0
0.955034 1.53441 0
0.959922 1.5326 0
0.964809 1.53091 0
0.969697 1.52931 0
0.974585 1.52775 0
0.979472 1.52614 0
0.98436 1.52436 0
0.989247 1.52229 0
0.994135 1.51988 0
0.999022 1.51717 0
1.00391 1.51429 0
1.0088 1.5114 0
1.01369 1.50862 0
1.01857 1.50604 0
1.02346 1.50359 0
1.02835 1.50119 0
1.03324 1.49874 0
1.03812 1.49621 0
1.04301 1.49362 0
1.0479 1.49104 0
1.05279 1.48854 0
1.05767 1.48625 0
1.06256 1.48432 0
1.06745 1.48306 0
1.07234 1.483 0
1.07722 1.48497 0
1.08211 1.48993 0
1.087 1.49877 0
1.09189 1.51191 0
1.09677 1.52889 0
1.10166 1.54826 0
1.10655 1.56795 0
1.11144 1.58604 0
1.11632 1.60118 0
1.12121 1.61274 0
1.1261 1.62052 0
1.13099 1.62468 0
1.13587 1.62571 0
1.14076 1.62435 0
1.14565 1.62152 0
1.15054 1.61815 0
1.15543 1.61494 0
1.16031 1.61227 0
1.1652 1.61018 0
1.17009 1.60846 0
1.17498 1.60684 0
1.17986 1.60505 0
1.18475 1.60292 0
1.18964 1.60035 0
1.19453 1.59737 0
1.19941 1.59407 0
1.2043 1.5906 0
1.20919 1.58714 0
1.21408 1.58388 0
1.21896 1.58101 0
1.22385 1.57871 0
1.22874 1.57706 0
1.23363 1.57601 0
1.23851 1.57538 0
1.2434 1.57493 0
1.24829 1.57441 0
1.25318 1.57369 0
1.25806 1.57273 0
1.26295 1.57155 0
1.26784 1.5702 0
1.27273 1.56874 0
1.27761 1.56721 0
1.2825 1.56565 0
1.28739 1.56408 0
1.29228 1.56253 0
1.29717 1.56101 0
1.30205 1.55954 0
1.30694 1.55811 0
1.31183 1.55674 0
1.31672 1.55542 0
1.3216 1.55414 0
1.32649 1.55288 0
1.33138 1.55165 0
1.33627 1.55044 0
1.34115 1.54924 0
1.34604 1.54805 0
1.35093 1.54687 0
1.35582 1.54572 0
1.3607 1.54463 0
1.36559 1.54367 0
1.37048 1.54294 0
1.37537 1.54257 0
1.38025 1.54269 0
1.38514 1.54337 0
1.39003 1.54458 0
1.39492 1.54618 0
1.3998 1.54789 0
1.40469 1.54945 0
1.40958 1.55062 0
1.41447 1.5513 0
1.41935 1.55149 0
1.42424 1.55127 0
1.42913 1.55074 0
1.43402 1.54999 0
1.43891 1.5491 0
1.44379 1.54814 0
1.44868 1.54714 0
1.45357 1.54613 0
1.45846 1.54514 0
1.46334 1.54416 0
1.46823 1.54322 0
1.47312 1.54231 0
1.47801 1.54142 0
1.48289 1.54056 0
1.48778 1.53973 0
1.49267 1.53891 0
1.49756 1.53811 0
1.50244 1.53734 0
1.50733 1.5366 0
1.51222 1.53593 0
1.51711 1.53537 0
1.52199 1.53496 0
1.52688 1.53471 0
1.53177 1.53464 0
1.53666 1.53468 0
1.54154 1.53475 0
1.54643 1.53475 0
1.55132 1.53461 0
1.55621 1.53427 0
1.56109 1.53373 0
1.56598 1.53303 0
1.57087 1.53225 0
1.57576 1.53149 0
1.58065 1.53091 0
1.58553 1.53067 0
1.59042 1.53085 0
1.59531 1.53143 0
1.6002 1.53225 0
1.60508 1.53306 0
1.60997 1.53365 0
1.61486 1.53399 0
1.61975 1.53429 0
1.62463 1.53492 0
1.62952 1.53632 0
1.63441 1.53895 0
1.6393 1.54317 0
1.64418 1.54913 0
1.64907 1.55663 0
1.65396 1.56509 0
1.65885 1.57366 0
1.66373 1.58152 0
1.66862 1.58814 0
1.67351 1.59357 0
1.6784 1.59831 0
1.68328 1.60312 0
1.68817 1.60853 0
1.69306 1.61471 0
1.69795 1.62147 0
1.70283 1.6285 0
1.70772 1.63558 0
1.71261 1.64264 0
1.7175 1.64972 0
1.72239 1.65691 0
1.72727 1.66434 0
1.73216 1.67218 0
1.73705 1.68047 0
1.74194 1.68905 0
1.74682 1.6975 0
1.75171 1.70549 0
1.7566 1.71304 0
1.76149 1.72067 0
1.76637 1.72916 0
1.77126 1.73909 0
1.77615 1.75066 0
1.78104 1.76371 0
1.78592 1.77798 0
1.79081 1.79322 0
1.7957 1.80922 0
1.80059 1.82572 0
1.80547 1.8424 0
1.81036 1.85878 0
1.81525 1.87438 0
1.82014 1.8888 0
1.82502 1.90186 0
1.82991 1.91367 0
1.8348 1.9245 0
1.83969 1.93474 0
1.84457 1.94491 0
1.84946 1.95569 0
1.85435 1.96783 0
1.85924 1.98183 0
1.86413 1.99777 0
1.86901 2.01529 0
1.8739 2.03385 0
1.87879 2.053 0
1.88368 2.07249 0
1.88856 2.09227 0
1.89345 2.11236 0
1.89834 2.13276 0
1.90323 2.15341 0
1.90811 2.17404 0
1.913 2.19419 0
1.91789 2.21332 0
1.92278 2.23102 0
1.92766 2.24727 0
1.93255 2.26244 0
1.93744 2.27719 0
1.94233 2.29216 0
1.94721 2.30768 0
1.9521 2.3237 0
1.95699 2.33998 0
1.96188 2.3563 0
1.96676 2.3727 0
1.97165 2.38939 0
1.97654 2.40656 0
1.98143 2.42416 0
1.98631 2.44217 0
1.9912 2.46079 0
1.99609 2.48041 0
2.00098 2.50134 0
2.00587 2.52357 0
2.01075 2.5468 0
2.01564 2.57042 0
2.02053 2.59359 0
2.02542 2.61551 0
2.0303 2.63579 0
2.03519 2.65441 0
2.04008 2.67147 0
2.04497 2.68715 0
2.04985 2.70183 0
2.05474 2.71623 0
2.05963 2.73128 0
2.06452 2.74787 0
2.0694 2.76642 0
2.07429 2.78683 0
2.07918 2.80873 0
2.08407 2.83181 0
2.08895 2.85579 0
2.09384 2.88009 0
2.09873 2.90363 0
2.10362 2.92513 0
2.1085 2.94371 0
2.11339 2.95945 0
2.11828 2.97338 0
2.12317 2.98689 0
2.12805 3.00115 0
2.13294 3.01667 0
2.13783 3.03322 0
2.14272 3.04996 0
2.1476 3.06589 0
2.15249 3.08012 0
2.15738 3.09214 0
2.16227 3.10173 0
2.16716 3.10908 0
2.17204 3.11458 0
2.17693 3.11877 0
2.18182 3.12213 0
2.18671 3.12534 0
2.19159 3.12913 0
2.19648 3.13381 0
2.20137 3.13885 0
2.20626 3.14317 0
2.21114 3.14561 0
2.21603 3.14498 0
2.22092 3.13989 0
2.22581 3.12908 0
2.23069 3.11235 0
2.23558 3.09105 0
2.24047 3.06745 0
2.24536 3.04311 0
2.25024 3.01785 0
2.25513 2.99006 0
2.26002 2.95799 0
2.26491 2.9207 0
2.26979 2.87808 0
2.27468 2.83063 0
2.27957 2.77903 0
2.28446 2.72384 0
2.28935 2.66529 0
2.29423 2.60353 0
2.29912 2.53942 0
2.30401 2.47542 0
2.3089 2.4159 0
2.31378 2.36657 0
2.31867 2.33348 0
2.32356 2.32176 0
2.32845 2.33402 0
2.33333 2.36897 0
2.33822 2.42097 0
2.34311 2.48153 0
2.348 2.54182 0
2.35288 2.59503 0
2.35777 2.63713 0
2.36266 2.66644 0
2.36755 2.68305 0
2.37243 2.68858 0
2.37732 2.6858 0
2.38221 2.67792 0
2.3871 2.6676 0
2.39198 2.6567 0
2.39687 2.64652 0
2.40176 2.63819 0
2.40665 2.6327 0
2.41153 2.63055 0
2.41642 2.63138 0
2.42131 2.63402 0
2.4262 2.63683 0
2.43109 2.63813 0
2.43597 2.63647 0
2.44086 2.63099 0
2.44575 2.62157 0
2.45064 2.60893 0
2.45552 2.59455 0
2.46041 2.58035 0
2.4653 2.56813 0
2.47019 2.5589 0
2.47507 2.55275 0
2.47996 2.54903 0
2.48485 2.54662 0
2.48974 2.5441 0
2.49462 2.54013 0
2.49951 2.53388 0
2.5044 2.52533 0
2.50929 2.51517 0
2.51417 2.50442 0
2.51906 2.49389 0
2.52395 2.48386 0
2.52884 2.4741 0
2.53372 2.46443 0
2.53861 2.45523 0
2.5435 2.44731 0
2.54839 2.4413 0
2.55327 2.43715 0
2.55816 2.43429 0
2.56305 2.43196 0
2.56794 2.42953 0
2.57282 2.42656 0
2.57771 2.423 0
2.5826 2.41922 0
2.58749 2.41589 0
2.59238 2.41343 0
2.59726 2.41154 0
2.60215 2.40927 0
2.60704 2.4056 0
2.61193 2.39994 0
2.61681 2.39234 0
2.6217 2.38319 0
2.62659 2.37287 0
2.63148 2.36162 0
2.63636 2.34966 0
2.64125 2.33734 0
2.64614 2.32528 0
2.65103 2.31416 0
2.65591 2.30449 0
2.6608 2.29645 0
2.66569 2.29015 0
2.67058 2.28586 0
2.67546 2.28407 0
2.68035 2.28522 0
2.68524 2.28949 0
2.69013 2.29671 0
2.69501 2.30614 0
2.6999 2.31653 0
2.70479 2.32648 0
2.70968 2.33516 0
2.71457 2.34262 0
2.71945 2.34976 0
2.72434 2.35777 0
2.72923 2.36756 0
2.73412 2.37932 0
2.739 2.39264 0
2.74389 2.40707 0
2.74878 2.42254 0
2.75367 2.43933 0
2.75855 2.45767 0
2.76344 2.47768 0
2.76833 2.49947 0
2.77322 2.52309 0
2.7781 2.54826 0
2.78299 2.57421 0
2.78788 2.59978 0
2.79277 2.62376 0
2.79765 2.64527 0
2.80254 2.66393 0
2.80743 2.67995 0
2.81232 2.69392 0
2.8172 2.70676 0
2.82209 2.71953 0
2.82698 2.73318 0
2.83187 2.74814 0
2.83675 2.76417 0
2.84164 2.78072 0
2.84653 2.79744 0
2.85142 2.81441 0
2.8563 2.83156 0
2.86119 2.84821 0
2.86608 2.86293 0
2.87097 2.87388 0
2.87586 2.87914 0
2.88074 2.87671 0
2.88563 2.86463 0
2.89052 2.84118 0
2.89541 2.80526 0
2.90029 2.7568 0
2.90518 2.69662 0
2.91007 2.62569 0
2.91496 2.54411 0
2.91984 2.45068 0
2.92473 2.34341 0
2.92962 2.2206 0
2.93451 2.08175 0
2.93939 1.92785 0
2.94428 1.76125 0
2.94917 1.58508 0
2.95406 1.40267 0
2.95894 1.21739 0
2.96383 1.03264 0
2.96872 0.852026 0
2.97361 0.679238 0
2.97849 0.517705 0
2.98338 0.370207 0
2.98827 0.238448 0
2.99316 0.122794 0
2.99804 0.0222928 0
3.00293 -0.0650011 0
3.00782 -0.141534 0
3.01271 -0.209768 0
3.0176 -0.271885 0
3.02248 -0.329683 0
3.02737 -0.384635 0
3.03226 -0.437938 0
3.03715 -0.490414 0
3.04203 -0.542284 0
3.04692 -0.593104 0
3.05181 -0.641933 0
3.0567 -0.687624 0
3.06158 -0.728981 0
3.06647 -0.764753 0
3.07136 -0.793534 0
3.07625 -0.813779 0
3.08113 -0.823991 0
3.08602 -0.823087 0
3.09091 -0.810833 0
3.0958 -0.788116 0
3.10068 -0.756859 0
3.10557 -0.7196 0
3.11046 -0.678947 0
3.11535 -0.637124 0
3.12023 -0.59568 0
3.12512 -0.555466 0
3.13001 -0.516776 0
3.1349 -0.479493 0
3.13978 -0.44314 0
3.14467 -0.407022 0
3.14956 -0.370474 0
3.15445 -0.333048 0
3.15934 -0.294585 0
3.16422 -0.255296 0
3.16911 -0.215934 0
3.174 -0.177863 0
3.17889 -0.142798 0
3.18377 -0.11221 0
3.18866 -0.0866958 0
3.19355 -0.0656438 0
3.19844 -0.0474804 0
3.20332 -0.0304202 0
3.20821 -0.0132703 0
3.2131 0.00421609 0
3.21799 0.021569 0
3.22287 0.0381722 0
3.22776 0.0537032 0
3.23265 0.0682238 0
3.23754 0.0821055 0
3.24242 0.0959839 0
3.24731 0.11062 0
3.2522 0.126487 0
3.25709 0.143288 0
3.26197 0.159857 0
3.26686 0.174523 0
3.27175 0.185563 0
3.27664 0.191536 0
3.28153 0.191582 0
3.28641 0.185567 0
3.2913 0.174065 0
3.29619 0.158429 0
3.30108 0.140917 0
3.30596 0.124513 0
3.31085 0.112458 0
3.31574 0.107802 0
3.32063 0.112793 0
3.32551 0.127908 0
3.3304 0.151068 0
3.33529 0.177965 0
3.34018 0.203538 0
3.34506 0.223537 0
3.34995 0.23537 0
3.35484 0.238222 0
3.35973 0.232733 0
3.36461 0.220486 0
3.3695 0.203708 0
3.37439 0.185096 0
3.37928 0.167383 0
3.38416 0.15262 0
3.38905 0.141646 0
3.39394 0.134067 0
3.39883 0.128686 0
3.40371 0.124092 0
3.4086 0.119121 0
3.41349 0.113023 0
3.41838 0.105429 0
3.42326 0.0963156 0
3.42815 0.0860795 0
3.43304 0.0755085 0
3.43793 0.0655137 0
3.44282 0.0567704 0
3.4477 0.0495374 0
3.45259 0.0437227 0
3.45748 0.0390723 0
3.46237 0.0353235 0
3.46725 0.0322631 0
3.47214 0.0297302 0
3.47703 0.0276043 0
3.48192 0.0257955 0
3.4868 0.024236 0
3.49169 0.0228748 0
3.49658 0.0216726 0
3.50147 0.0205996 0
3.50635 0.0196324 0
3.51124 0.018753 0
3.51613 0.0179473 0
3.52102 0.0172042 0
3.5259 0.0165148 0
3.53079 0.0158719 0
3.53568 0.0152698 0
3.54057 0.0147037 0
3.54545 0.0141695 0
3.55034 0.0136637 0
3.55523 0.0131834 0
3.56012 0.012726 0
3.56501 0.0122894 0
3.56989 0.0118718 0
3.57478 0.0114718 0
3.57967 0.011088 0
3.58456 0.0107189 0
3.58944 0.0103636 0
3.59433 0.0100209 0
3.59922 0.00968988 0
3.60411 0.00936969 0
3.60899 0.00905966 0
3.61388 0.00875917 0
3.61877 0.00846774 0
3.62366 0.00818481 0
3.62854 0.00790992 0
3.63343 0.00764253 0
3.63832 0.00738217 0
3.64321 0.00712837 0
3.64809 0.00688072 0
3.65298 0.00663888 0
3.65787 0.00640253 0
3.66276 0.00617142 0
3.66764 0.00594527 0
3.67253 0.00572388 0
3.67742 0.00550702 0
3.68231 0.00529451 0
3.68719 0.00508615 0
3.69208 0.00488173 0
3.69697 0.004681 0
3.70186 0.00448373 0
3.70674 0.00428966 0
3.71163 0.0040986 0
3.71652 0.00391037 0
3.72141 0.00372481 0
3.7263 0.0035418 0
3.73118 0.00336126 0
3.73607 0.00318313 0
3.74096 0.00300731 0
3.74585 0.00283373 0
3.75073 0.00266229 0
3.75562 0.00249288 0
3.76051 0.00232541 0
3.7654 0.00215977 0
3.77028 0.00199586 0
3.77517 0.00183359 0
3.78006 0.00167285 0
3.78495 0.00151356 0
3.78983 0.00135565 0
3.79472 0.00119906 0
3.79961 0.00104371 0
3.8045 0.000889515 0
3.80938 0.000736381 0
3.81427 0.000584207 0
3.81916 0.000432908 0
3.82405 0.00028242 0
3.82893 0.000132689 0
3.83382 -1.63414e-05 0
3.83871 -0.00016474 0
3.8436 -0.000312616 0
3.84848 -0.000460119 0
3.85337 -0.000607401 0
3.85826 -0.000754652 0
3.86315 -0.000902037 0
3.86804 -0.00104968 0
3.87292 -0.00119769 0
3.87781 -0.0013461 0
3.8827 -0.00149502 0
3.88759 -0.00164455 0
3.89247 -0.00179491 0
3.89736 -0.00194635 0
3.90225 -0.00209915 0
3.90714 -0.00225363 0
3.91202 -0.00241059 0
3.91691 -0.00256929 0
3.9218 -0.002731 0
3.92669 -0.00289534 0
3.93157 -0.00306281 0
3.93646 -0.00323313 0
3.94135 -0.00340567 0
3.94624 -0.00358025 0
3.95112 -0.00375544 0
3.95601 -0.0039292 0
3.9609 -0.00409728 0
3.96579 -0.00425554 0
3.97067 -0.0043974 0
3.97556 -0.00451879 0
3.98045 -0.00461584 0
3.98534 -0.00468903 0
3.99022 -0.00474122 0
3.99511 -0.00477627 0
4 -0.00479962 0
