-1 7.30255e-05 0
-0.995112 0.000116126 0
-0.990225 0.000182151 0
-0.985337 0.000280141 0
-0.98045 0.000419477 0
-0.975562 0.000607351 0
-0.970675 0.000845977 0
-0.965787 0.0011314 0
-0.960899 0.00145491 0
-0.956012 0.00180599 0
-0.951124 0.00217503 0
-0.946237 0.00255463 0
-0.941349 0.00293982 0
-0.936461 0.00332766 0
-0.931574 0.00371666 0
-0.926686 0.00410629 0
-0.921799 0.00449662 0
-0.916911 0.00488809 0
-0.912023 0.00528133 0
-0.907136 0.00567702 0
-0.902248 0.00607589 0
-0.897361 0.00647875 0
-0.892473 0.00688648 0
-0.887586 0.00730008 0
-0.882698 0.00772059 0
-0.87781 0.00814911 0
-0.872923 0.0085867 0
-0.868035 0.00903445 0
-0.863148 0.00949335 0
-0.85826 0.00996443 0
-0.853372 0.0104487 0
-0.848485 0.0109473 0
-0.843597 0.0114614 0
-0.83871 0.0119924 0
-0.833822 0.0125421 0
-0.828935 0.0131121 0
-0.824047 0.0137046 0
-0.819159 0.0143216 0
-0.814272 0.0149659 0
-0.809384 0.0156402 0
-0.804497 0.0163479 0
-0.799609 0.0170931 0
-0.794721 0.0178804 0
-0.789834 0.0187152 0
-0.784946 0.0196041 0
-0.780059 0.0205549 0
-0.775171 0.0215772 0
-0.770283 0.0226831 0
-0.765396 0.0238876 0
-0.760508 0.0252103 0
-0.755621 0.0266766 0
-0.750733 0.0283198 0
-0.745845 0.0301849 0
-0.740958 0.0323328 0
-0.73607 0.0348474 0
-0.731183 0.0378451 0
-0.726295 0.0414891 0
-0.721408 0.0460062 0
-0.71652 0.0517079 0
-0.711632 0.0590063 0
-0.706745 0.0684112 0
-0.701857 0.0804918 0
-0.69697 0.0958154 0
-0.692082 0.11492 0
-0.687195 0.138361 0
-0.682307 0.166688 0
-0.677419 0.200149 0
-0.672532 0.238235 0
-0.667644 0.279566 0
-0.662757 0.322391 0
-0.657869 0.365344 0
-0.652981 0.407813 0
-0.648094 0.449767 0
-0.643206 0.491401 0
-0.638319 0.533044 0
-0.633431 0.575352 0
-0.628544 0.61929 0
-0.623656 0.665648 0
-0.618768 0.714425 0
-0.613881 0.764719 0
-0.608993 0.81526 0
-0.604106 0.865277 0
-0.599218 0.91509 0
-0.59433 0.965817 0
-0.589443 1.01806 0
-0.584555 1.07046 0
-0.579668 1.11912 0
-0.57478 1.15815 0
-0.569892 1.18091 0
-0.565005 1.18165 0
-0.560117 1.15739 0
-0.55523 1.10951 0
-0.550342 1.04389 0
-0.545455 0.969029 0
-0.540567 0.892927 0
-0.535679 0.821081 0
-0.530792 0.756423 0
-0.525904 0.700362 0
-0.521017 0.653624 0
-0.516129 0.616439 0
-0.511241 0.588385 0
-0.506354 0.568361 0
-0.501466 0.554837 0
-0.496579 0.546208 0
-0.491691 0.540941 0
-0.486804 0.537393 0
-0.481916 0.533716 0
-0.477028 0.528432 0
-0.472141 0.521277 0
-0.467253 0.513405 0
-0.462366 0.506581 0
-0.457478 0.502015 0
-0.45259 0.499697 0
-0.447703 0.498685 0
-0.442815 0.497958 0
-0.437928 0.497076 0
-0.43304 0.496284 0
-0.428152 0.4962 0
-0.423265 0.497335 0
-0.418377 0.499674 0
-0.41349 0.502675 0
-0.408602 0.505714 0
-0.403715 0.508552 0
-0.398827 0.511448 0
-0.393939 0.514901 0
-0.389052 0.519256 0
-0.384164 0.524397 0
-0.379277 0.529831 0
-0.374389 0.535139 0
-0.369501 0.540344 0
-0.364614 0.545842 0
-0.359726 0.552063 0
-0.354839 0.559252 0
-0.349951 0.567509 0
-0.345064 0.576931 0
-0.340176 0.587596 0
-0.335288 0.599222 0
-0.330401 0.610874 0
-0.325513 0.621241 0
-0.320626 0.629395 0
-0.315738 0.635446 0
-0.310851 0.640525 0
-0.305963 0.646131 0
-0.301075 0.653418 0
-0.296188 0.662901 0
-0.2913 0.674561 0
-0.286413 0.688012 0
-0.281525 0.702655 0
-0.276637 0.717889 0
-0.27175 0.733354 0
-0.266862 0.748998 0
-0.261975 0.764925 0
-0.257087 0.781221 0
-0.252199 0.797868 0
-0.247312 0.814761 0
-0.242424 0.831794 0
-0.237537 0.848957 0
-0.232649 0.866391 0
-0.227761 0.884281 0
-0.222874 0.902584 0
-0.217986 0.920834 0
-0.213099 0.938265 0
-0.208211 0.954195 0
-0.203324 0.968385 0
-0.198436 0.981217 0
-0.193548 0.993624 0
-0.188661 1.00674 0
-0.183773 1.02141 0
-0.178886 1.03773 0
-0.173998 1.05498 0
-0.16911 1.07195 0
-0.164223 1.0876 0
-0.159335 1.10156 0
-0.154448 1.11432 0
-0.14956 1.12681 0
-0.144672 1.13986 0
-0.139785 1.15378 0
-0.134897 1.16828 0
-0.13001 1.1828 0
-0.125122 1.19676 0
-0.120235 1.2098 0
-0.115347 1.22181 0
-0.110459 1.23288 0
-0.105572 1.24324 0
-0.100684 1.25328 0
-0.0957966 1.26349 0
-0.0909091 1.27429 0
-0.0860215 1.28577 0
-0.0811339 1.29757 0
-0.0762463 1.30906 0
-0.0713587 1.31959 0
-0.0664712 1.32882 0
-0.0615836 1.33688 0
-0.056696 1.34423 0
-0.0518084 1.35145 0
-0.0469208 1.35903 0
-0.0420333 1.36718 0
-0.0371457 1.37582 0
-0.0322581 1.38464 0
-0.0273705 1.39337 0
-0.0224829 1.40185 0
-0.0175954 1.41003 0
-0.0127078 1.41797 0
-0.00782019 1.42568 0
-0.00293261 1.4331 0
0.00195497 1.44005 0
0.00684255 1.44635 0
0.0117301 1.4519 0
0.0166177 1.45669 0
0.0215053 1.4608 0
0.0263929 1.46436 0
0.0312805 1.46747 0
0.036168 1.47025 0
0.0410556 1.47277 0
0.0459432 1.47512 0
0.0508308 1.47734 0
0.0557185 1.47947 0
0.0606061 1.48152 0
0.0654937 1.48348 0
0.0703813 1.48533 0
0.0752688 1.48701 0
0.0801564 1.48844 0
0.085044 1.48953 0
0.0899316 1.49021 0
0.0948192 1.4905 0
0.0997067 1.49048 0
0.104594 1.49034 0
0.109482 1.49028 0
0.114369 1.49043 0
0.119257 1.49086 0
0.124145 1.49155 0
0.129032 1.49252 0
0.13392 1.49379 0
0.138808 1.49538 0
0.143695 1.49733 0
0.148583 1.4996 0
0.15347 1.5021 0
0.158358 1.50469 0
0.163245 1.50725 0
0.168133 1.50964 0
0.173021 1.51183 0
0.177908 1.51386 0
0.182796 1.51584 0
0.187683 1.51796 0
0.192571 1.52038 0
0.197459 1.5232 0
0.202346 1.52646 0
0.207234 1.53007 0
0.212121 1.53392 0
0.217009 1.53787 0
0.221896 1.54184 0
0.226784 1.54581 0
0.231672 1.54981 0
0.236559 1.55396 0
0.241447 1.55836 0
0.246334 1.5631 0
0.251222 1.56817 0
0.256109 1.5735 0
0.260997 1.57899 0
0.265885 1.58455 0
0.270772 1.59018 0
0.27566 1.59596 0
0.280547 1.602 0
0.285435 1.60839 0
0.290323 1.61511 0
0.29521 1.62203 0
0.300098 1.62879 0
0.304985 1.63486 0
0.309873 1.63952 0
0.31476 1.64199 0
0.319648 1.64165 0
0.324536 1.63825 0
0.329423 1.63223 0
0.334311 1.62462 0
0.339198 1.61661 0
0.344086 1.60916 0
0.348974 1.60275 0
0.353861 1.59753 0
0.358749 1.59346 0
0.363636 1.59043 0
0.368524 1.5883 0
0.373412 1.58698 0
0.378299 1.58633 0
0.383187 1.58626 0
0.388074 1.58662 0
0.392962 1.58729 0
0.397849 1.58814 0
0.402737 1.58903 0
0.407625 1.58981 0
0.412512 1.59033 0
0.4174 1.5905 0
0.422287 1.59034 0
0.427175 1.58994 0
0.432063 1.58941 0
0.43695 1.58886 0
0.441838 1.58838 0
0.446725 1.58803 0
0.451613 1.58781 0
0.4565 1.58772 0
0.461388 1.58774 0
0.466276 1.58784 0
0.471163 1.588 0
0.476051 1.58818 0
0.480938 1.58837 0
0.485826 1.58855 0
0.490714 1.58873 0
0.495601 1.5889 0
0.500489 1.58904 0
0.505376 1.58916 0
0.510264 1.58925 0
0.515152 1.58926 0
0.520039 1.58919 0
0.524927 1.589 0
0.529814 1.58868 0
0.534702 1.58827 0
0.539589 1.5878 0
0.544477 1.58734 0
0.549365 1.58689 0
0.554252 1.58648 0
0.55914 1.58609 0
0.564027 1.58572 0
0.568915 1.58537 0
0.573803 1.58502 0
0.57869 1.5847 0
0.583578 1.58439 0
0.588465 1.58408 0
0.593353 1.58379 0
0.59824 1.5835 0
0.603128 1.58321 0
0.608016 1.58293 0
0.612903 1.58265 0
0.617791 1.58237 0
0.622678 1.5821 0
0.627566 1.58182 0
0.632454 1.58155 0
0.637341 1.58128 0
0.642229 1.581 0
0.647116 1.58073 0
0.652004 1.58045 0
0.656892 1.58016 0
0.661779 1.57987 0
0.666667 1.57958 0
0.671554 1.57928 0
0.676442 1.57898 0
0.681329 1.57867 0
0.686217 1.57836 0
0.691105 1.57805 0
0.695992 1.57773 0
0.70088 1.57741 0
0.705767 1.57709 0
0.710655 1.57676 0
0.715543 1.57643 0
0.72043 1.5761 0
0.725318 1.57576 0
0.730205 1.57542 0
0.735093 1.57507 0
0.73998 1.57472 0
0.744868 1.57436 0
0.749756 1.574 0
0.754643 1.57363 0
0.759531 1.57326 0
0.764418 1.57288 0
0.769306 1.57249 0
0.774194 1.5721 0
0.779081 1.57169 0
0.783969 1.57128 0
0.788856 1.57086 0
0.793744 1.57043 0
0.798632 1.57 0
0.803519 1.56955 0
0.808407 1.56909 0
0.813294 1.56862 0
0.818182 1.56814 0
0.823069 1.56765 0
0.827957 1.56714 0
0.832845 1.56661 0
0.837732 1.56608 0
0.84262 1.56552 0
0.847507 1.56495 0
0.852395 1.56436 0
0.857283 1.56374 0
0.86217 1.56311 0
0.867058 1.56245 0
0.871945 1.56176 0
0.876833 1.56105 0
0.88172 1.56031 0
0.886608 1.55953 0
0.891496 1.55872 0
0.896383 1.55787 0
0.901271 1.55698 0
0.906158 1.55605 0
0.911046 1.55507 0
0.915933 1.55404 0
0.920821 1.55296 0
0.925709 1.55182 0
0.930596 1.55063 0
0.935484 1.54939 0
0.940371 1.54809 0
0.945259 1.54675 0
0.950147 1.54538 0
0.955034 1.54401 0
0.959922 1.54264 0
0.964809 1.54129 0
0.969697 1.53997 0
0.974585 1.53866 0
0.979472 1.53732 0
0.98436 1.53587 0
0.989247 1.53424 0
0.994135 1.53236 0
0.999022 1.53025 0
1.00391 1.52795 0
1.0088 1.52554 0
1.01369 1.52312 0
1.01857 1.52072 0
1.02346 1.51832 0
1.02835 1.51588 0
1.03324 1.51335 0
1.03812 1.51073 0
1.04301 1.50804 0
1.0479 1.50531 0
1.05279 1.5026 0
1.05767 1.49999 0
1.06256 1.49763 0
1.06745 1.49586 0
1.07234 1.49524 0
1.07722 1.49662 0
1.08211 1.50098 0
1.087 1.50922 0
1.09189 1.52173 0
1.09677 1.53796 0
1.10166 1.55625 0
1.10655 1.57433 0
1.11144 1.59015 0
1.11632 1.60255 0
1.12121 1.61121 0
1.1261 1.61632 0
1.13099 1.61836 0
1.13587 1.61794 0
1.14076 1.61578 0
1.14565 1.61263 0
1.15054 1.60916 0
1.15543 1.60585 0
1.16031 1.60296 0
1.1652 1.60051 0
1.17009 1.59837 0
1.17498 1.59637 0
1.17986 1.59436 0
1.18475 1.59222 0
1.18964 1.58991 0
1.19453 1.58744 0
1.19941 1.58486 0
1.2043 1.58229 0
1.20919 1.57982 0
1.21408 1.57754 0
1.21896 1.57558 0
1.22385 1.57398 0
1.22874 1.5728 0
1.23363 1.57197 0
1.23851 1.57137 0
1.2434 1.57086 0
1.24829 1.57029 0
1.25318 1.56961 0
1.25806 1.56879 0
1.26295 1.56788 0
1.26784 1.5669 0
1.27273 1.56589 0
1.27761 1.56487 0
1.2825 1.56387 0
1.28739 1.56289 0
1.29228 1.56193 0
1.29717 1.56101 0
1.30205 1.56012 0
1.30694 1.55927 0
1.31183 1.55846 0
1.31672 1.55767 0
1.3216 1.55691 0
1.32649 1.55616 0
1.33138 1.55544 0
1.33627 1.55472 0
1.34115 1.55402 0
1.34604 1.55333 0
1.35093 1.55264 0
1.35582 1.55197 0
1.3607 1.55135 0
1.36559 1.5508 0
1.37048 1.55038 0
1.37537 1.55014 0
1.38025 1.55015 0
1.38514 1.55044 0
1.39003 1.55097 0
1.39492 1.55166 0
1.3998 1.55237 0
1.40469 1.55297 0
1.40958 1.55335 0
1.41447 1.55349 0
1.41935 1.55339 0
1.42424 1.5531 0
1.42913 1.55268 0
1.43402 1.55217 0
1.43891 1.55161 0
1.44379 1.55102 0
1.44868 1.55043 0
1.45357 1.54984 0
1.45846 1.54926 0
1.46334 1.54869 0
1.46823 1.54813 0
1.47312 1.54759 0
1.47801 1.54705 0
1.48289 1.54651 0
1.48778 1.54598 0
1.49267 1.54546 0
1.49756 1.54493 0
1.50244 1.54442 0
1.50733 1.54392 0
1.51222 1.54346 0
1.51711 1.54306 0
1.52199 1.54273 0
1.52688 1.54247 0
1.53177 1.54226 0
1.53666 1.54206 0
1.54154 1.54179 0
1.54643 1.5414 0
1.55132 1.54083 0
1.55621 1.54005 0
1.56109 1.53905 0
1.56598 1.53786 0
1.57087 1.53655 0
1.57576 1.5352 0
1.58065 1.53395 0
1.58553 1.53293 0
1.59042 1.53221 0
1.59531 1.53177 0
1.6002 1.53151 0
1.60508 1.5313 0
1.60997 1.5311 0
1.61486 1.53092 0
1.61975 1.53085 0
1.62463 1.53102 0
1.62952 1.5316 0
1.63441 1.53271 0
1.6393 1.53438 0
1.64418 1.53643 0
1.64907 1.53852 0
1.65396 1.54031 0
1.65885 1.54168 0
1.66373 1.54286 0
1.66862 1.54425 0
1.67351 1.54614 0
1.6784 1.54865 0
1.68328 1.55197 0
1.68817 1.55657 0
1.69306 1.563 0
1.69795 1.57159 0
1.70283 1.58222 0
1.70772 1.59436 0
1.71261 1.60709 0
1.7175 1.61936 0
1.72239 1.6301 0
1.72727 1.63856 0
1.73216 1.64463 0
1.73705 1.64891 0
1.74194 1.65247 0
1.74682 1.65644 0
1.75171 1.66151 0
1.7566 1.66779 0
1.76149 1.67507 0
1.76637 1.68318 0
1.77126 1.69208 0
1.77615 1.70161 0
1.78104 1.71138 0
1.78592 1.721 0
1.79081 1.73035 0
1.7957 1.73955 0
1.80059 1.7487 0
1.80547 1.75789 0
1.81036 1.76752 0
1.81525 1.77832 0
1.82014 1.79103 0
1.82502 1.80606 0
1.82991 1.82332 0
1.8348 1.84229 0
1.83969 1.86221 0
1.84457 1.88218 0
1.84946 1.90136 0
1.85435 1.91912 0
1.85924 1.93522 0
1.86413 1.94966 0
1.86901 1.96244 0
1.8739 1.97367 0
1.87879 1.98377 0
1.88368 1.9936 0
1.88856 2.00418 0
1.89345 2.01613 0
1.89834 2.02937 0
1.90323 2.0431 0
1.90811 2.05615 0
1.913 2.06747 0
1.91789 2.07655 0
1.92278 2.08369 0
1.92766 2.0899 0
1.93255 2.09641 0
1.93744 2.10413 0
1.94233 2.1133 0
1.94721 2.12363 0
1.9521 2.13474 0
1.95699 2.14658 0
1.96188 2.1594 0
1.96676 2.17342 0
1.97165 2.18847 0
1.97654 2.20393 0
1.98143 2.21892 0
1.98631 2.23248 0
1.9912 2.24388 0
1.99609 2.25293 0
2.00098 2.26035 0
2.00587 2.26764 0
2.01075 2.27641 0
2.01564 2.28765 0
2.02053 2.30155 0
2.02542 2.31771 0
2.0303 2.33543 0
2.03519 2.35378 0
2.04008 2.37167 0
2.04497 2.38812 0
2.04985 2.40265 0
2.05474 2.41541 0
2.05963 2.42706 0
2.06452 2.43818 0
2.0694 2.44869 0
2.07429 2.45769 0
2.07918 2.46409 0
2.08407 2.46751 0
2.08895 2.46869 0
2.09384 2.4689 0
2.09873 2.46902 0
2.10362 2.46909 0
2.1085 2.46872 0
2.11339 2.46753 0
2.11828 2.46531 0
2.12317 2.46201 0
2.12805 2.45768 0
2.13294 2.45241 0
2.13783 2.4463 0
2.14272 2.43966 0
2.1476 2.43304 0
2.15249 2.42674 0
2.15738 2.42022 0
2.16227 2.41211 0
2.16716 2.40096 0
2.17204 2.3862 0
2.17693 2.36847 0
2.18182 2.34926 0
2.18671 2.33006 0
2.19159 2.31175 0
2.19648 2.29429 0
2.20137 2.27671 0
2.20626 2.25743 0
2.21114 2.23499 0
2.21603 2.20846 0
2.22092 2.17753 0
2.22581 2.14253 0
2.23069 2.10443 0
2.23558 2.06455 0
2.24047 2.02404 0
2.24536 1.98323 0
2.25024 1.94144 0
2.25513 1.89736 0
2.26002 1.84975 0
2.26491 1.79811 0
2.26979 1.74294 0
2.27468 1.68543 0
2.27957 1.6269 0
2.28446 1.56855 0
2.28935 1.51176 0
2.29423 1.45841 0
2.29912 1.41061 0
2.30401 1.37047 0
2.3089 1.34061 0
2.31378 1.3251 0
2.31867 1.32944 0
2.32356 1.35906 0
2.32845 1.41665 0
2.33333 1.4997 0
2.33822 1.59993 0
2.34311 1.70552 0
2.348 1.80513 0
2.35288 1.89139 0
2.35777 1.96206 0
2.36266 2.01899 0
2.36755 2.06616 0
2.37243 2.10794 0
2.37732 2.14756 0
2.38221 2.18608 0
2.3871 2.22202 0
2.39198 2.25245 0
2.39687 2.27463 0
2.40176 2.28747 0
2.40665 2.29193 0
2.41153 2.2905 0
2.41642 2.28632 0
2.42131 2.28232 0
2.4262 2.28067 0
2.43109 2.28242 0
2.43597 2.28766 0
2.44086 2.29574 0
2.44575 2.30562 0
2.45064 2.3159 0
2.45552 2.32487 0
2.46041 2.33091 0
2.4653 2.33325 0
2.47019 2.33242 0
2.47507 2.33011 0
2.47996 2.32812 0
2.48485 2.32728 0
2.48974 2.32735 0
2.49462 2.32759 0
2.49951 2.32739 0
2.5044 2.32651 0
2.50929 2.32512 0
2.51417 2.32373 0
2.51906 2.32283 0
2.52395 2.32225 0
2.52884 2.32083 0
2.53372 2.31702 0
2.53861 2.31006 0
2.5435 2.30079 0
2.54839 2.29135 0
2.55327 2.28397 0
2.55816 2.27994 0
2.56305 2.27927 0
2.56794 2.28108 0
2.57282 2.28394 0
2.57771 2.28627 0
2.5826 2.28669 0
2.58749 2.28432 0
2.59238 2.27908 0
2.59726 2.2719 0
2.60215 2.26457 0
2.60704 2.25905 0
2.61193 2.25679 0
2.61681 2.25825 0
2.6217 2.26285 0
2.62659 2.2691 0
2.63148 2.27501 0
2.63636 2.27884 0
2.64125 2.2798 0
2.64614 2.27806 0
2.65103 2.27413 0
2.65591 2.26821 0
2.6608 2.26042 0
2.66569 2.25149 0
2.67058 2.2431 0
2.67546 2.23738 0
2.68035 2.23592 0
2.68524 2.23907 0
2.69013 2.24602 0
2.69501 2.25546 0
2.6999 2.26624 0
2.70479 2.27755 0
2.70968 2.28877 0
2.71457 2.29934 0
2.71945 2.30887 0
2.72434 2.31745 0
2.72923 2.3256 0
2.73412 2.33391 0
2.739 2.34282 0
2.74389 2.35273 0
2.74878 2.36419 0
2.75367 2.37762 0
2.75855 2.39279 0
2.76344 2.40872 0
2.76833 2.42417 0
2.77322 2.43838 0
2.7781 2.45149 0
2.78299 2.4644 0
2.78788 2.47812 0
2.79277 2.49319 0
2.79765 2.50957 0
2.80254 2.52696 0
2.80743 2.54513 0
2.81232 2.56382 0
2.8172 2.58276 0
2.82209 2.60171 0
2.82698 2.62072 0
2.83187 2.64005 0
2.83675 2.65987 0
2.84164 2.68001 0
2.84653 2.70005 0
2.85142 2.71947 0
2.8563 2.73772 0
2.86119 2.75408 0
2.86608 2.76742 0
2.87097 2.77618 0
2.87586 2.77834 0
2.88074 2.77145 0
2.88563 2.75302 0
2.89052 2.7212 0
2.89541 2.67549 0
2.90029 2.61712 0
2.90518 2.54874 0
2.91007 2.47327 0
2.91496 2.39248 0
2.91984 2.30626 0
2.92473 2.21299 0
2.92962 2.11056 0
2.93451 1.99728 0
2.93939 1.87234 0
2.94428 1.73609 0
2.94917 1.59 0
2.95406 1.43651 0
2.95894 1.27864 0
2.96383 1.1195 0
2.96872 0.962002 0
2.97361 0.808704 0
2.97849 0.661772 0
2.98338 0.522886 0
2.98827 0.393102 0
2.99316 0.272835 0
2.99804 0.161917 0
3.00293 0.0597601 0
3.00782 -0.0345522 0
3.01271 -0.122235 0
3.0176 -0.204736 0
3.02248 -0.283468 0
3.02737 -0.359432 0
3.03226 -0.43302 0
3.03715 -0.504149 0
3.04203 -0.572487 0
3.04692 -0.6375 0
3.05181 -0.698307 0
3.0567 -0.753552 0
3.06158 -0.801471 0
3.06647 -0.840098 0
3.07136 -0.867584 0
3.07625 -0.882676 0
3.08113 -0.885224 0
3.08602 -0.876271 0
3.09091 -0.85754 0
3.0958 -0.830679 0
3.10068 -0.79699 0
3.10557 -0.757803 0
3.11046 -0.714902 0
3.11535 -0.670391 0
3.12023 -0.626131 0
3.12512 -0.583244 0
3.13001 -0.54216 0
3.1349 -0.50306 0
3.13978 -0.466271 0
3.14467 -0.432213 0
3.14956 -0.400971 0
3.15445 -0.371997 0
3.15934 -0.344397 0
3.16422 -0.317437 0
3.16911 -0.290681 0
3.174 -0.263656 0
3.17889 -0.235681 0
3.18377 -0.20625 0
3.18866 -0.175643 0
3.19355 -0.14502 0
3.19844 -0.115802 0
3.20332 -0.0889184 0
3.20821 -0.0645624 0
3.2131 -0.0424364 0
3.21799 -0.0220939 0
3.22287 -0.00316192 0
3.22776 0.0144544 0
3.23265 0.0304754 0
3.23754 0.0444306 0
3.24242 0.0561108 0
3.24731 0.0659567 0
3.2522 0.0750674 0
3.25709 0.0847362 0
3.26197 0.0956428 0
3.26686 0.10719 0
3.27175 0.117567 0
3.27664 0.124549 0
3.28153 0.126393 0
3.28641 0.122258 0
3.2913 0.112222 0
3.29619 0.0973459 0
3.30108 0.0798275 0
3.30596 0.062814 0
3.31085 0.0497847 0
3.31574 0.0439236 0
3.32063 0.0475969 0
3.32551 0.0617011 0
3.3304 0.0850313 0
3.33529 0.114231 0
3.34018 0.144549 0
3.34506 0.171156 0
3.34995 0.190573 0
3.35484 0.201517 0
3.35973 0.204667 0
3.36461 0.2017 0
3.3695 0.194398 0
3.37439 0.184299 0
3.37928 0.17271 0
3.38416 0.160669 0
3.38905 0.148761 0
3.39394 0.137 0
3.39883 0.125046 0
3.40371 0.112657 0
3.4086 0.100037 0
3.41349 0.0877667 0
3.41838 0.0764247 0
3.42326 0.0663147 0
3.42815 0.0574882 0
3.43304 0.0498798 0
3.43793 0.0433908 0
3.44282 0.0379186 0
3.4477 0.0333505 0
3.45259 0.0295544 0
3.45748 0.0264009 0
3.46237 0.0237851 0
3.46725 0.021619 0
3.47214 0.0198216 0
3.47703 0.0183191 0
3.48192 0.0170497 0
3.4868 0.0159635 0
3.49169 0.0150219 0
3.49658 0.0141956 0
3.50147 0.0134621 0
3.50635 0.0128039 0
3.51124 0.0122078 0
3.51613 0.0116633 0
3.52102 0.0111623 0
3.5259 0.0106986 0
3.53079 0.0102671 0
3.53568 0.00986393 0
3.54057 0.0094855 0
3.54545 0.00912917 0
3.55034 0.00879242 0
3.55523 0.00847313 0
3.56012 0.00816957 0
3.56501 0.00788015 0
3.56989 0.00760359 0
3.57478 0.00733878 0
3.57967 0.00708468 0
3.58456 0.00684047 0
3.58944 0.00660535 0
3.59433 0.00637858 0
3.59922 0.00615954 0
3.60411 0.00594769 0
3.60899 0.00574254 0
3.61388 0.00554369 0
3.61877 0.0053508 0
3.62366 0.00516356 0
3.62854 0.00498163 0
3.63343 0.0048047 0
3.63832 0.00463245 0
3.64321 0.0044646 0
3.64809 0.00430086 0
3.65298 0.00414097 0
3.65787 0.00398467 0
3.66276 0.00383173 0
3.66764 0.00368194 0
3.67253 0.00353511 0
3.67742 0.00339111 0
3.68231 0.00324982 0
3.68719 0.00311116 0
3.69208 0.00297504 0
3.69697 0.00284143 0
3.70186 0.00271025 0
3.70674 0.00258138 0
3.71163 0.00245472 0
3.71652 0.00233009 0
3.72141 0.00220734 0
3.7263 0.00208629 0
3.73118 0.00196684 0
3.73607 0.00184888 0
3.74096 0.00173238 0
3.74585 0.00161729 0
3.75073 0.00150358 0
3.75562 0.00139118 0
3.76051 0.00128004 0
3.7654 0.00117007 0
3.77028 0.00106119 0
3.77517 0.000953318 0
3.78006 0.000846392 0
3.78495 0.000740382 0
3.78983 0.000635278 0
3.79472 0.000531072 0
3.79961 0.000427749 0
3.8045 0.000325272 0
3.80938 0.000223592 0
3.81427 0.000122643 0
3.81916 2.2346e-05 0
3.82405 -7.73915e-05 0
3.82893 -0.000176666 0
3.83382 -0.000275563 0
3.83871 -0.000374156 0
3.8436 -0.0004725 0
3.84848 -0.000570645 0
3.85337 -0.000668621 0
3.85826 -0.000766496 0
3.86315 -0.000864356 0
3.86804 -0.00096232 0
3.87292 -0.00106053 0
3.87781 -0.00115913 0
3.8827 -0.00125827 0
3.88759 -0.0013581 0
3.89247 -0.00145877 0
3.89736 -0.00156043 0
3.90225 -0.0016632 0
3.90714 -0.0017672 0
3.91202 -0.0018725 0
3.91691 -0.00197969 0
3.9218 -0.00208828 0
3.92669 -0.00219826 0
3.93157 -0.00230953 0
3.93646 -0.00242287 0
3.94135 -0.00253787 0
3.94624 -0.00265377 0
3.95112 -0.00277033 0
3.95601 -0.00288611 0
3.9609 -0.0029994 0
3.96579 -0.00310743 0
3.97067 -0.0032055 0
3.97556 -0.00329092 0
3.98045 -0.0033597 0
3.98534 -0.00341268 0
3.99022 -0.00345037 0
3.99511 -0.00347611 0
4 -0.00349344 0
