-1.5 6.62152e-27 0
-1.49462 1.13357e-26 0
-1.48925 1.94062e-26 0
-1.48387 3.32225e-26 0
-1.47849 5.68753e-26 0
-1.47312 9.73677e-26 0
-1.46774 1.66689e-25 0
-1.46237 2.85363e-25 0
-1.45699 4.88527e-25 0
-1.45161 8.36336e-25 0
-1.44624 1.43177e-24 0
-1.44086 2.45111e-24 0
-1.43548 4.19619e-24 0
-1.43011 7.18367e-24 0
-1.42473 1.22981e-23 0
-1.41936 2.10537e-23 0
-1.41398 3.6043e-23 0
-1.4086 6.17039e-23 0
-1.40323 1.05634e-22 0
-1.39785 1.8084e-22 0
-1.39247 3.0959e-22 0
-1.3871 5.30002e-22 0
-1.38172 9.07338e-22 0
-1.37634 1.55332e-21 0
-1.37097 2.65921e-21 0
-1.36559 4.55243e-21 0
-1.36022 7.79354e-21 0
-1.35484 1.33422e-20 0
-1.34946 2.28411e-20 0
-1.34409 3.91029e-20 0
-1.33871 6.69423e-20 0
-1.33333 1.14602e-19 0
-1.32796 1.96193e-19 0
-1.32258 3.35873e-19 0
-1.3172 5.74998e-19 0
-1.31183 9.84369e-19 0
-1.30645 1.68519e-18 0
-1.30108 2.88497e-18 0
-1.2957 4.93892e-18 0
-1.29032 8.4552e-18 0
-1.28495 1.44749e-17 0
-1.27957 2.47803e-17 0
-1.27419 4.24227e-17 0
-1.26882 7.26255e-17 0
-1.26344 1.24331e-16 0
-1.25806 2.12849e-16 0
-1.25269 3.64388e-16 0
-1.24731 6.23814e-16 0
-1.24194 1.06794e-15 0
-1.23656 1.82826e-15 0
-1.23118 3.12989e-15 0
-1.22581 5.35822e-15 0
-1.22043 9.17302e-15 0
-1.21505 1.57038e-14 0
-1.20968 2.68841e-14 0
-1.2043 4.60242e-14 0
-1.19892 7.8796e-14 0
-1.19355 1.34895e-13 0
-1.18817 2.30933e-13 0
-1.1828 3.95347e-13 0
-1.17742 6.76815e-13 0
-1.17204 1.15867e-12 0
-1.16667 1.98359e-12 0
-1.16129 3.39581e-12 0
-1.15591 5.81347e-12 0
-1.15054 9.95237e-12 0
-1.14516 1.7038e-11 0
-1.13978 2.91682e-11 0
-1.13441 4.99345e-11 0
-1.12903 8.54855e-11 0
-1.12366 1.46347e-10 0
-1.11828 2.50539e-10 0
-1.1129 4.28911e-10 0
-1.10753 7.34274e-10 0
-1.10215 1.25704e-09 0
-1.09677 2.15199e-09 0
-1.0914 3.68409e-09 0
-1.08602 6.30697e-09 0
-1.08065 1.07972e-08 0
-1.07527 1.8484e-08 0
-1.06989 3.16432e-08 0
-1.06452 5.417e-08 0
-1.05914 9.27319e-08 0
-1.05376 1.58739e-07 0
-1.04839 2.71713e-07 0
-1.04301 4.65043e-07 0
-1.03763 7.95789e-07 0
-1.03226 1.36135e-06 0
-1.02688 2.32765e-06 0
-1.02151 3.97628e-06 0
-1.01613 6.78238e-06 0
-1.01075 1.15393e-05 0
-1.00538 1.95486e-05 0
-1 3.28833e-05 0
-0.994624 5.46848e-05 0
-0.989247 8.93321e-05 0
-0.983871 0.000142137 0
-0.978495 0.000218149 0
-0.973118 0.000320164 0
-0.967742 0.000447086 0
-0.962366 0.000594084 0
-0.956989 0.000754508 0
-0.951613 0.000922063 0
-0.946237 0.00109207 0
-0.94086 0.00126174 0
-0.935484 0.0014298 0
-0.930108 0.00159594 0
-0.924731 0.00176028 0
-0.919355 0.00192302 0
-0.913979 0.00208432 0
-0.908602 0.00224429 0
-0.903226 0.00240306 0
-0.89785 0.00256082 0
-0.892473 0.00271781 0
-0.887097 0.0028743 0
-0.881721 0.0030305 0
-0.876344 0.00318664 0
-0.870968 0.00334294 0
-0.865592 0.00349966 0
-0.860215 0.00365706 0
-0.854839 0.00381543 0
-0.849463 0.00397502 0
-0.844086 0.00413605 0
-0.83871 0.0042987 0
-0.833333 0.00446313 0
-0.827957 0.00462945 0
-0.822581 0.00479779 0
-0.817204 0.00496832 0
-0.811828 0.00514124 0
-0.806452 0.00531679 0
-0.801075 0.00549526 0
-0.795699 0.00567688 0
-0.790323 0.00586183 0
-0.784946 0.00605017 0
-0.77957 0.00624197 0
-0.774194 0.00643735 0
-0.768817 0.00663652 0
-0.763441 0.00683975 0
-0.758065 0.0070474 0
-0.752688 0.00725989 0
-0.747312 0.00747768 0
-0.741936 0.00770121 0
-0.736559 0.0079309 0
-0.731183 0.00816704 0
-0.725806 0.00840992 0
-0.72043 0.00865985 0
-0.715054 0.00891717 0
-0.709677 0.00918229 0
-0.704301 0.00945568 0
-0.698925 0.00973788 0
-0.693548 0.0100295 0
-0.688172 0.010331 0
-0.682796 0.0106432 0
-0.677419 0.0109669 0
-0.672043 0.0113029 0
-0.666667 0.011652 0
-0.66129 0.0120153 0
-0.655914 0.0123939 0
-0.650538 0.012789 0
-0.645161 0.013202 0
-0.639785 0.0136343 0
-0.634409 0.0140876 0
-0.629032 0.0145638 0
-0.623656 0.0150649 0
-0.61828 0.0155929 0
-0.612903 0.0161504 0
-0.607527 0.0167403 0
-0.602151 0.0173658 0
-0.596774 0.0180311 0
-0.591398 0.0187408 0
-0.586022 0.0195005 0
-0.580645 0.0203168 0
-0.575269 0.0211976 0
-0.569893 0.0221525 0
-0.564516 0.0231939 0
-0.55914 0.0243377 0
-0.553764 0.0256052 0
-0.548387 0.0270256 0
-0.543011 0.0286406 0
-0.537635 0.0305106 0
-0.532258 0.0327263 0
-0.526882 0.0354264 0
-0.521506 0.0388272 0
-0.516129 0.0432718 0
-0.510753 0.0493118 0
-0.505377 0.0578416 0
-0.5 0.0703179 0
-0.494624 0.0891149 0
-0.489248 0.118074 0
-0.483871 0.163307 0
-0.478495 0.234216 0
-0.473118 0.344424 0
-0.467742 0.511801 0
-0.462366 0.756104 0
-0.456989 1.09277 0
-0.451613 1.52331 0
-0.446237 2.02689 0
-0.44086 2.56028 0
-0.435484 3.0693 0
-0.430107 3.50497 0
-0.424731 3.83373 0
-0.419355 4.03811 0
-0.413978 4.11218 0
-0.408602 4.05938 0
-0.403226 3.8948 0
-0.397849 3.64753 0
-0.392473 3.35663 0
-0.387097 3.05969 0
-0.38172 2.78198 0
-0.376344 2.53371 0
-0.370968 2.31471 0
-0.365591 2.12058 0
-0.360215 1.94663 0
-0.354839 1.78943 0
-0.349462 1.647 0
-0.344086 1.51817 0
-0.33871 1.40193 0
-0.333333 1.29719 0
-0.327957 1.20295 0
-0.322581 1.11852 0
-0.317204 1.04354 0
-0.311828 0.977754 0
-0.306452 0.920901 0
-0.301075 0.87284 0
-0.295699 0.833596 0
-0.290323 0.802866 0
-0.284946 0.779479 0
-0.27957 0.761643 0
-0.274194 0.747915 0
-0.268817 0.737809 0
-0.263441 0.731481 0
-0.258065 0.729062 0
-0.252688 0.730476 0
-0.247312 0.735525 0
-0.241936 0.743906 0
-0.236559 0.755225 0
-0.231183 0.769208 0
-0.225807 0.785806 0
-0.22043 0.804901 0
-0.215054 0.825907 0
-0.209678 0.84781 0
-0.204301 0.869686 0
-0.198925 0.891172 0
-0.193549 0.912525 0
-0.188172 0.934332 0
-0.182796 0.957181 0
-0.17742 0.981397 0
-0.172043 1.00689 0
-0.166667 1.03323 0
-0.161291 1.05985 0
-0.155914 1.08621 0
-0.150538 1.11191 0
-0.145162 1.13702 0
-0.139785 1.16211 0
-0.134409 1.18781 0
-0.129032 1.21424 0
-0.123656 1.24083 0
-0.11828 1.26676 0
-0.112903 1.29144 0
-0.107527 1.31487 0
-0.10215 1.33746 0
-0.0967742 1.35961 0
-0.0913978 1.38134 0
-0.0860215 1.40238 0
-0.0806451 1.42245 0
-0.0752688 1.44149 0
-0.0698925 1.45971 0
-0.0645161 1.47742 0
-0.0591398 1.49484 0
-0.0537634 1.51197 0
-0.0483871 1.52862 0
-0.0430108 1.54464 0
-0.0376344 1.56004 0
-0.0322581 1.57492 0
-0.0268818 1.58932 0
-0.0215054 1.60333 0
-0.0161291 1.61725 0
-0.0107527 1.6315 0
-0.0053764 1.64641 0
-5.96046e-08 1.6619 0
0.00537628 1.67757 0
0.0107526 1.69296 0
0.016129 1.70768 0
0.0215053 1.7215 0
0.0268816 1.73426 0
0.032258 1.74577 0
0.0376343 1.75587 0
0.0430107 1.76448 0
0.048387 1.77163 0
0.0537633 1.77748 0
0.0591397 1.78226 0
0.064516 1.78622 0
0.0698923 1.78965 0
0.0752687 1.79282 0
0.080645 1.79594 0
0.0860214 1.79912 0
0.0913977 1.80237 0
0.096774 1.80564 0
0.10215 1.80885 0
0.107527 1.81194 0
0.112903 1.81484 0
0.118279 1.81755 0
0.123656 1.82014 0
0.129032 1.82275 0
0.134408 1.82555 0
0.139785 1.82872 0
0.145161 1.83233 0
0.150537 1.83639 0
0.155914 1.84081 0
0.16129 1.84549 0
0.166666 1.85029 0
0.172043 1.85512 0
0.177419 1.85992 0
0.182796 1.8647 0
0.188172 1.8695 0
0.193548 1.87444 0
0.198925 1.87965 0
0.204301 1.88524 0
0.209677 1.89131 0
0.215054 1.89786 0
0.22043 1.90485 0
0.225806 1.91215 0
0.231183 1.91951 0
0.236559 1.9265 0
0.241935 1.93247 0
0.247312 1.93676 0
0.252688 1.93902 0
0.258065 1.9393 0
0.263441 1.93789 0
0.268817 1.93519 0
0.274194 1.93176 0
0.27957 1.92816 0
0.284946 1.92484 0
0.290323 1.92198 0
0.295699 1.91963 0
0.301075 1.9178 0
0.306452 1.91651 0
0.311828 1.91572 0
0.317204 1.91535 0
0.322581 1.91529 0
0.327957 1.91537 0
0.333333 1.91545 0
0.33871 1.91543 0
0.344086 1.91528 0
0.349462 1.91507 0
0.354839 1.91486 0
0.360215 1.91468 0
0.365591 1.91455 0
0.370968 1.91446 0
0.376344 1.91441 0
0.38172 1.91439 0
0.387097 1.91436 0
0.392473 1.91435 0
0.397849 1.91432 0
0.403226 1.9143 0
0.408602 1.91427 0
0.413978 1.91422 0
0.419355 1.91414 0
0.424731 1.91403 0
0.430107 1.91384 0
0.435484 1.91357 0
0.44086 1.91321 0
0.446236 1.91278 0
0.451613 1.91232 0
0.456989 1.91187 0
0.462365 1.91144 0
0.467742 1.91103 0
0.473118 1.91064 0
0.478494 1.91028 0
0.483871 1.90993 0
0.489247 1.9096 0
0.494624 1.90928 0
0.5 1.90896 0
0.505376 1.90865 0
0.510753 1.90835 0
0.516129 1.90805 0
0.521505 1.90776 0
0.526882 1.90747 0
0.532258 1.90719 0
0.537634 1.9069 0
0.543011 1.90661 0
0.548387 1.90632 0
0.553763 1.90602 0
0.55914 1.90572 0
0.564516 1.90543 0
0.569892 1.90513 0
0.575269 1.90483 0
0.580645 1.90453 0
0.586021 1.90422 0
0.591398 1.90392 0
0.596774 1.90361 0
0.60215 1.90331 0
0.607527 1.903 0
0.612903 1.90269 0
0.61828 1.90237 0
0.623656 1.90205 0
0.629032 1.90173 0
0.634409 1.90141 0
0.639785 1.90108 0
0.645161 1.90075 0
0.650538 1.90042 0
0.655914 1.90008 0
0.66129 1.89973 0
0.666667 1.89938 0
0.672043 1.89903 0
0.677419 1.89866 0
0.682796 1.89829 0
0.688172 1.89792 0
0.693548 1.89753 0
0.698925 1.89714 0
0.704301 1.89674 0
0.709677 1.89633 0
0.715054 1.89591 0
0.72043 1.89548 0
0.725806 1.89503 0
0.731183 1.89457 0
0.736559 1.8941 0
0.741935 1.89361 0
0.747312 1.8931 0
0.752688 1.89257 0
0.758064 1.89202 0
0.763441 1.89145 0
0.768817 1.89086 0
0.774193 1.89023 0
0.77957 1.88958 0
0.784946 1.88889 0
0.790323 1.88817 0
0.795699 1.88742 0
0.801075 1.88662 0
0.806452 1.88578 0
0.811828 1.88489 0
0.817204 1.88396 0
0.822581 1.883 0
0.827957 1.88202 0
0.833333 1.88105 0
0.83871 1.8801 0
0.844086 1.87918 0
0.849462 1.87828 0
0.854839 1.87738 0
0.860215 1.87644 0
0.865591 1.87538 0
0.870968 1.87413 0
0.876344 1.87268 0
0.88172 1.87103 0
0.887097 1.86925 0
0.892473 1.86741 0
0.897849 1.86559 0
0.903226 1.86386 0
0.908602 1.86228 0
0.913978 1.8609 0
0.919355 1.85975 0
0.924731 1.85882 0
0.930107 1.85808 0
0.935484 1.85749 0
0.94086 1.85716 0
0.946236 1.8573 0
0.951613 1.85816 0
0.956989 1.85999 0
0.962366 1.86302 0
0.967742 1.86755 0
0.973118 1.87381 0
0.978495 1.88164 0
0.983871 1.89015 0
0.989247 1.89802 0
0.994624 1.90421 0
1 1.90842 0
1.00538 1.91092 0
1.01075 1.91211 0
1.01613 1.91236 0
1.02151 1.91194 0
1.02688 1.91103 0
1.03226 1.90979 0
1.03763 1.90838 0
1.04301 1.90694 0
1.04839 1.90557 0
1.05376 1.90434 0
1.05914 1.90328 0
1.06452 1.90239 0
1.06989 1.90168 0
1.07527 1.9011 0
1.08064 1.90059 0
1.08602 1.90001 0
1.0914 1.89929 0
1.09677 1.89838 0
1.10215 1.89729 0
1.10753 1.89606 0
1.1129 1.89471 0
1.11828 1.89327 0
1.12366 1.89172 0
1.12903 1.89007 0
1.13441 1.88834 0
1.13979 1.88662 0
1.14516 1.88504 0
1.15054 1.88381 0
1.15591 1.88312 0
1.16129 1.88312 0
1.16667 1.88383 0
1.17204 1.88512 0
1.17742 1.88683 0
1.1828 1.88894 0
1.18817 1.89145 0
1.19355 1.89429 0
1.19892 1.89727 0
1.2043 1.90033 0
1.20968 1.90381 0
1.21505 1.90832 0
1.22043 1.91434 0
1.22581 1.92189 0
1.23118 1.93058 0
1.23656 1.94005 0
1.24194 1.95029 0
1.24731 1.96158 0
1.25269 1.97416 0
1.25806 1.98799 0
1.26344 2.0028 0
1.26882 2.01837 0
1.27419 2.03451 0
1.27957 2.05095 0
1.28495 2.0672 0
1.29032 2.0828 0
1.2957 2.09768 0
1.30108 2.11224 0
1.30645 2.12705 0
1.31183 2.1424 0
1.3172 2.15821 0
1.32258 2.17423 0
1.32796 2.19018 0
1.33333 2.2057 0
1.33871 2.22038 0
1.34409 2.23377 0
1.34946 2.24568 0
1.35484 2.25637 0
1.36021 2.26647 0
1.36559 2.27669 0
1.37097 2.28765 0
1.37634 2.29984 0
1.38172 2.31362 0
1.3871 2.32928 0
1.39247 2.34682 0
1.39785 2.36558 0
1.40323 2.38407 0
1.4086 2.40078 0
1.41398 2.41536 0
1.41935 2.42886 0
1.42473 2.4428 0
1.43011 2.45799 0
1.43548 2.47414 0
1.44086 2.49042 0
1.44624 2.50625 0
1.45161 2.52163 0
1.45699 2.53709 0
1.46237 2.55347 0
1.46774 2.5715 0
1.47312 2.59126 0
1.47849 2.612 0
1.48387 2.63232 0
1.48925 2.65126 0
1.49462 2.6691 0
1.5 2.68714 0
1.50538 2.70661 0
1.51075 2.7277 0
1.51613 2.7492 0
1.52151 2.76907 0
1.52688 2.78561 0
1.53226 2.7984 0
1.53763 2.80821 0
1.54301 2.81606 0
1.54839 2.82269 0
1.55376 2.82849 0
1.55914 2.83382 0
1.56452 2.83923 0
1.56989 2.84545 0
1.57527 2.85298 0
1.58065 2.86153 0
1.58602 2.86986 0
1.5914 2.87611 0
1.59677 2.8785 0
1.60215 2.87603 0
1.60753 2.86873 0
1.6129 2.85751 0
1.61828 2.84364 0
1.62366 2.8279 0
1.62903 2.81039 0
1.63441 2.79107 0
1.63978 2.77009 0
1.64516 2.74751 0
1.65054 2.72308 0
1.65591 2.69631 0
1.66129 2.66662 0
1.66667 2.63338 0
1.67204 2.596 0
1.67742 2.55397 0
1.6828 2.507 0
1.68817 2.45513 0
1.69355 2.39891 0
1.69892 2.33958 0
1.7043 2.27871 0
1.70968 2.21761 0
1.71505 2.15677 0
1.72043 2.09631 0
1.72581 2.03683 0
1.73118 1.98038 0
1.73656 1.93097 0
1.74194 1.89427 0
1.74731 1.87622 0
1.75269 1.88055 0
1.75806 1.90696 0
1.76344 1.95079 0
1.76882 2.00468 0
1.77419 2.06138 0
1.77957 2.11605 0
1.78495 2.16704 0
1.79032 2.21491 0
1.7957 2.26094 0
1.80108 2.30578 0
1.80645 2.34875 0
1.81183 2.3878 0
1.8172 2.42021 0
1.82258 2.44387 0
1.82796 2.4585 0
1.83333 2.46577 0
1.83871 2.46878 0
1.84409 2.47141 0
1.84946 2.47756 0
1.85484 2.48977 0
1.86021 2.50767 0
1.86559 2.5275 0
1.87097 2.54377 0
1.87634 2.55269 0
1.88172 2.55456 0
1.8871 2.55291 0
1.89247 2.55153 0
1.89785 2.55212 0
1.90323 2.5543 0
1.9086 2.55702 0
1.91398 2.55965 0
1.91935 2.56233 0
1.92473 2.56537 0
1.93011 2.56858 0
1.93548 2.57127 0
1.94086 2.57279 0
1.94624 2.5729 0
1.95161 2.57163 0
1.95699 2.56904 0
1.96237 2.5653 0
1.96774 2.56125 0
1.97312 2.55847 0
1.97849 2.55861 0
1.98387 2.56264 0
1.98925 2.57042 0
1.99462 2.58086 0
2 2.59252 0
2.00538 2.60433 0
2.01075 2.61587 0
2.01613 2.62724 0
2.02151 2.63857 0
2.02688 2.6493 0
2.03226 2.65808 0
2.03763 2.66312 0
2.04301 2.66301 0
2.04839 2.65772 0
2.05376 2.6492 0
2.05914 2.64061 0
2.06452 2.63433 0
2.06989 2.63056 0
2.07527 2.62778 0
2.08065 2.62441 0
2.08602 2.6203 0
2.0914 2.61669 0
2.09677 2.61504 0
2.10215 2.61574 0
2.10753 2.61768 0
2.1129 2.61922 0
2.11828 2.61973 0
2.12366 2.62015 0
2.12903 2.62169 0
2.13441 2.62417 0
2.13978 2.62623 0
2.14516 2.62673 0
2.15054 2.6258 0
2.15591 2.62447 0
2.16129 2.62362 0
2.16667 2.62336 0
2.17204 2.62353 0
2.17742 2.62412 0
2.1828 2.62507 0
2.18817 2.62568 0
2.19355 2.6247 0
2.19892 2.62115 0
2.2043 2.61495 0
2.20968 2.60697 0
2.21505 2.59845 0
2.22043 2.59013 0
2.22581 2.58187 0
2.23118 2.57287 0
2.23656 2.56227 0
2.24194 2.5499 0
2.24731 2.53695 0
2.25269 2.52604 0
2.25806 2.52011 0
2.26344 2.52062 0
2.26882 2.52652 0
2.27419 2.53523 0
2.27957 2.54446 0
2.28495 2.5532 0
2.29032 2.56124 0
2.2957 2.56846 0
2.30108 2.57464 0
2.30645 2.5794 0
2.31183 2.58212 0
2.3172 2.58224 0
2.32258 2.57992 0
2.32796 2.57637 0
2.33333 2.5729 0
2.33871 2.57 0
2.34409 2.56744 0
2.34946 2.56488 0
2.35484 2.5625 0
2.36021 2.56092 0
2.36559 2.56101 0
2.37097 2.56343 0
2.37634 2.56791 0
2.38172 2.57271 0
2.3871 2.57533 0
2.39247 2.57388 0
2.39785 2.56785 0
2.40323 2.55797 0
2.4086 2.54597 0
2.41398 2.53428 0
2.41935 2.52563 0
2.42473 2.52213 0
2.43011 2.52421 0
2.43548 2.53047 0
2.44086 2.53838 0
2.44624 2.54511 0
2.45161 2.54804 0
2.45699 2.5455 0
2.46237 2.53754 0
2.46774 2.52592 0
2.47312 2.51316 0
2.47849 2.50148 0
2.48387 2.49253 0
2.48925 2.48765 0
2.49462 2.48784 0
2.5 2.49309 0
2.50538 2.50189 0
2.51075 2.51162 0
2.51613 2.51958 0
2.52151 2.5235 0
2.52688 2.52184 0
2.53226 2.51407 0
2.53763 2.50095 0
2.54301 2.48467 0
2.54839 2.46837 0
2.55376 2.45514 0
2.55914 2.44665 0
2.56452 2.44243 0
2.56989 2.44025 0
2.57527 2.43739 0
2.58065 2.43215 0
2.58602 2.42443 0
2.5914 2.41528 0
2.59677 2.40571 0
2.60215 2.39573 0
2.60753 2.38389 0
2.6129 2.36764 0
2.61828 2.34417 0
2.62366 2.31151 0
2.62903 2.26937 0
2.63441 2.21912 0
2.63978 2.16276 0
2.64516 2.10157 0
2.65054 2.0358 0
2.65591 1.96554 0
2.66129 1.89141 0
2.66667 1.81459 0
2.67204 1.73666 0
2.67742 1.65947 0
2.6828 1.58488 0
2.68817 1.51429 0
2.69355 1.4483 0
2.69892 1.38632 0
2.7043 1.32621 0
2.70968 1.26452 0
2.71505 1.19743 0
2.72043 1.12205 0
2.72581 1.03743 0
2.73118 0.944684 0
2.73656 0.846147 0
2.74194 0.744015 0
2.74731 0.639682 0
2.75269 0.533975 0
2.75806 0.427639 0
2.76344 0.321689 0
2.76882 0.217421 0
2.77419 0.116161 0
2.77957 0.0189865 0
2.78495 -0.0734587 0
2.79032 -0.161199 0
2.7957 -0.245301 0
2.80108 -0.327858 0
2.80645 -0.411169 0
2.81183 -0.496886 0
2.8172 -0.585991 0
2.82258 -0.679074 0
2.82796 -0.776101 0
2.83333 -0.875861 0
2.83871 -0.975857 0
2.84409 -1.07302 0
2.84946 -1.16488 0
2.85484 -1.2501 0
2.86021 -1.32786 0
2.86559 -1.39687 0
2.87097 -1.45513 0
2.87634 -1.50082 0
2.88172 -1.53321 0
2.8871 -1.55294 0
2.89247 -1.56166 0
2.89785 -1.56148 0
2.90323 -1.55454 0
2.9086 -1.54293 0
2.91398 -1.52864 0
2.91935 -1.51366 0
2.92473 -1.50026 0
2.93011 -1.49135 0
2.93548 -1.49044 0
2.94086 -1.50136 0
2.94624 -1.52704 0
2.95161 -1.56737 0
2.95699 -1.61817 0
2.96237 -1.67325 0
2.96774 -1.72769 0
2.97312 -1.77962 0
2.97849 -1.82939 0
2.98387 -1.87795 0
2.98925 -1.92549 0
2.99462 -1.97126 0
3 -2.01416 0
3.00538 -2.05334 0
3.01075 -2.08812 0
3.01613 -2.1182 0
3.02151 -2.14399 0
3.02688 -2.1667 0
3.03226 -2.18773 0
3.03763 -2.20805 0
3.04301 -2.22807 0
3.04839 -2.24763 0
3.05376 -2.26589 0
3.05914 -2.28191 0
3.06452 -2.29539 0
3.06989 -2.30686 0
3.07527 -2.31723 0
3.08065 -2.32757 0
3.08602 -2.3388 0
3.0914 -2.35135 0
3.09677 -2.36491 0
3.10215 -2.37881 0
3.10753 -2.39278 0
3.1129 -2.4071 0
3.11828 -2.42198 0
3.12366 -2.4371 0
3.12903 -2.45175 0
3.13441 -2.46498 0
3.13978 -2.47578 0
3.14516 -2.48369 0
3.15054 -2.48933 0
3.15591 -2.49402 0
3.16129 -2.49896 0
3.16667 -2.50487 0
3.17204 -2.5121 0
3.17742 -2.52107 0
3.1828 -2.53215 0
3.18817 -2.54546 0
3.19355 -2.56051 0
3.19892 -2.57621 0
3.2043 -2.59138 0
3.20968 -2.60527 0
3.21505 -2.61791 0
3.22043 -2.62992 0
3.22581 -2.64214 0
3.23118 -2.65522 0
3.23656 -2.66939 0
3.24194 -2.68436 0
3.24731 -2.69948 0
3.25269 -2.71405 0
3.25806 -2.72766 0
3.26344 -2.74022 0
3.26882 -2.75166 0
3.27419 -2.76155 0
3.27957 -2.76905 0
3.28495 -2.77322 0
3.29032 -2.77308 0
3.2957 -2.7675 0
3.30108 -2.75494 0
3.30645 -2.73319 0
3.31183 -2.69902 0
3.3172 -2.64794 0
3.32258 -2.57395 0
3.32796 -2.46962 0
3.33333 -2.32684 0
3.33871 -2.13843 0
3.34409 -1.90125 0
3.34946 -1.62008 0
3.35484 -1.3109 0
3.36022 -1.00018 0
3.36559 -0.717854 0
3.37097 -0.486561 0
3.37634 -0.314314 0
3.38172 -0.1957 0
3.3871 -0.118635 0
3.39247 -0.0705374 0
3.39785 -0.0412951 0
3.40323 -0.0238134 0
3.4086 -0.0134772 0
3.41398 -0.00741084 0
3.41935 -0.00387389 0
3.42473 -0.00182434 0
3.43011 -0.000647713 0
3.43548 1.83121e-05 0
3.44086 0.000387376 0
3.44624 0.000582211 0
3.45161 0.000676527 0
3.45699 0.000712733 0
3.46237 0.000715241 0
3.46774 0.000698944 0
3.47312 0.000672077 0
3.47849 0.000638983 0
3.48387 0.000603282 0
3.48925 0.000566459 0
3.49462 0.000529059 0
3.5 0.000491849 0
3.50538 0.000455259 0
3.51075 0.000419497 0
3.51613 0.000384429 0
3.52151 0.000350196 0
3.52688 0.000316687 0
3.53226 0.000283688 0
3.53763 0.000251423 0
3.54301 0.000219571 0
3.54839 0.000188264 0
3.55376 0.00015748 0
3.55914 0.000127102 0
3.56452 9.70882e-05 0
3.56989 6.73444e-05 0
3.57527 3.78336e-05 0
3.58065 8.52846e-06 0
3.58602 -2.05497e-05 0
3.5914 -4.93676e-05 0
3.59677 -7.79249e-05 0
3.60215 -0.000106222 0
3.60753 -0.000134299 0
3.6129 -0.000162203 0
3.61828 -0.000189974 0
3.62366 -0.000217603 0
3.62903 -0.000245062 0
3.63441 -0.000272302 0
3.63979 -0.00029929 0
3.64516 -0.000326024 0
3.65054 -0.000352535 0
3.65591 -0.000378868 0
3.66129 -0.000405047 0
3.66667 -0.000431076 0
3.67204 -0.000456954 0
3.67742 -0.000482699 0
3.6828 -0.00050835 0
3.68817 -0.00053395 0
3.69355 -0.00055952 0
3.69892 -0.000585043 0
3.7043 -0.000610484 0
3.70968 -0.000635804 0
3.71505 -0.000660974 0
3.72043 -0.000685959 0
3.72581 -0.000710723 0
3.73118 -0.00073524 0
3.73656 -0.000759509 0
3.74194 -0.000783551 0
3.74731 -0.000807392 0
3.75269 -0.000831055 0
3.75806 -0.000854558 0
3.76344 -0.000877918 0
3.76882 -0.000901164 0
3.77419 -0.000924344 0
3.77957 -0.000947527 0
3.78495 -0.000970793 0
3.79032 -0.000994205 0
3.7957 -0.00101779 0
3.80108 -0.00104151 0
3.80645 -0.0010653 0
3.81183 -0.00108908 0
3.8172 -0.00111278 0
3.82258 -0.00113639 0
3.82796 -0.00115996 0
3.83333 -0.00118361 0
3.83871 -0.00120744 0
3.84409 -0.00123158 0
3.84946 -0.00125609 0
3.85484 -0.00128099 0
3.86021 -0.00130625 0
3.86559 -0.00133181 0
3.87097 -0.0013576 0
3.87634 -0.00138355 0
3.88172 -0.0014096 0
3.8871 -0.00143576 0
3.89247 -0.00146208 0
3.89785 -0.0014887 0
3.90323 -0.00151569 0
3.9086 -0.00154307 0
3.91398 -0.00157032 0
3.91935 -0.00159774 0
3.92473 -0.00162524 0
3.93011 -0.00165248 0
3.93548 -0.0016789 0
3.94086 -0.00170592 0
3.94624 -0.00173243 0
3.95161 -0.00175813 0
3.95699 -0.00178232 0
3.96237 -0.00180254 0
3.96774 -0.00181773 0
3.97312 -0.00182585 0
3.97849 -0.00182777 0
3.98387 -0.00182579 0
3.98925 -0.00182297 0
3.99462 -0.00181976 0
4 -0.00181768 0
