-1.5 3.18342e-27 0
-1.49462 5.44986e-27 0
-1.48925 9.32989e-27 0
-1.48387 1.59723e-26 0
-1.47849 2.73438e-26 0
-1.47312 4.68113e-26 0
-1.46774 8.01387e-26 0
-1.46237 1.37194e-25 0
-1.45699 2.34869e-25 0
-1.45161 4.02084e-25 0
-1.44624 6.88348e-25 0
-1.44086 1.17842e-24 0
-1.43548 2.01739e-24 0
-1.43011 3.45368e-24 0
-1.42473 5.91253e-24 0
-1.41936 1.0122e-23 0
-1.41398 1.73283e-23 0
-1.4086 2.96653e-23 0
-1.40323 5.07855e-23 0
-1.39785 8.69423e-23 0
-1.39247 1.48841e-22 0
-1.3871 2.54809e-22 0
-1.38172 4.36219e-22 0
-1.37634 7.46787e-22 0
-1.37097 1.27846e-21 0
-1.36559 2.18867e-21 0
-1.36022 3.74689e-21 0
-1.35484 6.4145e-21 0
-1.34946 1.09813e-20 0
-1.34409 1.87995e-20 0
-1.33871 3.21838e-20 0
-1.33333 5.5097e-20 0
-1.32796 9.43234e-20 0
-1.32258 1.61477e-19 0
-1.3172 2.76441e-19 0
-1.31183 4.73254e-19 0
-1.30645 8.10187e-19 0
-1.30108 1.387e-18 0
-1.2957 2.37448e-18 0
-1.29032 4.06499e-18 0
-1.28495 6.95907e-18 0
-1.27957 1.19136e-17 0
-1.27419 2.03955e-17 0
-1.26882 3.49161e-17 0
-1.26344 5.97746e-17 0
-1.25806 1.02331e-16 0
-1.25269 1.75186e-16 0
-1.24731 2.9991e-16 0
-1.24194 5.13432e-16 0
-1.23656 8.7897e-16 0
-1.23118 1.50475e-15 0
-1.22581 2.57607e-15 0
-1.22043 4.4101e-15 0
-1.21505 7.54987e-15 0
-1.20968 1.2925e-14 0
-1.2043 2.2127e-14 0
-1.19892 3.78826e-14 0
-1.19355 6.48532e-14 0
-1.18817 1.11026e-13 0
-1.1828 1.9007e-13 0
-1.17742 3.25391e-13 0
-1.17204 5.57054e-13 0
-1.16667 9.53649e-13 0
-1.16129 1.6326e-12 0
-1.15591 2.79493e-12 0
-1.15054 4.78479e-12 0
-1.14516 8.19133e-12 0
-1.13978 1.40232e-11 0
-1.13441 2.4007e-11 0
-1.12903 4.10987e-11 0
-1.12366 7.03591e-11 0
-1.11828 1.20451e-10 0
-1.1129 2.06207e-10 0
-1.10753 3.53016e-10 0
-1.10215 6.04345e-10 0
-1.09677 1.03461e-09 0
-1.0914 1.7712e-09 0
-1.08602 3.03219e-09 0
-1.08065 5.19093e-09 0
-1.07527 8.88653e-09 0
-1.06989 1.5213e-08 0
-1.06452 2.60432e-08 0
-1.05914 4.45824e-08 0
-1.05376 7.63161e-08 0
-1.04839 1.3063e-07 0
-1.04301 2.23573e-07 0
-1.03763 3.82577e-07 0
-1.03226 6.54454e-07 0
-1.02688 1.11894e-06 0
-1.02151 1.91132e-06 0
-1.01613 3.25974e-06 0
-1.01075 5.54477e-06 0
-1.00538 9.38993e-06 0
-1 1.57857e-05 0
-0.994624 2.62266e-05 0
-0.989247 4.27814e-05 0
-0.983871 6.79315e-05 0
-0.978495 0.000103995 0
-0.973118 0.000152221 0
-0.967742 0.000212116 0
-0.962366 0.000281601 0
-0.956989 0.000357857 0
-0.951613 0.000438213 0
-0.946237 0.000520644 0
-0.94086 0.000603852 0
-0.935484 0.000687079 0
-0.930108 0.000769865 0
-0.924731 0.00085189 0
-0.919355 0.000932961 0
-0.913979 0.00101303 0
-0.908602 0.00109218 0
-0.903226 0.00117061 0
-0.89785 0.00124852 0
-0.892473 0.0013261 0
-0.887097 0.0014035 0
-0.881721 0.00148089 0
-0.876344 0.00155848 0
-0.870968 0.00163649 0
-0.865592 0.00171516 0
-0.860215 0.00179471 0
-0.854839 0.00187525 0
-0.849463 0.00195681 0
-0.844086 0.00203931 0
-0.83871 0.00212266 0
-0.833333 0.00220676 0
-0.827957 0.00229156 0
-0.822581 0.00237712 0
-0.817204 0.00246352 0
-0.811828 0.00255097 0
-0.806452 0.0026397 0
-0.801075 0.00272996 0
-0.795699 0.00282195 0
-0.790323 0.00291576 0
-0.784946 0.00301141 0
-0.77957 0.00310892 0
-0.774194 0.00320832 0
-0.768817 0.00330978 0
-0.763441 0.0034135 0
-0.758065 0.00351968 0
-0.752688 0.00362855 0
-0.747312 0.0037403 0
-0.741936 0.00385513 0
-0.736559 0.00397322 0
-0.731183 0.0040947 0
-0.725806 0.00421971 0
-0.72043 0.00434849 0
-0.715054 0.00448127 0
-0.709677 0.00461835 0
-0.704301 0.00476003 0
-0.698925 0.00490661 0
-0.693548 0.00505837 0
-0.688172 0.00521558 0
-0.682796 0.00537855 0
-0.677419 0.0055476 0
-0.672043 0.00572308 0
-0.666667 0.00590536 0
-0.66129 0.00609492 0
-0.655914 0.00629235 0
-0.650538 0.00649837 0
-0.645161 0.00671381 0
-0.639785 0.00693962 0
-0.634409 0.00717681 0
-0.629032 0.00742642 0
-0.623656 0.00768952 0
-0.61828 0.00796721 0
-0.612903 0.0082607 0
-0.607527 0.00857151 0
-0.602151 0.00890145 0
-0.596774 0.00925271 0
-0.591398 0.00962792 0
-0.586022 0.0100301 0
-0.580645 0.0104628 0
-0.575269 0.0109306 0
-0.569893 0.0114389 0
-0.564516 0.011995 0
-0.55914 0.0126082 0
-0.553764 0.0132912 0
-0.548387 0.0140621 0
-0.543011 0.0149472 0
-0.537635 0.0159856 0
-0.532258 0.0172373 0
-0.526882 0.018796 0
-0.521506 0.0208098 0
-0.516129 0.0235174 0
-0.510753 0.0273069 0
-0.505377 0.0328136 0
-0.5 0.0410801 0
-0.494624 0.0538129 0
-0.489248 0.073781 0
-0.483871 0.10539 0
-0.478495 0.155404 0
-0.473118 0.233605 0
-0.467742 0.352832 0
-0.462366 0.527488 0
-0.456989 0.769533 0
-0.451613 1.08207 0
-0.446237 1.45311 0
-0.44086 1.85437 0
-0.435484 2.24775 0
-0.430107 2.59607 0
-0.424731 2.87099 0
-0.419355 3.05545 0
-0.413978 3.14266 0
-0.408602 3.136 0
-0.403226 3.05051 0
-0.397849 2.91268 0
-0.392473 2.75447 0
-0.387097 2.60283 0
-0.38172 2.47227 0
-0.376344 2.36506 0
-0.370968 2.2766 0
-0.365591 2.20082 0
-0.360215 2.13293 0
-0.354839 2.06957 0
-0.349462 2.00822 0
-0.344086 1.94716 0
-0.33871 1.88583 0
-0.333333 1.8248 0
-0.327957 1.76525 0
-0.322581 1.7084 0
-0.317204 1.65512 0
-0.311828 1.60581 0
-0.306452 1.56036 0
-0.301075 1.51809 0
-0.295699 1.47794 0
-0.290323 1.43902 0
-0.284946 1.40117 0
-0.27957 1.36485 0
-0.274194 1.33082 0
-0.268817 1.29989 0
-0.263441 1.27287 0
-0.258065 1.25047 0
-0.252688 1.233 0
-0.247312 1.21998 0
-0.241936 1.21015 0
-0.236559 1.20188 0
-0.231183 1.19392 0
-0.225807 1.18597 0
-0.22043 1.17884 0
-0.215054 1.174 0
-0.209678 1.17273 0
-0.204301 1.17526 0
-0.198925 1.18054 0
-0.193549 1.18686 0
-0.188172 1.19267 0
-0.182796 1.19708 0
-0.17742 1.20003 0
-0.172043 1.20212 0
-0.166667 1.20441 0
-0.161291 1.20824 0
-0.155914 1.21489 0
-0.150538 1.22526 0
-0.145162 1.23967 0
-0.139785 1.25746 0
-0.134409 1.27698 0
-0.129032 1.29622 0
-0.123656 1.31387 0
-0.11828 1.32978 0
-0.112903 1.34466 0
-0.107527 1.35939 0
-0.10215 1.37447 0
-0.0967742 1.39003 0
-0.0913978 1.40607 0
-0.0860215 1.42266 0
-0.0806451 1.4399 0
-0.0752688 1.45775 0
-0.0698925 1.47596 0
-0.0645161 1.49431 0
-0.0591398 1.51264 0
-0.0537634 1.53066 0
-0.0483871 1.54776 0
-0.0430108 1.56337 0
-0.0376344 1.57749 0
-0.0322581 1.59084 0
-0.0268818 1.60428 0
-0.0215054 1.61814 0
-0.0161291 1.63217 0
-0.0107527 1.64607 0
-0.0053764 1.65993 0
-5.96046e-08 1.67416 0
0.00537628 1.68908 0
0.0107526 1.70455 0
0.016129 1.72011 0
0.0215053 1.73532 0
0.0268816 1.75008 0
0.032258 1.76442 0
0.0376343 1.77831 0
0.0430107 1.79137 0
0.048387 1.80309 0
0.0537633 1.81303 0
0.0591397 1.82113 0
0.064516 1.82754 0
0.0698923 1.83251 0
0.0752687 1.83635 0
0.080645 1.83937 0
0.0860214 1.84182 0
0.0913977 1.84391 0
0.096774 1.84577 0
0.10215 1.84746 0
0.107527 1.84904 0
0.112903 1.85051 0
0.118279 1.85189 0
0.123656 1.85323 0
0.129032 1.85456 0
0.134408 1.85595 0
0.139785 1.85745 0
0.145161 1.8591 0
0.150537 1.86091 0
0.155914 1.86287 0
0.16129 1.86496 0
0.166666 1.86714 0
0.172043 1.8694 0
0.177419 1.87174 0
0.182796 1.87414 0
0.188172 1.87664 0
0.193548 1.87928 0
0.198925 1.88212 0
0.204301 1.88521 0
0.209677 1.88861 0
0.215054 1.89229 0
0.22043 1.89623 0
0.225806 1.90031 0
0.231183 1.90436 0
0.236559 1.90805 0
0.241935 1.91096 0
0.247312 1.91275 0
0.252688 1.91336 0
0.258065 1.91295 0
0.263441 1.91172 0
0.268817 1.90984 0
0.274194 1.90767 0
0.27957 1.90563 0
0.284946 1.904 0
0.290323 1.90285 0
0.295699 1.90212 0
0.301075 1.90173 0
0.306452 1.90159 0
0.311828 1.90165 0
0.317204 1.90182 0
0.322581 1.90205 0
0.327957 1.90228 0
0.333333 1.90246 0
0.33871 1.90257 0
0.344086 1.9026 0
0.349462 1.90259 0
0.354839 1.90257 0
0.360215 1.90255 0
0.365591 1.90253 0
0.370968 1.9025 0
0.376344 1.90249 0
0.38172 1.90247 0
0.387097 1.90245 0
0.392473 1.90243 0
0.397849 1.9024 0
0.403226 1.90237 0
0.408602 1.90233 0
0.413978 1.90228 0
0.419355 1.90222 0
0.424731 1.90215 0
0.430107 1.90206 0
0.435484 1.90195 0
0.44086 1.90181 0
0.446236 1.90165 0
0.451613 1.90147 0
0.456989 1.9013 0
0.462365 1.90113 0
0.467742 1.90097 0
0.473118 1.90081 0
0.478494 1.90066 0
0.483871 1.90051 0
0.489247 1.90036 0
0.494624 1.90021 0
0.5 1.90007 0
0.505376 1.89993 0
0.510753 1.89978 0
0.516129 1.89964 0
0.521505 1.8995 0
0.526882 1.89937 0
0.532258 1.89923 0
0.537634 1.89909 0
0.543011 1.89895 0
0.548387 1.8988 0
0.553763 1.89866 0
0.55914 1.89852 0
0.564516 1.89837 0
0.569892 1.89823 0
0.575269 1.89809 0
0.580645 1.89794 0
0.586021 1.8978 0
0.591398 1.89765 0
0.596774 1.8975 0
0.60215 1.89735 0
0.607527 1.8972 0
0.612903 1.89705 0
0.61828 1.8969 0
0.623656 1.89674 0
0.629032 1.89659 0
0.634409 1.89643 0
0.639785 1.89627 0
0.645161 1.89611 0
0.650538 1.89594 0
0.655914 1.89578 0
0.66129 1.89561 0
0.666667 1.89544 0
0.672043 1.89527 0
0.677419 1.89509 0
0.682796 1.89491 0
0.688172 1.89473 0
0.693548 1.89454 0
0.698925 1.89435 0
0.704301 1.89416 0
0.709677 1.89396 0
0.715054 1.89376 0
0.72043 1.89355 0
0.725806 1.89334 0
0.731183 1.89312 0
0.736559 1.89289 0
0.741935 1.89266 0
0.747312 1.89242 0
0.752688 1.89217 0
0.758064 1.89192 0
0.763441 1.89165 0
0.768817 1.89138 0
0.774193 1.89109 0
0.77957 1.89079 0
0.784946 1.89048 0
0.790323 1.89015 0
0.795699 1.88981 0
0.801075 1.88945 0
0.806452 1.88907 0
0.811828 1.88867 0
0.817204 1.88824 0
0.822581 1.8878 0
0.827957 1.88733 0
0.833333 1.88684 0
0.83871 1.88634 0
0.844086 1.88583 0
0.849462 1.88531 0
0.854839 1.88478 0
0.860215 1.88422 0
0.865591 1.88361 0
0.870968 1.88291 0
0.876344 1.8821 0
0.88172 1.8812 0
0.887097 1.8802 0
0.892473 1.87913 0
0.897849 1.87803 0
0.903226 1.8769 0
0.908602 1.87579 0
0.913978 1.87473 0
0.919355 1.87375 0
0.924731 1.87286 0
0.930107 1.87204 0
0.935484 1.87133 0
0.94086 1.87085 0
0.946236 1.87079 0
0.951613 1.87131 0
0.956989 1.87256 0
0.962366 1.87458 0
0.967742 1.87749 0
0.973118 1.88156 0
0.978495 1.88688 0
0.983871 1.89293 0
0.989247 1.89864 0
0.994624 1.90304 0
1 1.90576 0
1.00538 1.90702 0
1.01075 1.90722 0
1.01613 1.90672 0
1.02151 1.90581 0
1.02688 1.90468 0
1.03226 1.90345 0
1.03763 1.90222 0
1.04301 1.90106 0
1.04839 1.90002 0
1.05376 1.89912 0
1.05914 1.89835 0
1.06452 1.8977 0
1.06989 1.89713 0
1.07527 1.89661 0
1.08064 1.89611 0
1.08602 1.89558 0
1.0914 1.89498 0
1.09677 1.89429 0
1.10215 1.89351 0
1.10753 1.89263 0
1.1129 1.89161 0
1.11828 1.89042 0
1.12366 1.88899 0
1.12903 1.88727 0
1.13441 1.88518 0
1.13979 1.88252 0
1.14516 1.87904 0
1.15054 1.87463 0
1.15591 1.86949 0
1.16129 1.86399 0
1.16667 1.85859 0
1.17204 1.85372 0
1.17742 1.84979 0
1.1828 1.84715 0
1.18817 1.8461 0
1.19355 1.8467 0
1.19892 1.84859 0
1.2043 1.85107 0
1.20968 1.85344 0
1.21505 1.85532 0
1.22043 1.85662 0
1.22581 1.85743 0
1.23118 1.85804 0
1.23656 1.85888 0
1.24194 1.86033 0
1.24731 1.86245 0
1.25269 1.86492 0
1.25806 1.8671 0
1.26344 1.86847 0
1.26882 1.86899 0
1.27419 1.86924 0
1.27957 1.87013 0
1.28495 1.87255 0
1.29032 1.87681 0
1.2957 1.88256 0
1.30108 1.88893 0
1.30645 1.89495 0
1.31183 1.89982 0
1.3172 1.90296 0
1.32258 1.90404 0
1.32796 1.90314 0
1.33333 1.90086 0
1.33871 1.89802 0
1.34409 1.89543 0
1.34946 1.89374 0
1.35484 1.89349 0
1.36021 1.89497 0
1.36559 1.89817 0
1.37097 1.90262 0
1.37634 1.90732 0
1.38172 1.91106 0
1.3871 1.91296 0
1.39247 1.91298 0
1.39785 1.91186 0
1.40323 1.91053 0
1.4086 1.90952 0
1.41398 1.90862 0
1.41935 1.90694 0
1.42473 1.90363 0
1.43011 1.89865 0
1.43548 1.89285 0
1.44086 1.88728 0
1.44624 1.88233 0
1.45161 1.87756 0
1.45699 1.87203 0
1.46237 1.86478 0
1.46774 1.8551 0
1.47312 1.84248 0
1.47849 1.82703 0
1.48387 1.80977 0
1.48925 1.79231 0
1.49462 1.7758 0
1.5 1.76033 0
1.50538 1.74524 0
1.51075 1.72966 0
1.51613 1.713 0
1.52151 1.69528 0
1.52688 1.67703 0
1.53226 1.65873 0
1.53763 1.64032 0
1.54301 1.62138 0
1.54839 1.60169 0
1.55376 1.58131 0
1.55914 1.55997 0
1.56452 1.53675 0
1.56989 1.51091 0
1.57527 1.48298 0
1.58065 1.45465 0
1.58602 1.42754 0
1.5914 1.40179 0
1.59677 1.37574 0
1.60215 1.34704 0
1.60753 1.31414 0
1.6129 1.27664 0
1.61828 1.23459 0
1.62366 1.18782 0
1.62903 1.13603 0
1.63441 1.07972 0
1.63978 1.02052 0
1.64516 0.960589 0
1.65054 0.901787 0
1.65591 0.845392 0
1.66129 0.792212 0
1.66667 0.742486 0
1.67204 0.695519 0
1.67742 0.649775 0
1.6828 0.603802 0
1.68817 0.557122 0
1.69355 0.510306 0
1.69892 0.464354 0
1.7043 0.420044 0
1.70968 0.378147 0
1.71505 0.340447 0
1.72043 0.310409 0
1.72581 0.292673 0
1.73118 0.291879 0
1.73656 0.311796 0
1.74194 0.354705 0
1.74731 0.420453 0
1.75269 0.505317 0
1.75806 0.601604 0
1.76344 0.699069 0
1.76882 0.788325 0
1.77419 0.864126 0
1.77957 0.92592 0
1.78495 0.975656 0
1.79032 1.01519 0
1.7957 1.04563 0
1.80108 1.0683 0
1.80645 1.0854 0
1.81183 1.09973 0
1.8172 1.11405 0
1.82258 1.13053 0
1.82796 1.15054 0
1.83333 1.1747 0
1.83871 1.20261 0
1.84409 1.23315 0
1.84946 1.26485 0
1.85484 1.29603 0
1.86021 1.3245 0
1.86559 1.34803 0
1.87097 1.36549 0
1.87634 1.37755 0
1.88172 1.38593 0
1.8871 1.39221 0
1.89247 1.39764 0
1.89785 1.40341 0
1.90323 1.41068 0
1.9086 1.4203 0
1.91398 1.43272 0
1.91935 1.4481 0
1.92473 1.46602 0
1.93011 1.48521 0
1.93548 1.50357 0
1.94086 1.51884 0
1.94624 1.52946 0
1.95161 1.53521 0
1.95699 1.53708 0
1.96237 1.53694 0
1.96774 1.53681 0
1.97312 1.53816 0
1.97849 1.54177 0
1.98387 1.54825 0
1.98925 1.55804 0
1.99462 1.57076 0
2 1.58504 0
2.00538 1.5994 0
2.01075 1.61293 0
2.01613 1.62535 0
2.02151 1.63699 0
2.02688 1.64866 0
2.03226 1.66102 0
2.03763 1.67391 0
2.04301 1.68636 0
2.04839 1.69716 0
2.05376 1.70533 0
2.05914 1.71045 0
2.06452 1.71293 0
2.06989 1.71427 0
2.07527 1.71687 0
2.08065 1.72311 0
2.08602 1.73402 0
2.0914 1.74858 0
2.09677 1.76432 0
2.10215 1.7787 0
2.10753 1.79046 0
2.1129 1.8002 0
2.11828 1.80935 0
2.12366 1.81849 0
2.12903 1.82676 0
2.13441 1.83305 0
2.13978 1.83767 0
2.14516 1.84275 0
2.15054 1.85092 0
2.15591 1.86344 0
2.16129 1.87945 0
2.16667 1.89675 0
2.17204 1.91294 0
2.17742 1.92598 0
2.1828 1.9344 0
2.18817 1.93794 0
2.19355 1.93753 0
2.19892 1.93462 0
2.2043 1.93027 0
2.20968 1.92501 0
2.21505 1.91932 0
2.22043 1.91392 0
2.22581 1.90944 0
2.23118 1.90609 0
2.23656 1.904 0
2.24194 1.90398 0
2.24731 1.90738 0
2.25269 1.91519 0
2.25806 1.92735 0
2.26344 1.94291 0
2.26882 1.96028 0
2.27419 1.97767 0
2.27957 1.99344 0
2.28495 2.00625 0
2.29032 2.01531 0
2.2957 2.0207 0
2.30108 2.02312 0
2.30645 2.02351 0
2.31183 2.02262 0
2.3172 2.02095 0
2.32258 2.01895 0
2.32796 2.01753 0
2.33333 2.01819 0
2.33871 2.02255 0
2.34409 2.03195 0
2.34946 2.04701 0
2.35484 2.06728 0
2.36021 2.09063 0
2.36559 2.11334 0
2.37097 2.13183 0
2.37634 2.14495 0
2.38172 2.15449 0
2.3871 2.16332 0
2.39247 2.17333 0
2.39785 2.1847 0
2.40323 2.19681 0
2.4086 2.20924 0
2.41398 2.22192 0
2.41935 2.23488 0
2.42473 2.24773 0
2.43011 2.25926 0
2.43548 2.26765 0
2.44086 2.27145 0
2.44624 2.27039 0
2.45161 2.26557 0
2.45699 2.2595 0
2.46237 2.25537 0
2.46774 2.25556 0
2.47312 2.26074 0
2.47849 2.26999 0
2.48387 2.28141 0
2.48925 2.29301 0
2.49462 2.30353 0
2.5 2.31276 0
2.50538 2.32132 0
2.51075 2.33034 0
2.51613 2.34057 0
2.52151 2.35168 0
2.52688 2.36229 0
2.53226 2.37092 0
2.53763 2.37675 0
2.54301 2.37965 0
2.54839 2.37979 0
2.55376 2.37699 0
2.55914 2.37089 0
2.56452 2.36135 0
2.56989 2.34918 0
2.57527 2.33624 0
2.58065 2.32452 0
2.58602 2.31483 0
2.5914 2.30648 0
2.59677 2.29802 0
2.60215 2.28782 0
2.60753 2.27404 0
2.6129 2.25459 0
2.61828 2.22748 0
2.62366 2.19136 0
2.62903 2.14622 0
2.63441 2.09327 0
2.63978 2.034 0
2.64516 1.9694 0
2.65054 1.90028 0
2.65591 1.82809 0
2.66129 1.75499 0
2.66667 1.68298 0
2.67204 1.61309 0
2.67742 1.54528 0
2.6828 1.47909 0
2.68817 1.41448 0
2.69355 1.35182 0
2.69892 1.29129 0
2.7043 1.23228 0
2.70968 1.17313 0
2.71505 1.11127 0
2.72043 1.04376 0
2.72581 0.968159 0
2.73118 0.883342 0
2.73656 0.789937 0
2.74194 0.690257 0
2.74731 0.587577 0
2.75269 0.485072 0
2.75806 0.384915 0
2.76344 0.287806 0
2.76882 0.193003 0
2.77419 0.0989268 0
2.77957 0.0040462 0
2.78495 -0.0922638 0
2.79032 -0.189187 0
2.7957 -0.284739 0
2.80108 -0.377005 0
2.80645 -0.465576 0
2.81183 -0.551936 0
2.8172 -0.63842 0
2.82258 -0.726875 0
2.82796 -0.818249 0
2.83333 -0.912804 0
2.83871 -1.01022 0
2.84409 -1.10954 0
2.84946 -1.20927 0
2.85484 -1.30772 0
2.86021 -1.40286 0
2.86559 -1.49154 0
2.87097 -1.56896 0
2.87634 -1.62973 0
2.88172 -1.67012 0
2.8871 -1.6898 0
2.89247 -1.69202 0
2.89785 -1.68204 0
2.90323 -1.66513 0
2.9086 -1.64538 0
2.91398 -1.62581 0
2.91935 -1.60904 0
2.92473 -1.59736 0
2.93011 -1.5925 0
2.93548 -1.59582 0
2.94086 -1.60919 0
2.94624 -1.63484 0
2.95161 -1.67308 0
2.95699 -1.72075 0
2.96237 -1.77307 0
2.96774 -1.82667 0
2.97312 -1.88008 0
2.97849 -1.93241 0
2.98387 -1.98267 0
2.98925 -2.03001 0
2.99462 -2.07392 0
3 -2.11427 0
3.00538 -2.15113 0
3.01075 -2.18488 0
3.01613 -2.21615 0
3.02151 -2.24551 0
3.02688 -2.27315 0
3.03226 -2.29881 0
3.03763 -2.32202 0
3.04301 -2.34231 0
3.04839 -2.35929 0
3.05376 -2.37296 0
3.05914 -2.3838 0
3.06452 -2.39243 0
3.06989 -2.3992 0
3.07527 -2.40438 0
3.08065 -2.40872 0
3.08602 -2.41328 0
3.0914 -2.41903 0
3.09677 -2.42663 0
3.10215 -2.43619 0
3.10753 -2.44733 0
3.1129 -2.45956 0
3.11828 -2.47282 0
3.12366 -2.48743 0
3.12903 -2.50346 0
3.13441 -2.52037 0
3.13978 -2.53715 0
3.14516 -2.55274 0
3.15054 -2.56639 0
3.15591 -2.57784 0
3.16129 -2.58753 0
3.16667 -2.59647 0
3.17204 -2.60577 0
3.17742 -2.616 0
3.1828 -2.62717 0
3.18817 -2.63904 0
3.19355 -2.65141 0
3.19892 -2.66402 0
3.2043 -2.67659 0
3.20968 -2.68894 0
3.21505 -2.70111 0
3.22043 -2.71317 0
3.22581 -2.72505 0
3.23118 -2.73649 0
3.23656 -2.74732 0
3.24194 -2.75771 0
3.24731 -2.76816 0
3.25269 -2.77936 0
3.25806 -2.79173 0
3.26344 -2.80507 0
3.26882 -2.81852 0
3.27419 -2.83094 0
3.27957 -2.84122 0
3.28495 -2.84854 0
3.29032 -2.85236 0
3.2957 -2.85205 0
3.30108 -2.84631 0
3.30645 -2.83278 0
3.31183 -2.80784 0
3.3172 -2.7667 0
3.32258 -2.70341 0
3.32796 -2.61077 0
3.33333 -2.48043 0
3.33871 -2.30393 0
3.34409 -2.07542 0
3.34946 -1.79584 0
3.35484 -1.47767 0
3.36022 -1.1465 0
3.36559 -0.835554 0
3.37097 -0.573625 0
3.37634 -0.37437 0
3.38172 -0.235108 0
3.3871 -0.143753 0
3.39247 -0.0863811 0
3.39785 -0.0513602 0
3.40323 -0.0303593 0
3.4086 -0.0179031 0
3.41398 -0.0105671 0
3.41935 -0.00626728 0
3.42473 -0.00375646 0
3.43011 -0.00229558 0
3.43548 -0.00145048 0
3.44086 -0.000965549 0
3.44624 -0.000692016 0
3.45161 -0.000540325 0
3.45699 -0.000461119 0
3.46237 -0.000423633 0
3.46774 -0.000410491 0
3.47312 -0.000411225 0
3.47849 -0.000420259 0
3.48387 -0.000433711 0
3.48925 -0.000449424 0
3.49462 -0.000466718 0
3.5 -0.000484289 0
3.50538 -0.000502018 0
3.51075 -0.000519559 0
3.51613 -0.000536699 0
3.52151 -0.000553144 0
3.52688 -0.000569288 0
3.53226 -0.000585057 0
3.53763 -0.000600349 0
3.54301 -0.000615419 0
3.54839 -0.000630259 0
3.55376 -0.000644925 0
3.55914 -0.000659497 0
3.56452 -0.00067399 0
3.56989 -0.000688421 0
3.57527 -0.000702747 0
3.58065 -0.000716964 0
3.58602 -0.000731058 0
3.5914 -0.000745053 0
3.59677 -0.000758978 0
3.60215 -0.000772851 0
3.60753 -0.000786678 0
3.6129 -0.000800419 0
3.61828 -0.000814 0
3.62366 -0.000827322 0
3.62903 -0.000840329 0
3.63441 -0.000853015 0
3.63979 -0.00086542 0
3.64516 -0.000877597 0
3.65054 -0.00088959 0
3.65591 -0.000901431 0
3.66129 -0.000913139 0
3.66667 -0.000924728 0
3.67204 -0.000936211 0
3.67742 -0.000947612 0
3.6828 -0.000958984 0
3.68817 -0.000970388 0
3.69355 -0.000981887 0
3.69892 -0.000993524 0
3.7043 -0.00100531 0
3.70968 -0.00101723 0
3.71505 -0.00102922 0
3.72043 -0.00104121 0
3.72581 -0.00105312 0
3.73118 -0.00106493 0
3.73656 -0.00107664 0
3.74194 -0.00108828 0
3.74731 -0.00109988 0
3.75269 -0.00111146 0
3.75806 -0.00112302 0
3.76344 -0.00113458 0
3.76882 -0.00114615 0
3.77419 -0.00115775 0
3.77957 -0.00116944 0
3.78495 -0.00118121 0
3.79032 -0.0011931 0
3.7957 -0.00120512 0
3.80108 -0.00121728 0
3.80645 -0.00122953 0
3.81183 -0.00124176 0
3.8172 -0.00125386 0
3.82258 -0.00126571 0
3.82796 -0.00127725 0
3.83333 -0.00128847 0
3.83871 -0.0012994 0
3.84409 -0.00131012 0
3.84946 -0.00132072 0
3.85484 -0.00133133 0
3.86021 -0.00134203 0
3.86559 -0.00135286 0
3.87097 -0.00136384 0
3.87634 -0.00137503 0
3.88172 -0.00138656 0
3.8871 -0.00139869 0
3.89247 -0.00141168 0
3.89785 -0.00142565 0
3.90323 -0.00144058 0
3.9086 -0.00145625 0
3.91398 -0.00147236 0
3.91935 -0.00148771 0
3.92473 -0.00150381 0
3.93011 -0.00151781 0
3.93548 -0.00153141 0
3.94086 -0.00154388 0
3.94624 -0.00155378 0
3.95161 -0.00156168 0
3.95699 -0.00156631 0
3.96237 -0.001566 0
3.96774 -0.00156179 0
3.97312 -0.00155216 0
3.97849 -0.00153904 0
3.98387 -0.00152596 0
3.98925 -0.00151474 0
3.99462 -0.00150692 0
4 -0.00150151 0
