-3 2.00671e-07 0
-2.99022 2.12017e-07 0
-2.98045 2.23418e-07 0
-2.97067 2.34947e-07 0
-2.9609 2.46671e-07 0
-2.95112 2.58651e-07 0
-2.94135 2.70943e-07 0
-2.93157 2.83591e-07 0
-2.9218 2.9664e-07 0
-2.91202 3.1013e-07 0
-2.90225 3.24102e-07 0
-2.89247 3.38599e-07 0
-2.8827 3.53676e-07 0
-2.87292 3.69398e-07 0
-2.86315 3.8585e-07 0
-2.85337 4.03139e-07 0
-2.8436 4.21399e-07 0
-2.83382 4.40795e-07 0
-2.82405 4.61532e-07 0
-2.81427 4.83855e-07 0
-2.8045 5.0806e-07 0
-2.79472 5.34512e-07 0
-2.78495 5.6364e-07 0
-2.77517 5.95977e-07 0
-2.7654 6.32157e-07 0
-2.75562 6.72965e-07 0
-2.74585 7.19348e-07 0
-2.73607 7.72465e-07 0
-2.72629 8.33729e-07 0
-2.71652 9.04854e-07 0
-2.70674 9.87931e-07 0
-2.69697 1.08549e-06 0
-2.68719 1.20062e-06 0
-2.67742 1.33703e-06 0
-2.66764 1.49927e-06 0
-2.65787 1.69281e-06 0
-2.64809 1.9243e-06 0
-2.63832 2.2018e-06 0
-2.62854 2.53505e-06 0
-2.61877 2.9359e-06 0
-2.60899 3.41866e-06 0
-2.59922 4.00071e-06 0
-2.58944 4.70309e-06 0
-2.57967 5.5512e-06 0
-2.56989 6.57587e-06 0
-2.56012 7.81421e-06 0
-2.55034 9.31118e-06 0
-2.54057 1.11208e-05 0
-2.53079 1.33082e-05 0
-2.52102 1.59515e-05 0
-2.51124 1.91443e-05 0
-2.50147 2.29985e-05 0
-2.49169 2.7647e-05 0
-2.48192 3.32475e-05 0
-2.47214 3.99855e-05 0
-2.46237 4.80784e-05 0
-2.45259 5.77792e-05 0
-2.44282 6.93777e-05 0
-2.43304 8.32058e-05 0
-2.42326 9.96334e-05 0
-2.41349 0.000119071 0
-2.40371 0.000141962 0
-2.39394 0.000168773 0
-2.38416 0.000199984 0
-2.37439 0.000236065 0
-2.36461 0.00027746 0
-2.35484 0.000324553 0
-2.34506 0.000377654 0
-2.33529 0.000436971 0
-2.32551 0.000502611 0
-2.31574 0.000574589 0
-2.30596 0.000652849 0
-2.29619 0.000737353 0
-2.28641 0.000828139 0
-2.27664 0.000925453 0
-2.26686 0.00102983 0
-2.25709 0.00114219 0
-2.24731 0.0012639 0
-2.23754 0.00139678 0
-2.22776 0.00154302 0
-2.21799 0.00170512 0
-2.20821 0.0018858 0
-2.19844 0.0020878 0
-2.18866 0.00231383 0
-2.17889 0.00256642 0
-2.16911 0.00284782 0
-2.15934 0.00315997 0
-2.14956 0.00350442 0
-2.13978 0.00388227 0
-2.13001 0.00429423 0
-2.12023 0.00474052 0
-2.11046 0.00522103 0
-2.10068 0.0057352 0
-2.09091 0.00628231 0
-2.08113 0.00686145 0
-2.07136 0.00747154 0
-2.06158 0.00811154 0
-2.05181 0.00878043 0
-2.04203 0.00947733 0
-2.03226 0.0102014 0
-2.02248 0.0109521 0
-2.01271 0.0117291 0
-2.00293 0.0125323 0
-1.99316 0.0133622 0
-1.98338 0.0142193 0
-1.97361 0.0151047 0
-1.96383 0.01602 0
-1.95406 0.0169672 0
-1.94428 0.017949 0
-1.93451 0.0189686 0
-1.92473 0.0200302 0
-1.91496 0.0211389 0
-1.90518 0.0223004 0
-1.89541 0.0235216 0
-1.88563 0.0248099 0
-1.87586 0.0261739 0
-1.86608 0.0276223 0
-1.8563 0.0291649 0
-1.84653 0.0308117 0
-1.83675 0.0325738 0
-1.82698 0.0344628 0
-1.8172 0.0364916 0
-1.80743 0.0386748 0
-1.79765 0.0410287 0
-1.78788 0.043572 0
-1.7781 0.0463253 0
-1.76833 0.049312 0
-1.75855 0.0525576 0
-1.74878 0.0560902 0
-1.739 0.0599401 0
-1.72923 0.0641398 0
-1.71945 0.068724 0
-1.70968 0.0737296 0
-1.6999 0.0791958 0
-1.69013 0.0851629 0
-1.68035 0.0916737 0
-1.67058 0.098772 0
-1.6608 0.106502 0
-1.65103 0.114908 0
-1.64125 0.124033 0
-1.63148 0.133919 0
-1.6217 0.144603 0
-1.61193 0.156114 0
-1.60215 0.168474 0
-1.59238 0.181695 0
-1.5826 0.195769 0
-1.57282 0.210679 0
-1.56305 0.226386 0
-1.55327 0.242831 0
-1.5435 0.25994 0
-1.53372 0.277625 0
-1.52395 0.295779 0
-1.51417 0.314287 0
-1.5044 0.333032 0
-1.49462 0.351894 0
-1.48485 0.370754 0
-1.47507 0.389504 0
-1.4653 0.408046 0
-1.45552 0.426294 0
-1.44575 0.444175 0
-1.43597 0.461635 0
-1.4262 0.478628 0
-1.41642 0.495125 0
-1.40665 0.511105 0
-1.39687 0.526561 0
-1.3871 0.541491 0
-1.37732 0.555899 0
-1.36755 0.569796 0
-1.35777 0.583197 0
-1.348 0.596117 0
-1.33822 0.608574 0
-1.32845 0.620584 0
-1.31867 0.632164 0
-1.3089 0.643328 0
-1.29912 0.65409 0
-1.28934 0.664456 0
-1.27957 0.67443 0
-1.26979 0.684014 0
-1.26002 0.693205 0
-1.25024 0.701995 0
-1.24047 0.710376 0
-1.23069 0.718339 0
-1.22092 0.725869 0
-1.21114 0.732956 0
-1.20137 0.739591 0
-1.19159 0.745765 0
-1.18182 0.751472 0
-1.17204 0.75671 0
-1.16227 0.761481 0
-1.15249 0.765788 0
-1.14272 0.76964 0
-1.13294 0.773046 0
-1.12317 0.776018 0
-1.11339 0.778568 0
-1.10362 0.78071 0
-1.09384 0.782457 0
-1.08407 0.783821 0
-1.07429 0.784814 0
-1.06452 0.78545 0
-1.05474 0.785737 0
-1.04497 0.785688 0
-1.03519 0.785313 0
-1.02542 0.784624 0
-1.01564 0.783628 0
-1.00586 0.782336 0
-0.99609 0.780756 0
-0.986315 0.778895 0
-0.97654 0.776763 0
-0.966765 0.774364 0
-0.956989 0.771707 0
-0.947214 0.768799 0
-0.937439 0.765651 0
-0.927664 0.762271 0
-0.917888 0.758672 0
-0.908113 0.754869 0
-0.898338 0.750875 0
-0.888563 0.746708 0
-0.878788 0.742388 0
-0.869013 0.737937 0
-0.859238 0.733377 0
-0.849462 0.728734 0
-0.839687 0.724034 0
-0.829912 0.719306 0
-0.820137 0.714582 0
-0.810361 0.709894 0
-0.800586 0.705279 0
-0.790811 0.700772 0
-0.781036 0.696412 0
-0.771261 0.692237 0
-0.761486 0.688281 0
-0.751711 0.684578 0
-0.741935 0.681153 0
-0.73216 0.678025 0
-0.722385 0.675206 0
-0.71261 0.672696 0
-0.702835 0.670488 0
-0.69306 0.668562 0
-0.683284 0.666891 0
-0.673509 0.665439 0
-0.663734 0.664167 0
-0.653959 0.66303 0
-0.644184 0.66198 0
-0.634409 0.660974 0
-0.624633 0.659966 0
-0.614858 0.658916 0
-0.605083 0.657792 0
-0.595308 0.65656 0
-0.585533 0.655199 0
-0.575758 0.65369 0
-0.565982 0.652022 0
-0.556207 0.650189 0
-0.546432 0.648187 0
-0.536657 0.646019 0
-0.526882 0.643687 0
-0.517107 0.641197 0
-0.507331 0.638551 0
-0.497556 0.635753 0
-0.487781 0.632802 0
-0.478006 0.629693 0
-0.468231 0.626419 0
-0.458456 0.622968 0
-0.44868 0.619323 0
-0.438905 0.615465 0
-0.42913 0.611372 0
-0.419355 0.607019 0
-0.40958 0.60238 0
-0.399804 0.597427 0
-0.390029 0.59214 0
-0.380254 0.586492 0
-0.370479 0.580466 0
-0.360704 0.574048 0
-0.350929 0.567229 0
-0.341153 0.560012 0
-0.331378 0.552404 0
-0.321603 0.544427 0
-0.311828 0.536105 0
-0.302053 0.52748 0
-0.292278 0.518596 0
-0.282502 0.509506 0
-0.272727 0.500265 0
-0.262952 0.490931 0
-0.253177 0.481557 0
-0.243402 0.472195 0
-0.233627 0.462891 0
-0.223851 0.45368 0
-0.214076 0.444592 0
-0.204301 0.435649 0
-0.194526 0.426862 0
-0.184751 0.418237 0
-0.174975 0.409776 0
-0.1652 0.401475 0
-0.155425 0.393328 0
-0.14565 0.385328 0
-0.135875 0.377466 0
-0.1261 0.369738 0
-0.116324 0.362134 0
-0.106549 0.354652 0
-0.0967743 0.347288 0
-0.0869989 0.34004 0
-0.0772239 0.332909 0
-0.0674485 0.325894 0
-0.0576735 0.318999 0
-0.0478981 0.312223 0
-0.0381231 0.305566 0
-0.028348 0.299026 0
-0.0185727 0.292598 0
-0.00879766 0.286276 0
0.000977695 0.28005 0
0.0107527 0.273913 0
0.0205281 0.267854 0
0.0303031 0.261868 0
0.0400782 0.255951 0
0.0498535 0.2501 0
0.0596285 0.244316 0
0.0694039 0.238603 0
0.0791789 0.232966 0
0.0889543 0.227409 0
0.0987293 0.221933 0
0.108504 0.216541 0
0.11828 0.211229 0
0.128055 0.205995 0
0.13783 0.20083 0
0.147605 0.195728 0
0.15738 0.190682 0
0.167156 0.185683 0
0.176931 0.180729 0
0.186706 0.175814 0
0.196481 0.170936 0
0.206256 0.166092 0
0.216031 0.161278 0
0.225807 0.156489 0
0.235582 0.15172 0
0.245357 0.146964 0
0.255132 0.142214 0
0.264907 0.137464 0
0.274683 0.13271 0
0.284458 0.12795 0
0.294233 0.123185 0
0.304008 0.118415 0
0.313783 0.113647 0
0.323558 0.108884 0
0.333333 0.104132 0
0.343109 0.0993953 0
0.352884 0.0946769 0
0.362659 0.0899774 0
0.372434 0.085296 0
0.382209 0.0806311 0
0.391985 0.0759797 0
0.40176 0.0713391 0
0.411535 0.0667082 0
0.42131 0.0620879 0
0.431085 0.0574816 0
0.44086 0.0528974 0
0.450635 0.0483478 0
0.460411 0.0438498 0
0.470186 0.0394251 0
0.479961 0.0350994 0
0.489736 0.0309023 0
0.499511 0.0268636 0
0.509287 0.0230137 0
0.519062 0.0193805 0
0.528837 0.015988 0
0.538612 0.0128549 0
0.548387 0.00999266 0
0.558162 0.00740626 0
0.567937 0.00509358 0
0.577713 0.00304596 0
0.587488 0.00125065 0
0.597263 -0.000309116 0
0.607038 -0.00165224 0
0.616814 -0.00279841 0
0.626589 -0.00376702 0
0.636364 -0.00457698 0
0.646139 -0.00524653 0
0.655914 -0.00579243 0
0.665689 -0.00623002 0
0.675464 -0.00657304 0
0.68524 -0.00683359 0
0.695015 -0.00702166 0
0.70479 -0.00714536 0
0.714565 -0.00721176 0
0.72434 -0.00722619 0
0.734116 -0.00719367 0
0.743891 -0.00711856 0
0.753666 -0.00700498 0
0.763441 -0.00685627 0
0.773216 -0.00667536 0
0.782991 -0.00646358 0
0.792766 -0.00622151 0
0.802542 -0.00594793 0
0.812317 -0.00564092 0
0.822092 -0.00529787 0
0.831867 -0.00491649 0
0.841642 -0.00449492 0
0.851418 -0.00403214 0
0.861193 -0.00352821 0
0.870968 -0.00298385 0
0.880743 -0.00240011 0
0.890518 -0.00177824 0
0.900293 -0.00111957 0
0.910068 -0.000425631 0
0.919844 0.000301458 0
0.929619 0.00105864 0
0.939394 0.0018415 0
0.949169 0.00264396 0
0.958944 0.00345879 0
0.96872 0.00427745 0
0.978495 0.00509097 0
0.98827 0.00589035 0
0.998045 0.00666735 0
1.00782 0.00741513 0
1.0176 0.00812846 0
1.02737 0.00880436 0
1.03715 0.00944202 0
1.04692 0.0100426 0
1.0567 0.0106087 0
1.06647 0.011144 0
1.07625 0.0116523 0
1.08602 0.0121369 0
1.0958 0.0126005 0
1.10557 0.0130448 0
1.11535 0.0134703 0
1.12512 0.0138773 0
1.1349 0.0142656 0
1.14467 0.014635 0
1.15445 0.014986 0
1.16422 0.0153194 0
1.174 0.0156369 0
1.18377 0.015941 0
1.19355 0.0162345 0
1.20332 0.0165208 0
1.2131 0.016803 0
1.22287 0.017084 0
1.23265 0.017366 0
1.24242 0.0176502 0
1.2522 0.0179368 0
1.26197 0.0182252 0
1.27175 0.0185139 0
1.28152 0.0188011 0
1.2913 0.0190851 0
1.30108 0.0193642 0
1.31085 0.0196372 0
1.32063 0.0199034 0
1.3304 0.0201626 0
1.34018 0.0204148 0
1.34995 0.0206603 0
1.35973 0.0208992 0
1.3695 0.0211318 0
1.37928 0.0213587 0
1.38905 0.0215804 0
1.39883 0.0217981 0
1.4086 0.0220132 0
1.41838 0.0222277 0
1.42815 0.0224442 0
1.43793 0.022665 0
1.4477 0.0228928 0
1.45748 0.0231293 0
1.46725 0.0233756 0
1.47703 0.0236321 0
1.4868 0.023898 0
1.49658 0.024172 0
1.50635 0.0244516 0
1.51613 0.0247345 0
1.5259 0.0250177 0
1.53568 0.0252983 0
1.54545 0.0255734 0
1.55523 0.0258407 0
1.56501 0.0260983 0
1.57478 0.0263451 0
1.58456 0.0265813 0
1.59433 0.0268078 0
1.60411 0.0270269 0
1.61388 0.0272412 0
1.62366 0.0274538 0
1.63343 0.0276676 0
1.64321 0.027885 0
1.65298 0.0281075 0
1.66276 0.0283356 0
1.67253 0.0285688 0
1.68231 0.0288054 0
1.69208 0.029043 0
1.70186 0.0292783 0
1.71163 0.0295076 0
1.72141 0.0297272 0
1.73118 0.0299334 0
1.74096 0.0301228 0
1.75073 0.0302929 0
1.76051 0.0304417 0
1.77028 0.0305684 0
1.78006 0.0306726 0
1.78983 0.0307549 0
1.79961 0.0308161 0
1.80938 0.0308573 0
1.81916 0.0308801 0
1.82893 0.0308862 0
1.83871 0.0308782 0
1.84848 0.0308588 0
1.85826 0.0308317 0
1.86804 0.030801 0
1.87781 0.0307707 0
1.88759 0.0307447 0
1.89736 0.0307261 0
1.90714 0.0307168 0
1.91691 0.0307168 0
1.92669 0.0307248 0
1.93646 0.0307376 0
1.94624 0.0307509 0
1.95601 0.0307597 0
1.96579 0.0307586 0
1.97556 0.0307427 0
1.98534 0.0307073 0
1.99511 0.0306487 0
2.00489 0.0305638 0
2.01466 0.0304506 0
2.02444 0.0303079 0
2.03421 0.0301361 0
2.04399 0.0299374 0
2.05376 0.0297156 0
2.06354 0.0294766 0
2.07331 0.0292284 0
2.08309 0.0289799 0
2.09286 0.0287412 0
2.10264 0.0285222 0
2.11241 0.0283322 0
2.12219 0.0281791 0
2.13197 0.0280694 0
2.14174 0.0280068 0
2.15152 0.0279933 0
2.16129 0.0280282 0
2.17107 0.0281087 0
2.18084 0.0282304 0
2.19062 0.028387 0
2.20039 0.0285711 0
2.21017 0.0287747 0
2.21994 0.0289894 0
2.22972 0.0292066 0
2.23949 0.0294186 0
2.24927 0.0296176 0
2.25904 0.0297974 0
2.26882 0.029952 0
2.27859 0.0300771 0
2.28837 0.0301692 0
2.29814 0.0302263 0
2.30792 0.0302473 0
2.31769 0.0302324 0
2.32747 0.030183 0
2.33724 0.0301014 0
2.34702 0.0299912 0
2.35679 0.029857 0
2.36657 0.0297043 0
2.37634 0.0295397 0
2.38612 0.0293702 0
2.39589 0.0292036 0
2.40567 0.0290472 0
2.41544 0.0289074 0
2.42522 0.0287891 0
2.43499 0.0286943 0
2.44477 0.028622 0
2.45455 0.028568 0
2.46432 0.0285251 0
2.4741 0.0284844 0
2.48387 0.0284363 0
2.49365 0.0283719 0
2.50342 0.0282842 0
2.5132 0.0281691 0
2.52297 0.0280256 0
2.53275 0.0278554 0
2.54252 0.0276627 0
2.5523 0.0274529 0
2.56207 0.0272317 0
2.57185 0.0270041 0
2.58162 0.0267743 0
2.5914 0.0265452 0
2.60117 0.0263184 0
2.61095 0.0260947 0
2.62072 0.0258751 0
2.6305 0.0256608 0
2.64027 0.0254537 0
2.65005 0.0252567 0
2.65982 0.0250735 0
2.6696 0.0249078 0
2.67937 0.0247635 0
2.68915 0.0246434 0
2.69893 0.0245492 0
2.7087 0.0244812 0
2.71848 0.024438 0
2.72825 0.0244166 0
2.73803 0.0244128 0
2.7478 0.024421 0
2.75758 0.024435 0
2.76735 0.0244482 0
2.77713 0.0244543 0
2.7869 0.0244474 0
2.79668 0.0244229 0
2.80645 0.0243769 0
2.81623 0.0243069 0
2.826 0.0242111 0
2.83578 0.0240882 0
2.84555 0.0239374 0
2.85533 0.0237579 0
2.8651 0.023549 0
2.87488 0.0233102 0
2.88465 0.0230415 0
2.89443 0.0227439 0
2.9042 0.0224194 0
2.91398 0.0220716 0
2.92375 0.0217053 0
2.93353 0.0213267 0
2.9433 0.0209429 0
2.95308 0.020561 0
2.96285 0.020188 0
2.97263 0.0198295 0
2.9824 0.0194896 0
2.99218 0.0191697 0
3.00196 0.0188689 0
3.01173 0.0185841 0
3.02151 0.0183099 0
3.03128 0.0180397 0
3.04106 0.0177667 0
3.05083 0.0174844 0
3.06061 0.0171874 0
3.07038 0.0168729 0
3.08016 0.0165405 0
3.08993 0.0161926 0
3.09971 0.0158349 0
3.10948 0.0154751 0
3.11926 0.0151225 0
3.12903 0.0147869 0
3.13881 0.0144777 0
3.14858 0.0142027 0
3.15836 0.0139675 0
3.16813 0.0137752 0
3.17791 0.0136265 0
3.18768 0.01352 0
3.19746 0.0134523 0
3.20723 0.0134189 0
3.21701 0.0134144 0
3.22678 0.0134329 0
3.23656 0.0134681 0
3.24633 0.0135137 0
3.25611 0.0135635 0
3.26588 0.0136118 0
3.27566 0.0136533 0
3.28543 0.0136838 0
3.29521 0.0137002 0
3.30499 0.0137006 0
3.31476 0.0136847 0
3.32454 0.0136528 0
3.33431 0.0136066 0
3.34409 0.0135477 0
3.35386 0.0134778 0
3.36364 0.0133976 0
3.37341 0.013307 0
3.38319 0.0132044 0
3.39296 0.0130872 0
3.40274 0.012952 0
3.41251 0.012795 0
3.42229 0.0126131 0
3.43206 0.0124039 0
3.44184 0.0121668 0
3.45161 0.0119029 0
3.46139 0.011615 0
3.47116 0.011307 0
3.48094 0.0109837 0
3.49071 0.0106502 0
3.50049 0.0103116 0
3.51026 0.00997285 0
3.52004 0.00963865 0
3.52981 0.0093138 0
3.53959 0.009003 0
3.54937 0.00871079 0
3.55914 0.00844109 0
3.56891 0.00819654 0
3.57869 0.00797812 0
3.58846 0.00778457 0
3.59824 0.00761212 0
3.60802 0.00745489 0
3.61779 0.00730519 0
3.62757 0.00715451 0
3.63734 0.00699434 0
3.64712 0.00681711 0
3.65689 0.00661695 0
3.66667 0.00639018 0
3.67644 0.00613566 0
3.68622 0.00585459 0
3.69599 0.00555038 0
3.70577 0.00522801 0
3.71554 0.00489367 0
3.72532 0.00455402 0
3.73509 0.00421554 0
3.74487 0.00388429 0
3.75464 0.00356537 0
3.76442 0.00326278 0
3.77419 0.00297928 0
3.78397 0.00271653 0
3.79374 0.00247504 0
3.80352 0.00225444 0
3.81329 0.00205354 0
3.82307 0.00187045 0
3.83284 0.0017027 0
3.84262 0.00154723 0
3.8524 0.00140063 0
3.86217 0.00125931 0
3.87195 0.00111974 0
3.88172 0.000978842 0
3.8915 0.000834367 0
3.90127 0.00068513 0
3.91105 0.000531045 0
3.92082 0.000373189 0
3.9306 0.00021348 0
3.94037 5.43938e-05 0
3.95015 -0.000101449 0
3.95992 -0.000251543 0
3.9697 -0.000393879 0
3.97947 -0.000527151 0
3.98925 -0.000650897 0
3.99902 -0.000765688 0
4.0088 -0.000873246 0
4.01857 -0.000976396 0
4.02835 -0.00107902 0
4.03812 -0.00118575 0
4.0479 -0.00130151 0
4.05767 -0.00143092 0
4.06745 -0.00157759 0
4.07722 -0.00174358 0
4.087 -0.00192886 0
4.09677 -0.00213116 0
4.10655 -0.00234617 0
4.11632 -0.00256798 0
4.1261 -0.00278971 0
4.13587 -0.00300445 0
4.14565 -0.0032061 0
4.15543 -0.00339012 0
4.1652 -0.00355409 0
4.17498 -0.00369806 0
4.18475 -0.00382469 0
4.19453 -0.00393899 0
4.2043 -0.00404793 0
4.21408 -0.00415985 0
4.22385 -0.00428341 0
4.23363 -0.00442672 0
4.2434 -0.00459626 0
4.25318 -0.00479607 0
4.26295 -0.00502704 0
4.27273 -0.00528674 0
4.2825 -0.00556972 0
4.29228 -0.00586806 0
4.30205 -0.00617242 0
4.31183 -0.00647305 0
4.3216 -0.00676094 0
4.33138 -0.0070285 0
4.34115 -0.00727006 0
4.35093 -0.00748208 0
4.3607 -0.00766289 0
4.37048 -0.00781232 0
4.38025 -0.00793119 0
4.39003 -0.00802102 0
4.3998 -0.00808346 0
4.40958 -0.00812037 0
4.41935 -0.0081338 0
4.42913 -0.00812617 0
4.43891 -0.00810047 0
4.44868 -0.00806032 0
4.45846 -0.00800971 0
4.46823 -0.00795276 0
4.47801 -0.00789306 0
4.48778 -0.00783338 0
4.49756 -0.00777529 0
4.50733 -0.00771939 0
4.51711 -0.00766562 0
4.52688 -0.00761394 0
4.53666 -0.00756497 0
4.54643 -0.00752052 0
4.55621 -0.00748376 0
4.56598 -0.007459 0
4.57576 -0.00745132 0
4.58553 -0.00746578 0
4.59531 -0.00750675 0
4.60508 -0.00757725 0
4.61486 -0.00767854 0
4.62463 -0.0078099 0
4.63441 -0.00796862 0
4.64418 -0.00815031 0
4.65396 -0.00834914 0
4.66373 -0.00855835 0
4.67351 -0.0087705 0
4.68328 -0.00897792 0
4.69306 -0.00917303 0
4.70284 -0.00934857 0
4.71261 -0.00949798 0
4.72238 -0.00961569 0
4.73216 -0.00969757 0
4.74194 -0.00974134 0
4.75171 -0.00974692 0
4.76149 -0.00971671 0
4.77126 -0.00965541 0
4.78104 -0.00956978 0
4.79081 -0.00946792 0
4.80059 -0.00935849 0
4.81036 -0.00924975 0
4.82014 -0.0091487 0
4.82991 -0.00906052 0
4.83969 -0.0089882 0
4.84946 -0.00893254 0
4.85924 -0.00889242 0
4.86901 -0.0088653 0
4.87879 -0.00884763 0
4.88856 -0.00883545 0
4.89834 -0.00882474 0
4.90811 -0.00881165 0
4.91789 -0.00879268 0
4.92766 -0.00876471 0
4.93744 -0.00872506 0
4.94721 -0.00867146 0
4.95699 -0.0086022 0
4.96676 -0.00851624 0
4.97654 -0.00841341 0
4.98631 -0.00829456 0
4.99609 -0.00816145 0
5.00587 -0.00801682 0
5.01564 -0.00786396 0
5.02542 -0.00770656 0
5.03519 -0.00754816 0
5.04497 -0.00739202 0
5.05474 -0.00724095 0
5.06452 -0.00709719 0
5.07429 -0.00696262 0
5.08407 -0.00683879 0
5.09384 -0.00672705 0
5.10362 -0.00662858 0
5.11339 -0.0065442 0
5.12317 -0.00647418 0
5.13294 -0.00641784 0
5.14272 -0.00637337 0
5.15249 -0.00633765 0
5.16227 -0.00630637 0
5.17204 -0.0062743 0
5.18182 -0.00623593 0
5.19159 -0.00618612 0
5.20137 -0.00612065 0
5.21114 -0.00603672 0
5.22092 -0.00593315 0
5.23069 -0.00581029 0
5.24047 -0.0056697 0
5.25024 -0.00551384 0
5.26002 -0.00534555 0
5.26979 -0.00516763 0
5.27957 -0.00498267 0
5.28935 -0.0047928 0
5.29912 -0.00459979 0
5.3089 -0.00440494 0
5.31867 -0.00420939 0
5.32845 -0.00401428 0
5.33822 -0.00382098 0
5.348 -0.00363136 0
5.35777 -0.0034479 0
5.36755 -0.00327377 0
5.37732 -0.00311274 0
5.3871 -0.00296881 0
5.39687 -0.002846 0
5.40665 -0.00274786 0
5.41642 -0.00267714 0
5.4262 -0.00263552 0
5.43597 -0.0026234 0
5.44575 -0.00263972 0
5.45552 -0.00268198 0
5.4653 -0.00274616 0
5.47507 -0.00282684 0
5.48485 -0.00291754 0
5.49462 -0.00301111 0
5.5044 -0.00310038 0
5.51417 -0.00317888 0
5.52395 -0.00324146 0
5.53372 -0.00328477 0
5.5435 -0.0033074 0
5.55328 -0.00330979 0
5.56305 -0.00329374 0
5.57282 -0.00326179 0
5.5826 -0.0032167 0
5.59238 -0.00316091 0
5.60215 -0.00309628 0
5.61193 -0.0030241 0
5.6217 -0.00294517 0
5.63148 -0.00286014 0
5.64125 -0.00276962 0
5.65103 -0.00267445 0
5.6608 -0.0025757 0
5.67058 -0.00247457 0
5.68035 -0.00237226 0
5.69013 -0.00226966 0
5.6999 -0.00216726 0
5.70968 -0.00206495 0
5.71945 -0.00196216 0
5.72923 -0.00185795 0
5.739 -0.00175132 0
5.74878 -0.00164154 0
5.75855 -0.00152849 0
5.76833 -0.00141276 0
5.7781 -0.00129571 0
5.78788 -0.00117928 0
5.79765 -0.00106579 0
5.80743 -0.000957593 0
5.8172 -0.000856759 0
5.82698 -0.000764878 0
5.83675 -0.000682951 0
5.84653 -0.00061138 0
5.85631 -0.000550059 0
5.86608 -0.000498541 0
5.87586 -0.000456166 0
5.88563 -0.000422203 0
5.89541 -0.000395925 0
5.90518 -0.000376647 0
5.91496 -0.000363737 0
5.92473 -0.000356576 0
5.93451 -0.000354588 0
5.94428 -0.000357136 0
5.95406 -0.000363573 0
5.96383 -0.000373156 0
5.97361 -0.000385092 0
5.98338 -0.000398514 0
5.99316 -0.000412553 0
6.00293 -0.000426353 0
6.01271 -0.000439173 0
6.02248 -0.000450437 0
6.03226 -0.000459737 0
6.04203 -0.000466869 0
6.05181 -0.000471795 0
6.06158 -0.000474567 0
6.07136 -0.000475311 0
6.08113 -0.000474092 0
6.09091 -0.000470926 0
6.10068 -0.000465726 0
6.11046 -0.00045832 0
6.12023 -0.00044847 0
6.13001 -0.000435946 0
6.13979 -0.00042058 0
6.14956 -0.000402314 0
6.15934 -0.000381255 0
6.16911 -0.000357678 0
6.17889 -0.000332019 0
6.18866 -0.000304841 0
6.19844 -0.00027679 0
6.20821 -0.000248542 0
6.21799 -0.000220744 0
6.22776 -0.000193967 0
6.23754 -0.000168677 0
6.24731 -0.000145227 0
6.25709 -0.000123834 0
6.26686 -0.000104604 0
6.27664 -8.75382e-05 0
6.28641 -7.25728e-05 0
6.29619 -5.95743e-05 0
6.30596 -4.83853e-05 0
6.31574 -3.88204e-05 0
6.32551 -3.06944e-05 0
6.33529 -2.38315e-05 0
6.34506 -1.80563e-05 0
6.35484 -1.32231e-05 0
6.36461 -9.1815e-06 0
6.37439 -5.81763e-06 0
6.38416 -3.02206e-06 0
6.39394 -6.98447e-07 0
6.40371 1.22619e-06 0
6.41349 2.81988e-06 0
6.42326 4.13419e-06 0
6.43304 5.22118e-06 0
6.44282 6.1176e-06 0
6.45259 6.85522e-06 0
6.46237 7.46597e-06 0
6.47214 7.9684e-06 0
6.48192 8.383e-06 0
6.49169 8.72187e-06 0
6.50147 9.00175e-06 0
6.51124 9.23086e-06 0
6.52102 9.42024e-06 0
6.53079 9.57355e-06 0
6.54057 9.70082e-06 0
6.55034 9.8066e-06 0
6.56012 9.88905e-06 0
6.56989 9.95848e-06 0
6.57967 1.00163e-05 0
6.58944 1.00615e-05 0
6.59922 1.00987e-05 0
6.60899 1.01258e-05 0
6.61877 1.01486e-05 0
6.62854 1.01663e-05 0
6.63832 1.01788e-05 0
6.64809 1.01909e-05 0
6.65787 1.01975e-05 0
6.66764 1.02026e-05 0
6.67742 1.02057e-05 0
6.68719 1.02064e-05 0
6.69697 1.02059e-05 0
6.70675 1.02044e-05 0
6.71652 1.02011e-05 0
6.72629 1.01978e-05 0
6.73607 1.0195e-05 0
6.74585 1.01904e-05 0
6.75562 1.01869e-05 0
6.7654 1.01816e-05 0
6.77517 1.01764e-05 0
6.78495 1.01711e-05 0
6.79472 1.01658e-05 0
6.8045 1.0161e-05 0
6.81427 1.01558e-05 0
6.82405 1.0151e-05 0
6.83382 1.01452e-05 0
6.8436 1.01393e-05 0
6.85337 1.01339e-05 0
6.86315 1.01287e-05 0
6.87292 1.01226e-05 0
6.8827 1.01168e-05 0
6.89247 1.01109e-05 0
6.90225 1.01042e-05 0
6.91202 1.00973e-05 0
6.9218 1.00901e-05 0
6.93157 1.00823e-05 0
6.94135 1.00744e-05 0
6.95112 1.00658e-05 0
6.9609 1.00567e-05 0
6.97067 1.00466e-05 0
6.98045 1.00365e-05 0
6.99023 1.00247e-05 0
7 1.00134e-05 0
