-3 7.93752e-08 0
-2.99022 9.45959e-08 0
-2.98045 1.12321e-07 0
-2.97067 1.32813e-07 0
-2.9609 1.56315e-07 0
-2.95112 1.83042e-07 0
-2.94135 2.13167e-07 0
-2.93157 2.46818e-07 0
-2.9218 2.8408e-07 0
-2.91202 3.24995e-07 0
-2.90225 3.69575e-07 0
-2.89247 4.17814e-07 0
-2.8827 4.69703e-07 0
-2.87292 5.25238e-07 0
-2.86315 5.84433e-07 0
-2.85337 6.47323e-07 0
-2.8436 7.13964e-07 0
-2.83382 7.84444e-07 0
-2.82405 8.58887e-07 0
-2.81427 9.37446e-07 0
-2.8045 1.02035e-06 0
-2.79472 1.1079e-06 0
-2.78495 1.20049e-06 0
-2.77517 1.29864e-06 0
-2.7654 1.40303e-06 0
-2.75562 1.51449e-06 0
-2.74585 1.63403e-06 0
-2.73607 1.76286e-06 0
-2.7263 1.90239e-06 0
-2.71652 2.05429e-06 0
-2.70674 2.22047e-06 0
-2.69697 2.40316e-06 0
-2.68719 2.60499e-06 0
-2.67742 2.82901e-06 0
-2.66764 3.07886e-06 0
-2.65787 3.35884e-06 0
-2.64809 3.67413e-06 0
-2.63832 4.03088e-06 0
-2.62854 4.43654e-06 0
-2.61877 4.90005e-06 0
-2.60899 5.43223e-06 0
-2.59922 6.04619e-06 0
-2.58944 6.75778e-06 0
-2.57967 7.58624e-06 0
-2.56989 8.55492e-06 0
-2.56012 9.69223e-06 0
-2.55034 1.10327e-05 0
-2.54057 1.26182e-05 0
-2.53079 1.44997e-05 0
-2.52102 1.67392e-05 0
-2.51124 1.94117e-05 0
-2.50147 2.26084e-05 0
-2.49169 2.64392e-05 0
-2.48192 3.10373e-05 0
-2.47214 3.65628e-05 0
-2.46237 4.32083e-05 0
-2.45259 5.12045e-05 0
-2.44282 6.08266e-05 0
-2.43304 7.24021e-05 0
-2.42326 8.63178e-05 0
-2.41349 0.000103029 0
-2.40371 0.000123067 0
-2.39394 0.000147045 0
-2.38416 0.00017567 0
-2.37439 0.000209737 0
-2.36461 0.000250139 0
-2.35484 0.000297856 0
-2.34506 0.000353948 0
-2.33529 0.000419537 0
-2.32551 0.000495786 0
-2.31574 0.000583867 0
-2.30596 0.000684931 0
-2.29619 0.000800063 0
-2.28641 0.000930244 0
-2.27664 0.00107631 0
-2.26686 0.0012389 0
-2.25709 0.00141845 0
-2.24731 0.00161515 0
-2.23754 0.00182895 0
-2.22776 0.00205963 0
-2.21799 0.00230682 0
-2.20821 0.00257015 0
-2.19844 0.00284935 0
-2.18866 0.0031444 0
-2.17889 0.00345566 0
-2.16911 0.00378391 0
-2.15934 0.00413035 0
-2.14956 0.00449654 0
-2.13978 0.00488424 0
-2.13001 0.00529522 0
-2.12023 0.00573102 0
-2.11046 0.00619287 0
-2.10068 0.00668149 0
-2.09091 0.00719718 0
-2.08113 0.00773978 0
-2.07136 0.00830887 0
-2.06158 0.00890385 0
-2.05181 0.00952413 0
-2.04203 0.0101693 0
-2.03226 0.0108393 0
-2.02248 0.0115343 0
-2.01271 0.0122551 0
-2.00293 0.013003 0
-1.99316 0.0137795 0
-1.98338 0.0145866 0
-1.97361 0.0154265 0
-1.96383 0.0163018 0
-1.95406 0.0172151 0
-1.94428 0.0181695 0
-1.93451 0.0191684 0
-1.92473 0.0202156 0
-1.91496 0.021316 0
-1.90518 0.0224752 0
-1.89541 0.0236999 0
-1.88563 0.0249978 0
-1.87586 0.0263774 0
-1.86608 0.0278483 0
-1.8563 0.0294202 0
-1.84653 0.0311034 0
-1.83675 0.0329082 0
-1.82698 0.0348452 0
-1.8172 0.0369251 0
-1.80743 0.0391594 0
-1.79765 0.0415601 0
-1.78788 0.044141 0
-1.7781 0.0469173 0
-1.76833 0.0499068 0
-1.75855 0.0531299 0
-1.74878 0.0566101 0
-1.739 0.0603743 0
-1.72923 0.0644531 0
-1.71945 0.0688811 0
-1.70968 0.0736977 0
-1.6999 0.0789471 0
-1.69013 0.0846797 0
-1.68035 0.0909518 0
-1.67058 0.0978266 0
-1.6608 0.105374 0
-1.65103 0.11367 0
-1.64125 0.122796 0
-1.63148 0.132836 0
-1.6217 0.143879 0
-1.61193 0.156007 0
-1.60215 0.169299 0
-1.59238 0.183821 0
-1.5826 0.199622 0
-1.57283 0.216727 0
-1.56305 0.235131 0
-1.55327 0.254794 0
-1.5435 0.275632 0
-1.53372 0.297522 0
-1.52395 0.320299 0
-1.51417 0.343763 0
-1.5044 0.367685 0
-1.49462 0.39182 0
-1.48485 0.415924 0
-1.47507 0.43976 0
-1.4653 0.463116 0
-1.45552 0.485815 0
-1.44575 0.507714 0
-1.43597 0.528711 0
-1.4262 0.548746 0
-1.41642 0.567788 0
-1.40665 0.58584 0
-1.39687 0.602922 0
-1.3871 0.619074 0
-1.37732 0.634345 0
-1.36755 0.648788 0
-1.35777 0.662456 0
-1.348 0.675406 0
-1.33822 0.687684 0
-1.32845 0.699339 0
-1.31867 0.71041 0
-1.3089 0.720933 0
-1.29912 0.730939 0
-1.28934 0.740452 0
-1.27957 0.749492 0
-1.26979 0.758073 0
-1.26002 0.766207 0
-1.25024 0.7739 0
-1.24047 0.781151 0
-1.23069 0.787963 0
-1.22092 0.794334 0
-1.21114 0.800259 0
-1.20137 0.805737 0
-1.19159 0.810767 0
-1.18182 0.815348 0
-1.17204 0.819484 0
-1.16227 0.823181 0
-1.15249 0.826449 0
-1.14272 0.829298 0
-1.13294 0.831744 0
-1.12317 0.833803 0
-1.11339 0.835492 0
-1.10362 0.836828 0
-1.09384 0.83783 0
-1.08407 0.838513 0
-1.07429 0.838893 0
-1.06452 0.838981 0
-1.05474 0.838791 0
-1.04497 0.838331 0
-1.03519 0.837611 0
-1.02542 0.836637 0
-1.01564 0.83542 0
-1.00587 0.833961 0
-0.99609 0.832269 0
-0.986315 0.830347 0
-0.97654 0.828197 0
-0.966765 0.825822 0
-0.956989 0.823222 0
-0.947214 0.820396 0
-0.937439 0.817342 0
-0.927664 0.814064 0
-0.917889 0.810563 0
-0.908114 0.806844 0
-0.898338 0.802914 0
-0.888563 0.798782 0
-0.878788 0.79446 0
-0.869013 0.789966 0
-0.859237 0.785315 0
-0.849462 0.78053 0
-0.839687 0.775637 0
-0.829912 0.770663 0
-0.820137 0.765639 0
-0.810362 0.7606 0
-0.800587 0.75558 0
-0.790811 0.750618 0
-0.781036 0.745751 0
-0.771261 0.741015 0
-0.761486 0.736445 0
-0.751711 0.73207 0
-0.741936 0.727913 0
-0.73216 0.723988 0
-0.722385 0.720301 0
-0.71261 0.716845 0
-0.702835 0.713604 0
-0.693059 0.71055 0
-0.683284 0.707652 0
-0.673509 0.704872 0
-0.663734 0.702172 0
-0.653959 0.699519 0
-0.644184 0.696882 0
-0.634408 0.694238 0
-0.624633 0.691574 0
-0.614858 0.688876 0
-0.605083 0.686144 0
-0.595308 0.683376 0
-0.585533 0.680577 0
-0.575758 0.677753 0
-0.565982 0.67491 0
-0.556207 0.672057 0
-0.546432 0.669202 0
-0.536657 0.666352 0
-0.526882 0.663514 0
-0.517107 0.660693 0
-0.507331 0.657894 0
-0.497556 0.655117 0
-0.487781 0.652358 0
-0.478006 0.649611 0
-0.468231 0.646862 0
-0.458456 0.644095 0
-0.44868 0.641287 0
-0.438905 0.638409 0
-0.42913 0.635428 0
-0.419355 0.632307 0
-0.40958 0.629001 0
-0.399805 0.625463 0
-0.390029 0.621644 0
-0.380254 0.617489 0
-0.370479 0.612948 0
-0.360704 0.60797 0
-0.350929 0.602512 0
-0.341154 0.596538 0
-0.331378 0.590027 0
-0.321603 0.582968 0
-0.311828 0.575372 0
-0.302053 0.567262 0
-0.292278 0.558683 0
-0.282502 0.549688 0
-0.272727 0.540347 0
-0.262952 0.530731 0
-0.253177 0.520916 0
-0.243402 0.510975 0
-0.233627 0.500977 0
-0.223851 0.490983 0
-0.214076 0.481043 0
-0.204301 0.471199 0
-0.194526 0.461482 0
-0.184751 0.451915 0
-0.174976 0.442512 0
-0.1652 0.43328 0
-0.155425 0.424223 0
-0.14565 0.41534 0
-0.135875 0.406626 0
-0.1261 0.398079 0
-0.116325 0.389692 0
-0.106549 0.381459 0
-0.0967743 0.373374 0
-0.0869991 0.36543 0
-0.077224 0.357623 0
-0.0674488 0.349949 0
-0.0576736 0.342406 0
-0.0478985 0.334993 0
-0.0381233 0.32771 0
-0.0283478 0.320559 0
-0.0185727 0.313541 0
-0.00879753 0.306655 0
0.000977635 0.2999 0
0.0107528 0.293269 0
0.020528 0.286756 0
0.0303031 0.280349 0
0.0400783 0.274038 0
0.0498534 0.267813 0
0.0596286 0.261664 0
0.0694038 0.255584 0
0.0791789 0.249569 0
0.0889541 0.243616 0
0.0987293 0.237721 0
0.108504 0.231886 0
0.11828 0.226106 0
0.128055 0.220383 0
0.13783 0.214715 0
0.147605 0.209104 0
0.15738 0.203552 0
0.167155 0.198063 0
0.176931 0.19264 0
0.186706 0.18729 0
0.196481 0.182014 0
0.206256 0.176813 0
0.216031 0.171685 0
0.225806 0.166623 0
0.235582 0.161615 0
0.245357 0.156647 0
0.255132 0.151702 0
0.264907 0.146759 0
0.274682 0.1418 0
0.284457 0.136807 0
0.294233 0.131764 0
0.304008 0.126656 0
0.313783 0.121474 0
0.323558 0.11621 0
0.333333 0.11086 0
0.343109 0.105422 0
0.352884 0.0998996 0
0.362659 0.0942973 0
0.372434 0.0886237 0
0.382209 0.0828898 0
0.391984 0.0771078 0
0.40176 0.0712928 0
0.411535 0.0654608 0
0.42131 0.0596304 0
0.431085 0.0538224 0
0.44086 0.0480616 0
0.450635 0.0423763 0
0.460411 0.0367989 0
0.470186 0.0313657 0
0.479961 0.0261151 0
0.489736 0.0210871 0
0.499511 0.0163192 0
0.509286 0.0118458 0
0.519062 0.00769561 0
0.528837 0.00388928 0
0.538612 0.000439022 0
0.548387 -0.00265067 0
0.558162 -0.0053834 0
0.567937 -0.00776913 0
0.577712 -0.00982331 0
0.587488 -0.0115642 0
0.597263 -0.0130137 0
0.607038 -0.0141942 0
0.616813 -0.0151295 0
0.626589 -0.0158434 0
0.636364 -0.0163594 0
0.646139 -0.0167005 0
0.655914 -0.0168888 0
0.665689 -0.0169447 0
0.675464 -0.0168879 0
0.68524 -0.0167355 0
0.695015 -0.0165028 0
0.70479 -0.0162032 0
0.714565 -0.0158478 0
0.72434 -0.0154458 0
0.734115 -0.015005 0
0.743891 -0.0145314 0
0.753666 -0.0140299 0
0.763441 -0.0135042 0
0.773216 -0.0129566 0
0.782991 -0.0123881 0
0.792766 -0.0117993 0
0.802541 -0.0111896 0
0.812317 -0.0105586 0
0.822092 -0.00990582 0
0.831867 -0.00923134 0
0.841642 -0.00853603 0
0.851417 -0.00782151 0
0.861192 -0.00709044 0
0.870968 -0.00634609 0
0.880743 -0.00559205 0
0.890518 -0.00483212 0
0.900293 -0.00407024 0
0.910068 -0.00330987 0
0.919844 -0.00255435 0
0.929619 -0.00180663 0
0.939394 -0.00106944 0
0.949169 -0.000345496 0
0.958944 0.000362825 0
0.96872 0.00105331 0
0.978495 0.00172459 0
0.98827 0.00237599 0
0.998045 0.00300818 0
1.00782 0.00362303 0
1.0176 0.00422364 0
1.02737 0.00481411 0
1.03715 0.00539916 0
1.04692 0.0059839 0
1.0567 0.00657329 0
1.06647 0.00717204 0
1.07625 0.00778423 0
1.08602 0.00841303 0
1.0958 0.00906045 0
1.10557 0.00972699 0
1.11535 0.0104116 0
1.12512 0.0111113 0
1.1349 0.0118216 0
1.14467 0.0125369 0
1.15445 0.0132505 0
1.16422 0.0139558 0
1.174 0.0146466 0
1.18377 0.0153175 0
1.19355 0.0159649 0
1.20332 0.0165866 0
1.2131 0.0171819 0
1.22287 0.0177518 0
1.23265 0.0182981 0
1.24242 0.0188236 0
1.2522 0.019331 0
1.26197 0.0198229 0
1.27175 0.0203011 0
1.28153 0.0207668 0
1.2913 0.02122 0
1.30108 0.0216605 0
1.31085 0.0220872 0
1.32063 0.022499 0
1.3304 0.022895 0
1.34018 0.0232746 0
1.34995 0.0236379 0
1.35973 0.0239853 0
1.3695 0.0243181 0
1.37928 0.0246379 0
1.38905 0.0249464 0
1.39883 0.0252454 0
1.4086 0.0255363 0
1.41838 0.0258198 0
1.42815 0.0260959 0
1.43793 0.026364 0
1.4477 0.0266227 0
1.45748 0.0268701 0
1.46725 0.0271043 0
1.47703 0.027323 0
1.4868 0.0275244 0
1.49658 0.0277069 0
1.50635 0.0278696 0
1.51613 0.0280125 0
1.5259 0.0281367 0
1.53568 0.0282441 0
1.54545 0.0283383 0
1.55523 0.0284237 0
1.56501 0.0285055 0
1.57478 0.0285892 0
1.58456 0.0286802 0
1.59433 0.0287832 0
1.60411 0.0289021 0
1.61388 0.0290395 0
1.62366 0.029197 0
1.63343 0.0293754 0
1.64321 0.0295743 0
1.65298 0.0297931 0
1.66276 0.03003 0
1.67253 0.0302828 0
1.68231 0.030548 0
1.69208 0.0308215 0
1.70186 0.0310985 0
1.71163 0.0313733 0
1.72141 0.0316401 0
1.73118 0.0318936 0
1.74096 0.0321286 0
1.75073 0.0323414 0
1.76051 0.032529 0
1.77028 0.0326901 0
1.78006 0.0328245 0
1.78983 0.0329335 0
1.79961 0.0330197 0
1.80938 0.0330864 0
1.81916 0.0331379 0
1.82893 0.0331783 0
1.83871 0.0332119 0
1.84848 0.0332426 0
1.85826 0.0332731 0
1.86804 0.0333059 0
1.87781 0.0333427 0
1.88759 0.033385 0
1.89736 0.033434 0
1.90714 0.0334917 0
1.91691 0.0335601 0
1.92669 0.0336415 0
1.93646 0.0337383 0
1.94624 0.033852 0
1.95601 0.0339829 0
1.96579 0.0341298 0
1.97556 0.03429 0
1.98534 0.034459 0
1.99511 0.0346318 0
2.00489 0.0348029 0
2.01466 0.0349673 0
2.02444 0.0351212 0
2.03421 0.0352619 0
2.04399 0.0353885 0
2.05376 0.0355012 0
2.06354 0.0356022 0
2.07331 0.0356944 0
2.08309 0.0357817 0
2.09286 0.0358684 0
2.10264 0.0359591 0
2.11241 0.0360579 0
2.12219 0.0361683 0
2.13196 0.0362926 0
2.14174 0.0364317 0
2.15152 0.0365846 0
2.16129 0.0367486 0
2.17107 0.0369194 0
2.18084 0.0370912 0
2.19062 0.0372566 0
2.20039 0.0374082 0
2.21017 0.0375379 0
2.21994 0.0376383 0
2.22972 0.0377033 0
2.23949 0.0377286 0
2.24927 0.0377119 0
2.25904 0.0376535 0
2.26882 0.0375553 0
2.27859 0.0374211 0
2.28837 0.037256 0
2.29814 0.0370655 0
2.30792 0.0368556 0
2.31769 0.0366322 0
2.32747 0.0364008 0
2.33724 0.036166 0
2.34702 0.0359312 0
2.35679 0.0356986 0
2.36657 0.0354684 0
2.37634 0.0352399 0
2.38612 0.0350111 0
2.39589 0.0347796 0
2.40567 0.0345438 0
2.41544 0.034303 0
2.42522 0.0340584 0
2.435 0.0338129 0
2.44477 0.0335707 0
2.45455 0.0333373 0
2.46432 0.0331179 0
2.4741 0.0329169 0
2.48387 0.0327367 0
2.49365 0.0325774 0
2.50342 0.0324366 0
2.5132 0.0323095 0
2.52297 0.0321898 0
2.53275 0.0320703 0
2.54252 0.0319435 0
2.5523 0.0318028 0
2.56207 0.0316427 0
2.57185 0.0314595 0
2.58162 0.0312509 0
2.5914 0.0310168 0
2.60117 0.0307586 0
2.61095 0.030479 0
2.62072 0.0301819 0
2.6305 0.029872 0
2.64027 0.0295549 0
2.65005 0.0292364 0
2.65982 0.0289233 0
2.6696 0.0286221 0
2.67937 0.0283397 0
2.68915 0.028082 0
2.69892 0.0278536 0
2.7087 0.0276577 0
2.71847 0.0274951 0
2.72825 0.0273646 0
2.73803 0.0272625 0
2.7478 0.0271839 0
2.75758 0.0271222 0
2.76735 0.0270703 0
2.77713 0.0270209 0
2.7869 0.026967 0
2.79668 0.0269023 0
2.80645 0.0268216 0
2.81623 0.0267202 0
2.826 0.0265946 0
2.83578 0.0264421 0
2.84555 0.0262609 0
2.85533 0.02605 0
2.8651 0.0258095 0
2.87488 0.0255403 0
2.88465 0.0252448 0
2.89443 0.0249265 0
2.9042 0.0245903 0
2.91398 0.0242424 0
2.92375 0.0238899 0
2.93353 0.0235403 0
2.9433 0.023201 0
2.95308 0.0228785 0
2.96285 0.0225773 0
2.97263 0.0222996 0
2.9824 0.0220445 0
2.99218 0.0218083 0
3.00196 0.0215846 0
3.01173 0.0213651 0
3.02151 0.0211408 0
3.03128 0.0209027 0
3.04106 0.0206435 0
3.05083 0.0203577 0
3.06061 0.0200425 0
3.07038 0.0196975 0
3.08016 0.0193247 0
3.08993 0.018927 0
3.09971 0.0185085 0
3.10948 0.0180734 0
3.11926 0.0176258 0
3.12903 0.0171699 0
3.13881 0.0167101 0
3.14858 0.0162515 0
3.15836 0.0157994 0
3.16813 0.0153596 0
3.17791 0.0149381 0
3.18768 0.0145401 0
3.19746 0.0141698 0
3.20723 0.0138307 0
3.21701 0.013525 0
3.22678 0.0132537 0
3.23656 0.0130173 0
3.24633 0.0128153 0
3.25611 0.0126463 0
3.26588 0.0125078 0
3.27566 0.0123967 0
3.28543 0.0123082 0
3.29521 0.0122369 0
3.30499 0.0121766 0
3.31476 0.0121209 0
3.32454 0.0120632 0
3.33431 0.0119974 0
3.34409 0.0119182 0
3.35386 0.0118218 0
3.36364 0.0117051 0
3.37341 0.0115669 0
3.38319 0.0114067 0
3.39296 0.0112248 0
3.40274 0.0110218 0
3.41251 0.0107982 0
3.42229 0.0105543 0
3.43206 0.0102905 0
3.44184 0.0100074 0
3.45161 0.00970642 0
3.46139 0.00939009 0
3.47116 0.0090623 0
3.48094 0.00872829 0
3.49071 0.00839421 0
3.50049 0.00806672 0
3.51026 0.00775237 0
3.52004 0.00745686 0
3.52981 0.0071848 0
3.53959 0.00693902 0
3.54936 0.00672058 0
3.55914 0.00652866 0
3.56891 0.00636075 0
3.57869 0.00621293 0
3.58847 0.00608013 0
3.59824 0.00595645 0
3.60802 0.00583557 0
3.61779 0.00571112 0
3.62757 0.00557696 0
3.63734 0.00542782 0
3.64712 0.00525963 0
3.65689 0.00507002 0
3.66667 0.0048584 0
3.67644 0.00462601 0
3.68622 0.00437545 0
3.69599 0.00410997 0
3.70577 0.00383289 0
3.71554 0.00354675 0
3.72532 0.00325288 0
3.73509 0.00295127 0
3.74487 0.00264061 0
3.75464 0.00231881 0
3.76442 0.00198339 0
3.77419 0.00163224 0
3.78397 0.00126408 0
3.79374 0.000878738 0
3.80352 0.00047724 0
3.81329 6.1686e-05 0
3.82307 -0.000365133 0
3.83284 -0.000800113 0
3.84262 -0.00124006 0
3.8524 -0.00168197 0
3.86217 -0.00212293 0
3.87195 -0.00255994 0
3.88172 -0.00298973 0
3.8915 -0.00340842 0
3.90127 -0.00381166 0
3.91105 -0.00419453 0
3.92082 -0.00455205 0
3.9306 -0.0048797 0
3.94037 -0.00517391 0
3.95015 -0.00543258 0
3.95992 -0.00565544 0
3.9697 -0.00584419 0
3.97947 -0.00600252 0
3.98925 -0.00613586 0
3.99902 -0.00625119 0
4.0088 -0.00635668 0
4.01857 -0.00646108 0
4.02835 -0.00657329 0
4.03812 -0.00670164 0
4.0479 -0.00685326 0
4.05767 -0.00703369 0
4.06745 -0.00724645 0
4.07722 -0.0074929 0
4.087 -0.00777235 0
4.09677 -0.0080822 0
4.10655 -0.00841811 0
4.11632 -0.00877419 0
4.1261 -0.00914315 0
4.13587 -0.00951659 0
4.14565 -0.00988525 0
4.15543 -0.0102396 0
4.1652 -0.0105704 0
4.17498 -0.0108695 0
4.18475 -0.0111305 0
4.19453 -0.0113489 0
4.2043 -0.0115228 0
4.21408 -0.0116525 0
4.22385 -0.0117404 0
4.23363 -0.0117902 0
4.2434 -0.0118064 0
4.25318 -0.0117941 0
4.26295 -0.0117582 0
4.27273 -0.0117033 0
4.2825 -0.0116341 0
4.29228 -0.0115546 0
4.30205 -0.0114687 0
4.31183 -0.01138 0
4.3216 -0.0112915 0
4.33138 -0.0112059 0
4.34115 -0.0111254 0
4.35093 -0.0110517 0
4.3607 -0.0109866 0
4.37048 -0.0109321 0
4.38025 -0.0108901 0
4.39003 -0.0108629 0
4.3998 -0.0108527 0
4.40958 -0.0108613 0
4.41935 -0.0108899 0
4.42913 -0.0109389 0
4.43891 -0.0110077 0
4.44868 -0.0110948 0
4.45846 -0.0111978 0
4.46823 -0.011314 0
4.47801 -0.0114402 0
4.48778 -0.0115734 0
4.49756 -0.0117105 0
4.50733 -0.0118487 0
4.51711 -0.0119851 0
4.52688 -0.0121168 0
4.53666 -0.012241 0
4.54643 -0.0123545 0
4.55621 -0.0124544 0
4.56598 -0.012538 0
4.57576 -0.0126027 0
4.58553 -0.012647 0
4.59531 -0.01267 0
4.60508 -0.0126718 0
4.61486 -0.0126535 0
4.62463 -0.0126168 0
4.63441 -0.0125646 0
4.64418 -0.0125003 0
4.65396 -0.0124277 0
4.66373 -0.0123513 0
4.67351 -0.0122756 0
4.68328 -0.0122049 0
4.69306 -0.0121432 0
4.70283 -0.0120942 0
4.71261 -0.0120605 0
4.72238 -0.0120445 0
4.73216 -0.0120479 0
4.74194 -0.0120719 0
4.75171 -0.0121176 0
4.76149 -0.0121849 0
4.77126 -0.0122733 0
4.78104 -0.012381 0
4.79081 -0.0125049 0
4.80059 -0.0126407 0
4.81036 -0.0127831 0
4.82014 -0.0129261 0
4.82991 -0.0130639 0
4.83969 -0.0131908 0
4.84946 -0.0133022 0
4.85924 -0.0133945 0
4.86901 -0.0134651 0
4.87879 -0.0135126 0
4.88856 -0.0135364 0
4.89834 -0.0135365 0
4.90811 -0.0135135 0
4.91789 -0.0134684 0
4.92766 -0.0134024 0
4.93744 -0.0133168 0
4.94721 -0.0132134 0
4.95699 -0.0130938 0
4.96676 -0.01296 0
4.97654 -0.0128144 0
4.98631 -0.0126594 0
4.99609 -0.0124973 0
5.00587 -0.0123305 0
5.01564 -0.0121609 0
5.02542 -0.0119897 0
5.03519 -0.0118175 0
5.04497 -0.011644 0
5.05474 -0.0114684 0
5.06452 -0.0112892 0
5.07429 -0.0111054 0
5.08407 -0.010916 0
5.09384 -0.010721 0
5.10362 -0.0105209 0
5.11339 -0.010317 0
5.12317 -0.010111 0
5.13294 -0.00990462 0
5.14272 -0.00969962 0
5.15249 -0.00949736 0
5.16227 -0.00929911 0
5.17204 -0.00910597 0
5.18182 -0.00891931 0
5.19159 -0.00874067 0
5.20137 -0.00857186 0
5.21114 -0.00841474 0
5.22092 -0.00827096 0
5.23069 -0.00814158 0
5.24047 -0.00802674 0
5.25024 -0.00792548 0
5.26002 -0.00783577 0
5.26979 -0.00775462 0
5.27957 -0.00767843 0
5.28934 -0.00760347 0
5.29912 -0.00752616 0
5.3089 -0.00744352 0
5.31867 -0.00735346 0
5.32845 -0.00725475 0
5.33822 -0.00714709 0
5.348 -0.00703092 0
5.35777 -0.00690722 0
5.36755 -0.00677737 0
5.37732 -0.00664294 0
5.3871 -0.00650555 0
5.39687 -0.00636692 0
5.40665 -0.00622866 0
5.41642 -0.00609234 0
5.4262 -0.00595932 0
5.43597 -0.00583061 0
5.44575 -0.00570679 0
5.45552 -0.00558792 0
5.4653 -0.00547358 0
5.47507 -0.00536289 0
5.48485 -0.00525484 0
5.49462 -0.00514852 0
5.5044 -0.00504333 0
5.51417 -0.00493917 0
5.52395 -0.00483638 0
5.53372 -0.00473576 0
5.5435 -0.00463833 0
5.55328 -0.00454507 0
5.56305 -0.00445685 0
5.57283 -0.0043743 0
5.5826 -0.0042978 0
5.59238 -0.00422758 0
5.60215 -0.00416371 0
5.61193 -0.00410605 0
5.6217 -0.00405428 0
5.63148 -0.00400763 0
5.64125 -0.00396497 0
5.65103 -0.00392471 0
5.6608 -0.00388492 0
5.67058 -0.00384351 0
5.68035 -0.00379848 0
5.69013 -0.00374813 0
5.6999 -0.00369126 0
5.70968 -0.00362721 0
5.71945 -0.00355602 0
5.72923 -0.00347819 0
5.739 -0.00339463 0
5.74878 -0.00330642 0
5.75855 -0.00321465 0
5.76833 -0.00312029 0
5.7781 -0.00302414 0
5.78788 -0.00292679 0
5.79765 -0.00282879 0
5.80743 -0.00273068 0
5.8172 -0.00263305 0
5.82698 -0.00253657 0
5.83675 -0.00244188 0
5.84653 -0.00234954 0
5.85631 -0.00225991 0
5.86608 -0.00217308 0
5.87586 -0.00208877 0
5.88563 -0.00200647 0
5.89541 -0.00192538 0
5.90518 -0.00184464 0
5.91496 -0.00176343 0
5.92473 -0.00168107 0
5.93451 -0.00159717 0
5.94428 -0.0015116 0
5.95406 -0.0014246 0
5.96383 -0.00133668 0
5.97361 -0.0012486 0
5.98338 -0.00116118 0
5.99316 -0.00107525 0
6.00293 -0.000991558 0
6.01271 -0.000910694 0
6.02248 -0.000833024 0
6.03226 -0.000758804 0
6.04203 -0.000688127 0
6.05181 -0.000621054 0
6.06158 -0.000557598 0
6.07136 -0.000497763 0
6.08113 -0.000441616 0
6.09091 -0.000389203 0
6.10068 -0.00034061 0
6.11046 -0.000295921 0
6.12023 -0.000255244 0
6.13001 -0.000218655 0
6.13979 -0.000186186 0
6.14956 -0.00015781 0
6.15934 -0.000133404 0
6.16911 -0.000112757 0
6.17889 -9.55582e-05 0
6.18866 -8.14309e-05 0
6.19844 -6.99584e-05 0
6.20821 -6.07246e-05 0
6.21799 -5.33163e-05 0
6.22776 -4.73862e-05 0
6.23754 -4.26269e-05 0
6.24731 -3.87994e-05 0
6.25709 -3.57014e-05 0
6.26686 -3.31924e-05 0
6.27664 -3.11421e-05 0
6.28641 -2.94814e-05 0
6.29619 -2.81245e-05 0
6.30596 -2.70305e-05 0
6.31574 -2.61456e-05 0
6.32551 -2.54316e-05 0
6.33529 -2.48745e-05 0
6.34506 -2.44421e-05 0
6.35484 -2.41086e-05 0
6.36461 -2.38676e-05 0
6.37439 -2.36932e-05 0
6.38416 -2.35779e-05 0
6.39394 -2.35121e-05 0
6.40371 -2.34843e-05 0
6.41349 -2.34902e-05 0
6.42326 -2.35216e-05 0
6.43304 -2.35794e-05 0
6.44282 -2.36512e-05 0
6.45259 -2.3737e-05 0
6.46237 -2.38315e-05 0
6.47214 -2.39384e-05 0
6.48192 -2.40488e-05 0
6.49169 -2.4162e-05 0
6.50147 -2.42798e-05 0
6.51124 -2.4403e-05 0
6.52102 -2.4526e-05 0
6.53079 -2.46478e-05 0
6.54057 -2.47708e-05 0
6.55034 -2.48969e-05 0
6.56012 -2.50191e-05 0
6.56989 -2.51367e-05 0
6.57967 -2.5254e-05 0
6.58944 -2.5369e-05 0
6.59922 -2.54827e-05 0
6.60899 -2.55936e-05 0
6.61877 -2.57039e-05 0
6.62854 -2.58109e-05 0
6.63832 -2.5917e-05 0
6.64809 -2.60166e-05 0
6.65787 -2.61164e-05 0
6.66764 -2.62147e-05 0
6.67742 -2.63073e-05 0
6.68719 -2.63989e-05 0
6.69697 -2.64868e-05 0
6.70675 -2.65729e-05 0
6.71652 -2.6656e-05 0
6.7263 -2.67344e-05 0
6.73607 -2.68091e-05 0
6.74585 -2.68801e-05 0
6.75562 -2.70472e-05 0
6.7654 -2.7111e-05 0
6.77517 -2.71695e-05 0
6.78495 -2.72244e-05 0
6.79472 -2.72711e-05 0
6.8045 -2.73133e-05 0
6.81427 -2.73513e-05 0
6.82405 -2.74845e-05 0
6.83382 -2.75076e-05 0
6.8436 -2.75258e-05 0
6.85337 -2.76381e-05 0
6.86315 -2.7643e-05 0
6.87292 -2.77397e-05 0
6.8827 -2.77299e-05 0
6.89247 -2.78138e-05 0
6.90225 -2.78923e-05 0
6.91202 -2.79646e-05 0
6.9218 -2.80328e-05 0
6.93157 -2.80963e-05 0
6.94135 -2.81577e-05 0
6.95112 -2.82186e-05 0
6.9609 -2.82783e-05 0
6.97067 -2.83396e-05 0
6.98045 -2.84024e-05 0
6.99022 -2.83661e-05 0
7 -2.84338e-05 0
