-1 1.69106e-06 0
-0.995112 2.60763e-06 0
-0.990225 3.89933e-06 0
-0.985337 5.57882e-06 0
-0.98045 7.52044e-06 0
-0.975562 9.42179e-06 0
-0.970675 1.08971e-05 0
-0.965787 1.16958e-05 0
-0.960899 1.18565e-05 0
-0.956012 1.16433e-05 0
-0.951124 1.13593e-05 0
-0.946237 1.12174e-05 0
-0.941349 1.13187e-05 0
-0.936461 1.16806e-05 0
-0.931574 1.22604e-05 0
-0.926686 1.29627e-05 0
-0.921799 1.36474e-05 0
-0.916911 1.41522e-05 0
-0.912023 1.43275e-05 0
-0.907136 1.40713e-05 0
-0.902248 1.33564e-05 0
-0.897361 1.22345e-05 0
-0.892473 1.08143e-05 0
-0.887586 9.22346e-06 0
-0.882698 7.57428e-06 0
-0.87781 5.94724e-06 0
-0.872923 4.39129e-06 0
-0.868035 2.93064e-06 0
-0.863148 1.56907e-06 0
-0.85826 2.95338e-07 0
-0.853372 -9.05457e-07 0
-0.848485 -2.03608e-06 0
-0.843597 -3.07804e-06 0
-0.83871 -3.99693e-06 0
-0.833822 -4.75757e-06 0
-0.828935 -5.33783e-06 0
-0.824047 -5.73377e-06 0
-0.819159 -5.95627e-06 0
-0.814272 -6.02585e-06 0
-0.809384 -5.97041e-06 0
-0.804497 -5.82609e-06 0
-0.799609 -5.6343e-06 0
-0.794721 -5.43353e-06 0
-0.789834 -5.2493e-06 0
-0.784946 -5.08835e-06 0
-0.780059 -4.94062e-06 0
-0.775171 -4.78635e-06 0
-0.770283 -4.60255e-06 0
-0.765396 -4.36608e-06 0
-0.760508 -4.05468e-06 0
-0.755621 -3.65084e-06 0
-0.750733 -3.14739e-06 0
-0.745845 -2.55043e-06 0
-0.740958 -1.87835e-06 0
-0.73607 -1.15576e-06 0
-0.731183 -4.07024e-07 0
-0.726295 3.49209e-07 0
-0.721408 1.09837e-06 0
-0.71652 1.8239e-06 0
-0.711632 2.50072e-06 0
-0.706745 3.09552e-06 0
-0.701857 3.57358e-06 0
-0.69697 3.90818e-06 0
-0.692082 4.08789e-06 0
-0.687195 4.11764e-06 0
-0.682307 4.01254e-06 0
-0.677419 3.7902e-06 0
-0.672532 3.46802e-06 0
-0.667644 3.06531e-06 0
-0.662757 2.60789e-06 0
-0.657869 2.12776e-06 0
-0.652981 1.65894e-06 0
-0.648094 1.23165e-06 0
-0.643206 8.65414e-07 0
-0.638319 5.65056e-07 0
-0.633431 3.22954e-07 0
-0.628544 1.28258e-07 0
-0.623656 -2.05284e-08 0
-0.618768 -1.05112e-07 0
-0.613881 -7.74254e-08 0
-0.608993 1.51937e-07 0
-0.604106 7.30705e-07 0
-0.599218 1.89406e-06 0
-0.59433 4.02289e-06 0
-0.589443 7.74928e-06 0
-0.584555 1.4127e-05 0
-0.579668 2.48912e-05 0
-0.57478 4.28746e-05 0
-0.569892 7.26849e-05 0
-0.565005 0.000121815 0
-0.560117 0.000202454 0
-0.55523 0.000334426 0
-0.550342 0.000549961 0
-0.545455 0.000901447 0
-0.540567 0.00147396 0
-0.535679 0.00240537 0
-0.530792 0.00391822 0
-0.525904 0.00636941 0
-0.521017 0.0103254 0
-0.516129 0.0166703 0
-0.511241 0.0267485 0
-0.506354 0.0425208 0
-0.501466 0.0666675 0
-0.496579 0.102502 0
-0.491691 0.153511 0
-0.486804 0.222426 0
-0.481916 0.310024 0
-0.477028 0.414192 0
-0.472141 0.52982 0
-0.467253 0.649618 0
-0.462366 0.765549 0
-0.457478 0.87028 0
-0.45259 0.958325 0
-0.447703 1.02665 0
-0.442815 1.0747 0
-0.437928 1.104 0
-0.43304 1.11755 0
-0.428152 1.11911 0
-0.423265 1.11255 0
-0.418377 1.10116 0
-0.41349 1.08715 0
-0.408602 1.07152 0
-0.403715 1.05426 0
-0.398827 1.03502 0
-0.393939 1.01362 0
-0.389052 0.990359 0
-0.384164 0.965979 0
-0.379277 0.941627 0
-0.374389 0.918756 0
-0.369501 0.898924 0
-0.364614 0.88346 0
-0.359726 0.87316 0
-0.354839 0.868125 0
-0.349951 0.867721 0
-0.345064 0.870711 0
-0.340176 0.87561 0
-0.335288 0.881249 0
-0.330401 0.887177 0
-0.325513 0.893625 0
-0.320626 0.901114 0
-0.315738 0.909974 0
-0.310851 0.920076 0
-0.305963 0.93094 0
-0.301075 0.94212 0
-0.296188 0.953453 0
-0.2913 0.964933 0
-0.286413 0.976464 0
-0.281525 0.987891 0
-0.276637 0.999237 0
-0.27175 1.01079 0
-0.266862 1.02288 0
-0.261975 1.03561 0
-0.257087 1.04881 0
-0.252199 1.06216 0
-0.247312 1.07528 0
-0.242424 1.0878 0
-0.237537 1.09946 0
-0.232649 1.11027 0
-0.227761 1.12058 0
-0.222874 1.13092 0
-0.217986 1.14172 0
-0.213099 1.15303 0
-0.208211 1.16458 0
-0.203324 1.17595 0
-0.198436 1.18706 0
-0.193548 1.19823 0
-0.188661 1.20998 0
-0.183773 1.22266 0
-0.178886 1.23629 0
-0.173998 1.25068 0
-0.16911 1.2655 0
-0.164223 1.28031 0
-0.159335 1.29457 0
-0.154448 1.30776 0
-0.14956 1.31956 0
-0.144672 1.32996 0
-0.139785 1.33932 0
-0.134897 1.34828 0
-0.13001 1.35758 0
-0.125122 1.36775 0
-0.120235 1.37901 0
-0.115347 1.39128 0
-0.110459 1.40433 0
-0.105572 1.41787 0
-0.100684 1.43162 0
-0.0957966 1.44535 0
-0.0909091 1.4589 0
-0.0860215 1.47213 0
-0.0811339 1.48497 0
-0.0762463 1.49743 0
-0.0713587 1.5096 0
-0.0664712 1.52158 0
-0.0615836 1.53349 0
-0.056696 1.54549 0
-0.0518084 1.55778 0
-0.0469208 1.57048 0
-0.0420333 1.58341 0
-0.0371457 1.59622 0
-0.0322581 1.60858 0
-0.0273705 1.62043 0
-0.0224829 1.63209 0
-0.0175954 1.64407 0
-0.0127078 1.6568 0
-0.00782019 1.67042 0
-0.00293261 1.68479 0
0.00195497 1.69967 0
0.00684255 1.71479 0
0.0117301 1.72997 0
0.0166177 1.74505 0
0.0215053 1.75994 0
0.0263929 1.77463 0
0.0312805 1.78909 0
0.036168 1.80327 0
0.0410556 1.81702 0
0.0459432 1.83012 0
0.0508308 1.8423 0
0.0557185 1.85328 0
0.0606061 1.86283 0
0.0654937 1.87084 0
0.0703813 1.87727 0
0.0752688 1.88218 0
0.0801564 1.88573 0
0.085044 1.88815 0
0.0899316 1.88973 0
0.0948192 1.89071 0
0.0997067 1.89131 0
0.104594 1.89166 0
0.109482 1.89186 0
0.114369 1.89197 0
0.119257 1.89202 0
0.124145 1.89204 0
0.129032 1.89205 0
0.13392 1.89205 0
0.138808 1.89204 0
0.143695 1.89202 0
0.148583 1.89201 0
0.15347 1.892 0
0.158358 1.89199 0
0.163245 1.89198 0
0.168133 1.89197 0
0.173021 1.89196 0
0.177908 1.89195 0
0.182796 1.89195 0
0.187683 1.89194 0
0.192571 1.89193 0
0.197459 1.89192 0
0.202346 1.89192 0
0.207234 1.89191 0
0.212121 1.89191 0
0.217009 1.8919 0
0.221896 1.8919 0
0.226784 1.89189 0
0.231672 1.89189 0
0.236559 1.89189 0
0.241447 1.89188 0
0.246334 1.89188 0
0.251222 1.89188 0
0.256109 1.89187 0
0.260997 1.89187 0
0.265885 1.89187 0
0.270772 1.89186 0
0.27566 1.89186 0
0.280547 1.89186 0
0.285435 1.89186 0
0.290323 1.89186 0
0.29521 1.89186 0
0.300098 1.89185 0
0.304985 1.89185 0
0.309873 1.89185 0
0.31476 1.89185 0
0.319648 1.89185 0
0.324536 1.89185 0
0.329423 1.89184 0
0.334311 1.89184 0
0.339198 1.89184 0
0.344086 1.89184 0
0.348974 1.89184 0
0.353861 1.89184 0
0.358749 1.89184 0
0.363636 1.89184 0
0.368524 1.89184 0
0.373412 1.89183 0
0.378299 1.89183 0
0.383187 1.89183 0
0.388074 1.89183 0
0.392962 1.89183 0
0.397849 1.89183 0
0.402737 1.89183 0
0.407625 1.89183 0
0.412512 1.89183 0
0.4174 1.89183 0
0.422287 1.89183 0
0.427175 1.89183 0
0.432063 1.89182 0
0.43695 1.89182 0
0.441838 1.89182 0
0.446725 1.89182 0
0.451613 1.89182 0
0.4565 1.89182 0
0.461388 1.89182 0
0.466276 1.89182 0
0.471163 1.89182 0
0.476051 1.89182 0
0.480938 1.89182 0
0.485826 1.89182 0
0.490714 1.89182 0
0.495601 1.89182 0
0.500489 1.89182 0
0.505376 1.89182 0
0.510264 1.89182 0
0.515152 1.89182 0
0.520039 1.89182 0
0.524927 1.89182 0
0.529814 1.89182 0
0.534702 1.89182 0
0.539589 1.89182 0
0.544477 1.89182 0
0.549365 1.89182 0
0.554252 1.89182 0
0.55914 1.89182 0
0.564027 1.89182 0
0.568915 1.89182 0
0.573803 1.89182 0
0.57869 1.89182 0
0.583578 1.89182 0
0.588465 1.89182 0
0.593353 1.89182 0
0.59824 1.89182 0
0.603128 1.89182 0
0.608016 1.89182 0
0.612903 1.89182 0
0.617791 1.89182 0
0.622678 1.89182 0
0.627566 1.89182 0
0.632454 1.89182 0
0.637341 1.89182 0
0.642229 1.89182 0
0.647116 1.89182 0
0.652004 1.89182 0
0.656892 1.89182 0
0.661779 1.89182 0
0.666667 1.89182 0
0.671554 1.89182 0
0.676442 1.89182 0
0.681329 1.89182 0
0.686217 1.89182 0
0.691105 1.89183 0
0.695992 1.89183 0
0.70088 1.89183 0
0.705767 1.89183 0
0.710655 1.89183 0
0.715543 1.89183 0
0.72043 1.89183 0
0.725318 1.89183 0
0.730205 1.89183 0
0.735093 1.89183 0
0.73998 1.89183 0
0.744868 1.89183 0
0.749756 1.89183 0
0.754643 1.89183 0
0.759531 1.89184 0
0.764418 1.89184 0
0.769306 1.89184 0
0.774194 1.89184 0
0.779081 1.89184 0
0.783969 1.89184 0
0.788856 1.89184 0
0.793744 1.89184 0
0.798632 1.89184 0
0.803519 1.89185 0
0.808407 1.89185 0
0.813294 1.89185 0
0.818182 1.89185 0
0.823069 1.89185 0
0.827957 1.89185 0
0.832845 1.89186 0
0.837732 1.89186 0
0.84262 1.89186 0
0.847507 1.89186 0
0.852395 1.89186 0
0.857283 1.89187 0
0.86217 1.89187 0
0.867058 1.89187 0
0.871945 1.89187 0
0.876833 1.89188 0
0.88172 1.89188 0
0.886608 1.89188 0
0.891496 1.89188 0
0.896383 1.89189 0
0.901271 1.89189 0
0.906158 1.89189 0
0.911046 1.89189 0
0.915933 1.8919 0
0.920821 1.8919 0
0.925709 1.8919 0
0.930596 1.89191 0
0.935484 1.89191 0
0.940371 1.89192 0
0.945259 1.89192 0
0.950147 1.89192 0
0.955034 1.89193 0
0.959922 1.89193 0
0.964809 1.89194 0
0.969697 1.89194 0
0.974585 1.89195 0
0.979472 1.89196 0
0.98436 1.89196 0
0.989247 1.89197 0
0.994135 1.89198 0
0.999022 1.89199 0
1.00391 1.892 0
1.0088 1.89201 0
1.01369 1.89201 0
1.01857 1.89202 0
1.02346 1.89204 0
1.02835 1.89205 0
1.03324 1.89206 0
1.03812 1.89208 0
1.04301 1.89209 0
1.0479 1.89211 0
1.05279 1.89213 0
1.05767 1.89215 0
1.06256 1.89216 0
1.06745 1.89218 0
1.07234 1.89219 0
1.07722 1.89219 0
1.08211 1.89218 0
1.087 1.89214 0
1.09189 1.89205 0
1.09677 1.89189 0
1.10166 1.89163 0
1.10655 1.8912 0
1.11144 1.89053 0
1.11632 1.88952 0
1.12121 1.88803 0
1.1261 1.88571 0
1.13099 1.88198 0
1.13587 1.87609 0
1.14076 1.86751 0
1.14565 1.85628 0
1.15054 1.84299 0
1.15543 1.82852 0
1.16031 1.81374 0
1.1652 1.79934 0
1.17009 1.78578 0
1.17498 1.77334 0
1.17986 1.76226 0
1.18475 1.75273 0
1.18964 1.74485 0
1.19453 1.73847 0
1.19941 1.73305 0
1.2043 1.72782 0
1.20919 1.72205 0
1.21408 1.71522 0
1.21896 1.70695 0
1.22385 1.69693 0
1.22874 1.68517 0
1.23363 1.67211 0
1.23851 1.65849 0
1.2434 1.645 0
1.24829 1.63204 0
1.25318 1.61975 0
1.25806 1.60822 0
1.26295 1.59773 0
1.26784 1.58869 0
1.27273 1.58144 0
1.27761 1.57602 0
1.2825 1.57212 0
1.28739 1.569 0
1.29228 1.5657 0
1.29717 1.56133 0
1.30205 1.55542 0
1.30694 1.548 0
1.31183 1.53939 0
1.31672 1.53011 0
1.3216 1.52069 0
1.32649 1.51149 0
1.33138 1.50252 0
1.33627 1.49351 0
1.34115 1.48414 0
1.34604 1.47438 0
1.35093 1.46453 0
1.35582 1.45514 0
1.3607 1.44656 0
1.36559 1.43877 0
1.37048 1.4315 0
1.37537 1.42458 0
1.38025 1.41815 0
1.38514 1.41256 0
1.39003 1.40809 0
1.39492 1.40469 0
1.3998 1.40187 0
1.40469 1.39893 0
1.40958 1.39516 0
1.41447 1.3899 0
1.41935 1.38271 0
1.42424 1.37358 0
1.42913 1.36296 0
1.43402 1.3516 0
1.43891 1.34029 0
1.44379 1.32959 0
1.44868 1.3198 0
1.45357 1.31113 0
1.45846 1.30378 0
1.46334 1.29781 0
1.46823 1.29306 0
1.47312 1.28932 0
1.47801 1.28648 0
1.48289 1.2844 0
1.48778 1.28267 0
1.49267 1.28068 0
1.49756 1.27762 0
1.50244 1.27261 0
1.50733 1.26492 0
1.51222 1.2544 0
1.51711 1.24183 0
1.52199 1.22851 0
1.52688 1.21551 0
1.53177 1.20317 0
1.53666 1.19134 0
1.54154 1.17983 0
1.54643 1.16884 0
1.55132 1.15893 0
1.55621 1.15078 0
1.56109 1.14487 0
1.56598 1.14124 0
1.57087 1.13942 0
1.57576 1.13855 0
1.58065 1.13754 0
1.58553 1.13529 0
1.59042 1.13087 0
1.59531 1.12416 0
1.6002 1.11612 0
1.60508 1.1086 0
1.60997 1.10334 0
1.61486 1.10101 0
1.61975 1.10078 0
1.62463 1.10081 0
1.62952 1.09966 0
1.63441 1.0971 0
1.6393 1.09369 0
1.64418 1.08986 0
1.64907 1.08548 0
1.65396 1.08014 0
1.65885 1.07377 0
1.66373 1.06676 0
1.66862 1.05962 0
1.67351 1.05289 0
1.6784 1.0472 0
1.68328 1.04333 0
1.68817 1.04193 0
1.69306 1.0432 0
1.69795 1.04691 0
1.70283 1.05261 0
1.70772 1.05972 0
1.71261 1.0675 0
1.7175 1.07503 0
1.72239 1.08139 0
1.72727 1.08561 0
1.73216 1.0866 0
1.73705 1.08335 0
1.74194 1.07549 0
1.74682 1.06375 0
1.75171 1.04986 0
1.7566 1.03603 0
1.76149 1.02432 0
1.76637 1.01635 0
1.77126 1.01305 0
1.77615 1.01459 0
1.78104 1.02028 0
1.78592 1.02876 0
1.79081 1.03829 0
1.7957 1.04736 0
1.80059 1.05515 0
1.80547 1.06155 0
1.81036 1.06685 0
1.81525 1.07159 0
1.82014 1.07641 0
1.82502 1.08165 0
1.82991 1.08695 0
1.8348 1.09132 0
1.83969 1.09378 0
1.84457 1.09392 0
1.84946 1.09199 0
1.85435 1.08877 0
1.85924 1.08541 0
1.86413 1.08311 0
1.86901 1.08256 0
1.8739 1.08362 0
1.87879 1.08553 0
1.88368 1.08755 0
1.88856 1.08958 0
1.89345 1.09233 0
1.89834 1.09665 0
1.90323 1.10279 0
1.90811 1.11007 0
1.913 1.11742 0
1.91789 1.12434 0
1.92278 1.13116 0
1.92766 1.1386 0
1.93255 1.14691 0
1.93744 1.15562 0
1.94233 1.16381 0
1.94721 1.17063 0
1.9521 1.17578 0
1.95699 1.17959 0
1.96188 1.18264 0
1.96676 1.18532 0
1.97165 1.18767 0
1.97654 1.18954 0
1.98143 1.19082 0
1.98631 1.19183 0
1.9912 1.19348 0
1.99609 1.19681 0
2.00098 1.2021 0
2.00587 1.20869 0
2.01075 1.21567 0
2.01564 1.22236 0
2.02053 1.22837 0
2.02542 1.23358 0
2.0303 1.23796 0
2.03519 1.2416 0
2.04008 1.24481 0
2.04497 1.24842 0
2.04985 1.25354 0
2.05474 1.2608 0
2.05963 1.27003 0
2.06452 1.28037 0
2.0694 1.29092 0
2.07429 1.30109 0
2.07918 1.31048 0
2.08407 1.31882 0
2.08895 1.32608 0
2.09384 1.33244 0
2.09873 1.33791 0
2.10362 1.34233 0
2.1085 1.34566 0
2.11339 1.34818 0
2.11828 1.35057 0
2.12317 1.35372 0
2.12805 1.3583 0
2.13294 1.36425 0
2.13783 1.37101 0
2.14272 1.37815 0
2.1476 1.38584 0
2.15249 1.39469 0
2.15738 1.4052 0
2.16227 1.41703 0
2.16716 1.42876 0
2.17204 1.43859 0
2.17693 1.44546 0
2.18182 1.44965 0
2.18671 1.45242 0
2.19159 1.45515 0
2.19648 1.45857 0
2.20137 1.46249 0
2.20626 1.46606 0
2.21114 1.46856 0
2.21603 1.47016 0
2.22092 1.47215 0
2.22581 1.47633 0
2.23069 1.48414 0
2.23558 1.49602 0
2.24047 1.51135 0
2.24536 1.52898 0
2.25024 1.54762 0
2.25513 1.56589 0
2.26002 1.58249 0
2.26491 1.59653 0
2.26979 1.60816 0
2.27468 1.61854 0
2.27957 1.62891 0
2.28446 1.63971 0
2.28935 1.65053 0
2.29423 1.66054 0
2.29912 1.669 0
2.30401 1.67587 0
2.3089 1.682 0
2.31378 1.68841 0
2.31867 1.69556 0
2.32356 1.70315 0
2.32845 1.71064 0
2.33333 1.71781 0
2.33822 1.72494 0
2.34311 1.73252 0
2.348 1.74066 0
2.35288 1.74883 0
2.35777 1.7562 0
2.36266 1.76212 0
2.36755 1.76647 0
2.37243 1.77013 0
2.37732 1.77494 0
2.38221 1.783 0
2.3871 1.79528 0
2.39198 1.81085 0
2.39687 1.82749 0
2.40176 1.84309 0
2.40665 1.85641 0
2.41153 1.86699 0
2.41642 1.87476 0
2.42131 1.88003 0
2.4262 1.8834 0
2.43109 1.88561 0
2.43597 1.88735 0
2.44086 1.88948 0
2.44575 1.89297 0
2.45064 1.89862 0
2.45552 1.90672 0
2.46041 1.91691 0
2.4653 1.92836 0
2.47019 1.9401 0
2.47507 1.95133 0
2.47996 1.96162 0
2.48485 1.97088 0
2.48974 1.97926 0
2.49462 1.98672 0
2.49951 1.99299 0
2.5044 1.99788 0
2.50929 2.00165 0
2.51417 2.00471 0
2.51906 2.00726 0
2.52395 2.00946 0
2.52884 2.01169 0
2.53372 2.01434 0
2.53861 2.01729 0
2.5435 2.01979 0
2.54839 2.02076 0
2.55327 2.01918 0
2.55816 2.01439 0
2.56305 2.00612 0
2.56794 1.99453 0
2.57282 1.98022 0
2.57771 1.9641 0
2.5826 1.94704 0
2.58749 1.9295 0
2.59238 1.91132 0
2.59726 1.89191 0
2.60215 1.87082 0
2.60704 1.84818 0
2.61193 1.82462 0
2.61681 1.80077 0
2.6217 1.77684 0
2.62659 1.75249 0
2.63148 1.72697 0
2.63636 1.69943 0
2.64125 1.66915 0
2.64614 1.63578 0
2.65103 1.59922 0
2.65591 1.55961 0
2.6608 1.51746 0
2.66569 1.47368 0
2.67058 1.42929 0
2.67546 1.38521 0
2.68035 1.34209 0
2.68524 1.30033 0
2.69013 1.2599 0
2.69501 1.22021 0
2.6999 1.18007 0
2.70479 1.13781 0
2.70968 1.09174 0
2.71457 1.04059 0
2.71945 0.983807 0
2.72434 0.92161 0
2.72923 0.854712 0
2.73412 0.784097 0
2.739 0.710865 0
2.74389 0.636109 0
2.74878 0.560658 0
2.75367 0.484894 0
2.75855 0.408878 0
2.76344 0.332615 0
2.76833 0.256135 0
2.77322 0.179475 0
2.7781 0.102813 0
2.78299 0.0266216 0
2.78788 -0.0484684 0
2.79277 -0.121942 0
2.79765 -0.193492 0
2.80254 -0.262986 0
2.80743 -0.330494 0
2.81232 -0.396182 0
2.8172 -0.459984 0
2.82209 -0.521486 0
2.82698 -0.580201 0
2.83187 -0.635911 0
2.83675 -0.688682 0
2.84164 -0.73871 0
2.84653 -0.786259 0
2.85142 -0.831677 0
2.8563 -0.875328 0
2.86119 -0.917472 0
2.86608 -0.958276 0
2.87097 -0.99798 0
2.87586 -1.03702 0
2.88074 -1.07592 0
2.88563 -1.11505 0
2.89052 -1.15448 0
2.89541 -1.19402 0
2.90029 -1.23341 0
2.90518 -1.2726 0
2.91007 -1.3119 0
2.91496 -1.35197 0
2.91984 -1.39338 0
2.92473 -1.43632 0
2.92962 -1.48037 0
2.93451 -1.5246 0
2.93939 -1.56795 0
2.94428 -1.60959 0
2.94917 -1.64914 0
2.95406 -1.68654 0
2.95894 -1.72164 0
2.96383 -1.75432 0
2.96872 -1.78467 0
2.97361 -1.81319 0
2.97849 -1.84061 0
2.98338 -1.86779 0
2.98827 -1.89557 0
2.99316 -1.92459 0
2.99804 -1.95489 0
3.00293 -1.98576 0
3.00782 -2.01594 0
3.01271 -2.04422 0
3.0176 -2.07008 0
3.02248 -2.0939 0
3.02737 -2.11661 0
3.03226 -2.13904 0
3.03715 -2.16144 0
3.04203 -2.18335 0
3.04692 -2.20413 0
3.05181 -2.2234 0
3.0567 -2.2413 0
3.06158 -2.25838 0
3.06647 -2.27522 0
3.07136 -2.29228 0
3.07625 -2.30975 0
3.08113 -2.32744 0
3.08602 -2.34488 0
3.09091 -2.36165 0
3.0958 -2.37756 0
3.10068 -2.39275 0
3.10557 -2.40751 0
3.11046 -2.42215 0
3.11535 -2.43681 0
3.12023 -2.45146 0
3.12512 -2.46591 0
3.13001 -2.47988 0
3.1349 -2.49317 0
3.13978 -2.50596 0
3.14467 -2.51885 0
3.14956 -2.53259 0
3.15445 -2.54755 0
3.15934 -2.56358 0
3.16422 -2.58008 0
3.16911 -2.59633 0
3.174 -2.61168 0
3.17889 -2.62573 0
3.18377 -2.63844 0
3.18866 -2.65005 0
3.19355 -2.66089 0
3.19844 -2.67125 0
3.20332 -2.68151 0
3.20821 -2.69217 0
3.2131 -2.70368 0
3.21799 -2.71621 0
3.22287 -2.72973 0
3.22776 -2.74393 0
3.23265 -2.75833 0
3.23754 -2.77244 0
3.24242 -2.786 0
3.24731 -2.799 0
3.2522 -2.8116 0
3.25709 -2.82391 0
3.26197 -2.83583 0
3.26686 -2.84702 0
3.27175 -2.85703 0
3.27664 -2.86544 0
3.28153 -2.87198 0
3.28641 -2.87641 0
3.2913 -2.87842 0
3.29619 -2.87729 0
3.30108 -2.87181 0
3.30596 -2.86029 0
3.31085 -2.84065 0
3.31574 -2.81034 0
3.32063 -2.76625 0
3.32551 -2.70429 0
3.3304 -2.61926 0
3.33529 -2.50503 0
3.34018 -2.35535 0
3.34506 -2.16543 0
3.34995 -1.93423 0
3.35484 -1.66696 0
3.35973 -1.37688 0
3.36461 -1.08443 0
3.3695 -0.812767 0
3.37439 -0.580837 0
3.37928 -0.39808 0
3.38416 -0.263774 0
3.38905 -0.170438 0
3.39394 -0.108218 0
3.39883 -0.0679349 0
3.40371 -0.0423604 0
3.4086 -0.0263319 0
3.41349 -0.0163659 0
3.41838 -0.0102018 0
3.42326 -0.0064024 0
3.42815 -0.00406366 0
3.43304 -0.00262689 0
3.43793 -0.00174504 0
3.44282 -0.00120313 0
3.4477 -0.000870694 0
3.45259 -0.000668302 0
3.45748 -0.000543801 0
3.46237 -0.000467895 0
3.46725 -0.000421731 0
3.47214 -0.000392824 0
3.47703 -0.000375748 0
3.48192 -0.000365678 0
3.4868 -0.000359424 0
3.49169 -0.000355315 0
3.49658 -0.00035296 0
3.50147 -0.000351605 0
3.50635 -0.000350513 0
3.51124 -0.000349957 0
3.51613 -0.000349325 0
3.52102 -0.000348977 0
3.5259 -0.000348511 0
3.53079 -0.000348357 0
3.53568 -0.000348167 0
3.54057 -0.000348155 0
3.54545 -0.000348155 0
3.55034 -0.000348224 0
3.55523 -0.000348327 0
3.56012 -0.000348452 0
3.56501 -0.000348589 0
3.56989 -0.000348724 0
3.57478 -0.000348848 0
3.57967 -0.000348955 0
3.58456 -0.000349052 0
3.58944 -0.000349151 0
3.59433 -0.000349266 0
3.59922 -0.000349406 0
3.60411 -0.00034957 0
3.60899 -0.000349743 0
3.61388 -0.000349899 0
3.61877 -0.00035001 0
3.62366 -0.000350057 0
3.62854 -0.000350033 0
3.63343 -0.000349949 0
3.63832 -0.000349829 0
3.64321 -0.000349701 0
3.64809 -0.000349593 0
3.65298 -0.000349524 0
3.65787 -0.000349503 0
3.66276 -0.000349525 0
3.66764 -0.000349576 0
3.67253 -0.000349635 0
3.67742 -0.000349684 0
3.68231 -0.000349708 0
3.68719 -0.0003497 0
3.69208 -0.00034966 0
3.69697 -0.000349593 0
3.70186 -0.000349504 0
3.70674 -0.000349398 0
3.71163 -0.000349279 0
3.71652 -0.000349155 0
3.72141 -0.000349034 0
3.7263 -0.000348924 0
3.73118 -0.000348823 0
3.73607 -0.000348723 0
3.74096 -0.000348604 0
3.74585 -0.000348441 0
3.75073 -0.000348203 0
3.75562 -0.000347858 0
3.76051 -0.000347372 0
3.7654 -0.000346722 0
3.77028 -0.000345901 0
3.77517 -0.000344926 0
3.78006 -0.000343841 0
3.78495 -0.000342706 0
3.78983 -0.000341591 0
3.79472 -0.000340562 0
3.79961 -0.000339675 0
3.8045 -0.000338981 0
3.80938 -0.000338515 0
3.81427 -0.000338309 0
3.81916 -0.000338377 0
3.82405 -0.000338724 0
3.82893 -0.000339344 0
3.83382 -0.000340221 0
3.83871 -0.000341328 0
3.8436 -0.000342623 0
3.84848 -0.000344046 0
3.85337 -0.000345518 0
3.85826 -0.000346945 0
3.86315 -0.000348218 0
3.86804 -0.000349226 0
3.87292 -0.000349862 0
3.87781 -0.00035004 0
3.8827 -0.000349691 0
3.88759 -0.000348758 0
3.89247 -0.000347191 0
3.89736 -0.000344965 0
3.90225 -0.000342113 0
3.90714 -0.000338752 0
3.91202 -0.000335097 0
3.91691 -0.000331439 0
3.9218 -0.000328117 0
3.92669 -0.000325472 0
3.93157 -0.000323811 0
3.93646 -0.000323374 0
3.94135 -0.000323852 0
3.94624 -0.000326134 0
3.95112 -0.000329634 0
3.95601 -0.000334067 0
3.9609 -0.000338602 0
3.96579 -0.000343679 0
3.97067 -0.000347982 0
3.97556 -0.000351619 0
3.98045 -0.000354416 0
3.98534 -0.000356815 0
3.99022 -0.000358049 0
3.99511 -0.000359173 0
4 -0.00035946 0
