-3 0
-2.9912 0.028196
-2.9824 0.0199448
-2.97361 0.0162957
-2.96481 0.014122
-2.95601 0.012634
-2.94721 0.0115387
-2.93842 0.0106892
-2.92962 0.0100033
-2.92082 0.00943608
-2.91202 0.00895521
-2.90323 0.00854246
-2.89443 0.00818329
-2.88563 0.0078659
-2.87683 0.00758396
-2.86804 0.00733239
-2.85924 0.00710247
-2.85044 0.00689232
-2.84164 0.00670085
-2.83284 0.00652665
-2.82405 0.006364
-2.81525 0.0062144
-2.80645 0.00607464
-2.79765 0.00594405
-2.78886 0.00582138
-2.78006 0.00570662
-2.77126 0.00559913
-2.76246 0.00549703
-2.75367 0.00540028
-2.74487 0.00530975
-2.73607 0.00522361
-2.72727 0.00514074
-2.71847 0.00506272
-2.70968 0.00498756
-2.70088 0.00491613
-2.69208 0.00484677
-2.68328 0.00478201
-2.67449 0.00471955
-2.66569 0.00465905
-2.65689 0.00460117
-2.64809 0.00454532
-2.6393 0.00449148
-2.6305 0.00444017
-2.6217 0.0043911
-2.6129 0.00434328
-2.60411 0.00429624
-2.59531 0.00425167
-2.58651 0.00420853
-2.57771 0.00416681
-2.56891 0.00412591
-2.56012 0.00408658
-2.55132 0.00404878
-2.54252 0.00401217
-2.53372 0.00397612
-2.52493 0.00394127
-2.51613 0.00390688
-2.50733 0.00387385
-2.49853 0.00384147
-2.48974 0.00381038
-2.48094 0.00377975
-2.47214 0.00374982
-2.46334 0.00372076
-2.45455 0.00369255
-2.44575 0.00366529
-2.43695 0.00363919
-2.42815 0.00361336
-2.41935 0.00358728
-2.41056 0.00356188
-2.40176 0.00353738
-2.39296 0.00351372
-2.38416 0.0034905
-2.37537 0.00346728
-2.36657 0.0034448
-2.35777 0.00342343
-2.34897 0.00340209
-2.34018 0.00338066
-2.33138 0.00335974
-2.32258 0.00333975
-2.31378 0.00331999
-2.30499 0.00330081
-2.29619 0.0032817
-2.28739 0.00326306
-2.27859 0.00324549
-2.26979 0.0032272
-2.261 0.00321009
-2.2522 0.00319225
-2.2434 0.00317554
-2.2346 0.00315888
-2.22581 0.0031425
-2.21701 0.00312677
-2.20821 0.00311082
-2.19941 0.003095
-2.19062 0.0030794
-2.18182 0.00306449
-2.17302 0.00305027
-2.16422 0.00303629
-2.15543 0.00302175
-2.14663 0.0030078
-2.13783 0.00299432
-2.12903 0.00298073
-2.12023 0.00296712
-2.11144 0.00295388
-2.10264 0.00294126
-2.09384 0.00292866
-2.08504 0.0029163
-2.07625 0.00290417
-2.06745 0.0028919
-2.05865 0.00288022
-2.04985 0.00286866
-2.04106 0.00285726
-2.03226 0.00284574
-2.02346 0.00283447
-2.01466 0.00282334
-2.00587 0.00281301
-1.99707 0.00280269
-1.98827 0.00279288
-1.97947 0.00278294
-1.97067 0.00277384
-1.96188 0.00276527
-1.95308 0.00275849
-1.94428 0.00275197
-1.93548 0.0027506
-1.92669 0.00275307
-1.91789 0.00278615
-1.90909 0.00285707
-1.90029 0.00383849
-1.8915 0.0104573
-1.8827 0.0268943
-1.8739 0.0470481
-1.8651 0.0612043
-1.85631 0.0682407
-1.84751 0.0718702
-1.83871 0.0741393
-1.82991 0.0757585
-1.82111 0.0770399
-1.81232 0.0780952
-1.80352 0.078985
-1.79472 0.0797473
-1.78592 0.0804406
-1.77713 0.0810937
-1.76833 0.0816724
-1.75953 0.0822077
-1.75073 0.082782
-1.74194 0.0833496
-1.73314 0.0838412
-1.72434 0.084314
-1.71554 0.0848174
-1.70675 0.0853088
-1.69795 0.0857655
-1.68915 0.0862194
-1.68035 0.0866725
-1.67155 0.0871146
-1.66276 0.0875807
-1.65396 0.0880779
-1.64516 0.0885769
-1.63636 0.0890773
-1.62757 0.0895732
-1.61877 0.0900481
-1.60997 0.0905176
-1.60117 0.0909874
-1.59238 0.0914469
-1.58358 0.0919292
-1.57478 0.0924598
-1.56598 0.0930052
-1.55718 0.0935374
-1.54839 0.0940733
-1.53959 0.094633
-1.53079 0.095227
-1.52199 0.0958586
-1.5132 0.0965074
-1.5044 0.0971481
-1.4956 0.0977742
-1.4868 0.0983795
-1.47801 0.0989458
-1.46921 0.0994828
-1.46041 0.100047
-1.45161 0.100679
-1.44282 0.10135
-1.43402 0.10202
-1.42522 0.102703
-1.41642 0.103421
-1.40762 0.104156
-1.39883 0.104916
-1.39003 0.105743
-1.38123 0.106622
-1.37243 0.107506
-1.36364 0.108398
-1.35484 0.109337
-1.34604 0.110334
-1.33724 0.111365
-1.32845 0.112445
-1.31965 0.113587
-1.31085 0.114948
-1.30205 0.118069
-1.29326 0.125829
-1.28446 0.138549
-1.27566 0.151851
-1.26686 0.161272
-1.25806 0.166639
-1.24927 0.170142
-1.24047 0.17314
-1.23167 0.17599
-1.22287 0.178807
-1.21408 0.181642
-1.20528 0.184557
-1.19648 0.187666
-1.18768 0.191065
-1.17889 0.194799
-1.17009 0.198896
-1.16129 0.203433
-1.15249 0.208554
-1.1437 0.214411
-1.1349 0.221175
-1.1261 0.228707
-1.1173 0.23531
-1.1085 0.237362
-1.09971 0.232222
-1.09091 0.221583
-1.08211 0.210056
-1.07331 0.200806
-1.06452 0.194081
-1.05572 0.188985
-1.04692 0.184852
-1.03812 0.181329
-1.02933 0.178294
-1.02053 0.17582
-1.01173 0.173963
-1.00293 0.172563
-0.994135 0.171304
-0.985337 0.169955
-0.97654 0.168521
-0.967742 0.167172
-0.958944 0.166077
-0.950146 0.165279
-0.941349 0.164683
-0.932551 0.164136
-0.923753 0.16353
-0.914956 0.162873
-0.906158 0.162268
-0.897361 0.161801
-0.888563 0.1615
-0.879765 0.161398
-0.870968 0.161577
-0.86217 0.162061
-0.853372 0.162695
-0.844575 0.163183
-0.835777 0.163305
-0.826979 0.163108
-0.818182 0.162833
-0.809384 0.162649
-0.800586 0.162532
-0.791789 0.162353
-0.782991 0.162029
-0.774194 0.161607
-0.765396 0.161313
-0.756598 0.161533
-0.747801 0.16265
-0.739003 0.164718
-0.730205 0.167273
-0.721408 0.169599
-0.71261 0.17123
-0.703812 0.172154
-0.695015 0.172628
-0.686217 0.17294
-0.677419 0.173333
-0.668622 0.17395
-0.659824 0.174822
-0.651026 0.175927
-0.642229 0.177265
-0.633431 0.178874
-0.624634 0.180816
-0.615836 0.183151
-0.607038 0.185889
-0.59824 0.188934
-0.589443 0.19213
-0.580645 0.195408
-0.571847 0.198841
-0.56305 0.202594
-0.554252 0.206888
-0.545455 0.211896
-0.536657 0.217818
-0.527859 0.225389
-0.519062 0.235301
-0.510264 0.245595
-0.501466 0.251097
-0.492669 0.248074
-0.483871 0.23856
-0.475073 0.227875
-0.466276 0.219193
-0.457478 0.212468
-0.44868 0.206912
-0.439883 0.202251
-0.431085 0.198328
-0.422287 0.194905
-0.41349 0.191798
-0.404692 0.188884
-0.395895 0.186101
-0.387097 0.183461
-0.378299 0.180995
-0.369502 0.178713
-0.360704 0.176611
-0.351906 0.174679
-0.343109 0.172911
-0.334311 0.171294
-0.325513 0.169798
-0.316715 0.168398
-0.307918 0.167098
-0.29912 0.165911
-0.290323 0.164827
-0.281525 0.163822
-0.272727 0.162882
-0.26393 0.162009
-0.255132 0.161197
-0.246334 0.160419
-0.237537 0.159654
-0.228739 0.158909
-0.219941 0.158209
-0.211144 0.157569
-0.202346 0.156975
-0.193548 0.156417
-0.184751 0.15591
-0.175953 0.155482
-0.167156 0.155137
-0.158358 0.154852
-0.14956 0.154603
-0.140763 0.1544
-0.131965 0.154278
-0.123167 0.154243
-0.11437 0.154251
-0.105572 0.154257
-0.0967743 0.154256
-0.0879767 0.154278
-0.079179 0.154345
-0.0703814 0.154461
-0.0615838 0.154626
-0.0527861 0.154842
-0.0439885 0.155109
-0.0351905 0.155437
-0.0263928 0.155842
-0.0175952 0.156342
-0.00879753 0.156944
1.19209e-07 0.157651
0.00879776 0.158469
0.0175954 0.159418
0.0263931 0.160524
0.0351907 0.161816
0.0439883 0.163309
0.052786 0.164987
0.0615836 0.16678
0.0703813 0.168527
0.0791789 0.169923
0.0879766 0.170529
0.0967742 0.169964
0.105572 0.168162
0.11437 0.16544
0.123167 0.162293
0.131965 0.159117
0.140762 0.156097
0.14956 0.153271
0.158358 0.150627
0.167155 0.148164
0.175953 0.145871
0.184751 0.143719
0.193548 0.141674
0.202346 0.139703
0.211144 0.137777
0.219941 0.135875
0.228739 0.133948
0.237537 0.131918
0.246334 0.129676
0.255132 0.1268
0.26393 0.122151
0.272727 0.114376
0.281525 0.103561
0.290323 0.0921505
0.29912 0.0833359
0.307918 0.0784548
0.316716 0.0764304
0.325513 0.0754926
0.334311 0.0747011
0.343109 0.073923
0.351906 0.0731968
0.360704 0.072499
0.369501 0.0718128
0.378299 0.071142
0.387097 0.0704886
0.395894 0.0698544
0.404692 0.0692399
0.41349 0.0686419
0.422287 0.0680553
0.431085 0.0674771
0.439883 0.0669066
0.44868 0.0663502
0.457478 0.065814
0.466276 0.0652977
0.475073 0.0647947
0.483871 0.0642973
0.492669 0.063799
0.501466 0.0632952
0.510264 0.0627844
0.519061 0.0622709
0.527859 0.0617641
0.536657 0.0612752
0.545455 0.0608067
0.554252 0.0603465
0.56305 0.0598755
0.571848 0.0593882
0.580645 0.0588976
0.589443 0.0584222
0.59824 0.0579655
0.607038 0.0575171
0.615836 0.0570704
0.624633 0.0566306
0.633431 0.0562053
0.642229 0.0557895
0.651026 0.0553681
0.659824 0.0549313
0.668622 0.0544829
0.677419 0.0540353
0.686217 0.0535972
0.695015 0.0531652
0.703812 0.0527297
0.71261 0.0522858
0.721408 0.0518333
0.730205 0.0513693
0.739003 0.050885
0.7478 0.0503775
0.756598 0.0498526
0.765396 0.0493145
0.774193 0.0487549
0.782991 0.0481548
0.791789 0.0474905
0.800587 0.0467369
0.809384 0.0458578
0.818182 0.0447919
0.82698 0.0434436
0.835777 0.0415876
0.844575 0.0386652
0.853373 0.0338439
0.86217 0.0267334
0.870968 0.0182591
0.879765 0.0104901
0.888563 0.00521822
0.897361 0.00271831
0.906158 0.00197645
0.914956 0.00185975
0.923754 0.00183041
0.932551 0.00180509
0.941349 0.00179528
0.950147 0.00179036
0.958944 0.00178535
0.967742 0.0017827
0.97654 0.00178086
0.985337 0.00177878
0.994135 0.00177746
1.00293 0.00177648
1.01173 0.00177546
1.02053 0.00177452
1.02933 0.00177393
1.03812 0.00177335
1.04692 0.00177286
1.05572 0.00177258
1.06452 0.00177197
1.07331 0.00177158
1.08211 0.00177112
1.09091 0.00177055
1.09971 0.00176992
1.1085 0.0017697
1.1173 0.0017694
1.1261 0.00176924
1.1349 0.00176917
1.1437 0.00176902
1.15249 0.00176889
1.16129 0.00176879
1.17009 0.00176871
1.17889 0.00176898
1.18768 0.00176935
1.19648 0.00177012
1.20528 0.00177221
1.21408 0.001776
1.22287 0.00178787
1.23167 0.00184533
1.24047 0.00204933
1.24927 0.00254338
1.25806 0.00340999
1.26686 0.00456958
1.27566 0.00580017
1.28446 0.00687457
1.29326 0.00768781
1.30205 0.00826457
1.31085 0.00868168
1.31965 0.00900282
1.32845 0.00926489
1.33724 0.00948883
1.34604 0.00968773
1.35484 0.00986996
1.36364 0.0100413
1.37243 0.0102055
1.38123 0.0103639
1.39003 0.0105142
1.39883 0.0106551
1.40762 0.0107899
1.41642 0.0109246
1.42522 0.0110614
1.43402 0.0111953
1.44282 0.0113214
1.45161 0.0114407
1.46041 0.011558
1.46921 0.0116779
1.47801 0.0118009
1.4868 0.0119254
1.4956 0.0120496
1.5044 0.0121712
1.5132 0.0122903
1.52199 0.012408
1.53079 0.0125258
1.53959 0.0126442
1.54839 0.0127633
1.55718 0.0128818
1.56598 0.0129951
1.57478 0.0131025
1.58358 0.0132088
1.59238 0.0133217
1.60117 0.0134431
1.60997 0.0135676
1.61877 0.0136897
1.62757 0.0138091
1.63636 0.0139272
1.64516 0.014043
1.65396 0.0141541
1.66276 0.0142624
1.67155 0.0143736
1.68035 0.0144914
1.68915 0.0146149
1.69795 0.0147397
1.70674 0.0148613
1.71554 0.0149776
1.72434 0.0150888
1.73314 0.015198
1.74194 0.0153087
1.75073 0.0154244
1.75953 0.0155458
1.76833 0.0156709
1.77713 0.015795
1.78592 0.0159153
1.79472 0.0160339
1.80352 0.0161544
1.81232 0.0162781
1.82111 0.0164029
1.82991 0.0165253
1.83871 0.0166448
1.84751 0.016763
1.85631 0.0168808
1.8651 0.0169981
1.8739 0.0171142
1.8827 0.0172295
1.8915 0.0173452
1.90029 0.0174654
1.90909 0.0175941
1.91789 0.0177318
1.92669 0.0178702
1.93548 0.0179994
1.94428 0.0181164
1.95308 0.0182316
1.96188 0.0183599
1.97067 0.018503
1.97947 0.0186468
1.98827 0.0187762
1.99707 0.0188922
2.00587 0.019009
2.01466 0.0191369
2.02346 0.0192743
2.03226 0.0194131
2.04106 0.0195486
2.04985 0.0196803
2.05865 0.0198108
2.06745 0.0199426
2.07625 0.0200766
2.08504 0.0202128
2.09384 0.0203528
2.10264 0.0204964
2.11144 0.0206385
2.12023 0.0207733
2.12903 0.0209046
2.13783 0.0210445
2.14663 0.0211975
2.15543 0.0213536
2.16422 0.0215005
2.17302 0.0216372
2.18182 0.0217714
2.19062 0.0219084
2.19941 0.0220491
2.20821 0.0221942
2.21701 0.0223448
2.22581 0.0225003
2.2346 0.0226579
2.2434 0.0228151
2.2522 0.0229706
2.261 0.0231254
2.26979 0.0232815
2.27859 0.0234386
2.28739 0.0235935
2.29619 0.0237436
2.30499 0.0238935
2.31378 0.0240513
2.32258 0.024221
2.33138 0.0243965
2.34018 0.0245677
2.34897 0.0247297
2.35777 0.0248885
2.36657 0.0250542
2.37537 0.0252306
2.38416 0.02541
2.39296 0.0255851
2.40176 0.0257567
2.41056 0.0259321
2.41935 0.0261131
2.42815 0.0262951
2.43695 0.0264757
2.44575 0.0266584
2.45455 0.0268472
2.46334 0.0270386
2.47214 0.0272247
2.48094 0.0274032
2.48974 0.0275806
2.49853 0.0277625
2.50733 0.0279477
2.51613 0.028131
2.52493 0.0283113
2.53372 0.0284945
2.54252 0.0286892
2.55132 0.0288976
2.56012 0.0291128
2.56891 0.0293253
2.57771 0.0295331
2.58651 0.029744
2.59531 0.0299635
2.60411 0.0301878
2.6129 0.0304112
2.6217 0.0306343
2.6305 0.0308609
2.6393 0.0310906
2.64809 0.0313227
2.65689 0.0315585
2.66569 0.0317996
2.67449 0.0320431
2.68328 0.0322879
2.69208 0.0325365
2.70088 0.032791
2.70968 0.0330518
2.71847 0.0333226
2.72727 0.0336074
2.73607 0.0339035
2.74487 0.0342015
2.75367 0.0344935
2.76246 0.0347788
2.77126 0.0350636
2.78006 0.0353542
2.78886 0.0356526
2.79765 0.0359577
2.80645 0.0362686
2.81525 0.0365852
2.82405 0.0369048
2.83284 0.0372266
2.84164 0.0375561
2.85044 0.0379028
2.85924 0.0382688
2.86803 0.0386429
2.87683 0.0390109
2.88563 0.0393714
2.89443 0.0397396
2.90323 0.0401312
2.91202 0.0405454
2.92082 0.0409716
2.92962 0.0414062
2.93842 0.0418549
2.94721 0.0423185
2.95601 0.0427921
2.96481 0.0432745
2.97361 0.043772
2.9824 0.0442873
2.9912 0.0448148
3 0.0453498
3.0088 0.0459031
3.0176 0.0464913
3.02639 0.047122
3.03519 0.0477868
3.04399 0.0484781
3.05279 0.0492019
3.06158 0.0499691
3.07038 0.0507814
3.07918 0.0516345
3.08798 0.0525309
3.09677 0.053481
3.10557 0.0544945
3.11437 0.0555796
3.12317 0.0567542
3.13196 0.0580468
3.14076 0.0594815
3.14956 0.0610739
3.15836 0.0628405
3.16716 0.064797
3.17595 0.0669106
3.18475 0.0690105
3.19355 0.070731
3.20235 0.0716207
3.21114 0.0714178
3.21994 0.0702511
3.22874 0.0685414
3.23754 0.0667133
3.24633 0.0650049
3.25513 0.0634821
3.26393 0.0621268
3.27273 0.0609009
3.28152 0.0597792
3.29032 0.0587609
3.29912 0.0578466
3.30792 0.0570174
3.31672 0.0562474
3.32551 0.0555226
3.33431 0.0548431
3.34311 0.0542099
3.35191 0.0536164
3.3607 0.0530522
3.3695 0.0525159
3.3783 0.0520185
3.3871 0.0515613
3.39589 0.0511227
3.40469 0.0506823
3.41349 0.0502434
3.42229 0.0498226
3.43108 0.04943
3.43988 0.0490654
3.44868 0.0487234
3.45748 0.0483946
3.46628 0.0480726
3.47507 0.0477589
3.48387 0.0474545
3.49267 0.0471581
3.50147 0.0468742
3.51026 0.0466063
3.51906 0.0463476
3.52786 0.0460889
3.53666 0.04583
3.54545 0.0455744
3.55425 0.0453256
3.56305 0.0450871
3.57185 0.0448608
3.58065 0.0446447
3.58944 0.0444318
3.59824 0.0442192
3.60704 0.044015
3.61584 0.0438282
3.62463 0.0436517
3.63343 0.0434682
3.64223 0.0432729
3.65103 0.0430772
3.65982 0.0428941
3.66862 0.0427291
3.67742 0.0425809
3.68622 0.0424411
3.69501 0.0422992
3.70381 0.0421492
3.71261 0.0419968
3.72141 0.0418482
3.73021 0.0417005
3.739 0.0415521
3.7478 0.0414095
3.7566 0.0412736
3.7654 0.0411375
3.77419 0.0410013
3.78299 0.0408696
3.79179 0.0407385
3.80059 0.0406061
3.80938 0.0404809
3.81818 0.0403599
3.82698 0.0402281
3.83578 0.040089
3.84457 0.0399578
3.85337 0.0398318
3.86217 0.0397027
3.87097 0.0395792
3.87977 0.0394661
3.88856 0.0393489
3.89736 0.0392232
3.90616 0.0391063
3.91496 0.0390124
3.92375 0.0389309
3.93255 0.0388393
3.94135 0.038733
3.95015 0.0386243
3.95894 0.0385231
3.96774 0.0384306
3.97654 0.0383447
3.98534 0.0382592
3.99413 0.0381643
4.00293 0.0380574
4.01173 0.0379489
4.02053 0.0378554
4.02933 0.0377864
4.03812 0.0377242
4.04692 0.0376393
4.05572 0.0375313
4.06452 0.0374268
4.07331 0.0373396
4.08211 0.037265
4.09091 0.037189
4.09971 0.0370939
4.1085 0.0369739
4.1173 0.0368535
4.1261 0.0367679
4.1349 0.036724
4.14369 0.0366918
4.15249 0.0366326
4.16129 0.0365349
4.17009 0.0364239
4.17889 0.0363306
4.18768 0.0362605
4.19648 0.0361931
4.20528 0.0361151
4.21408 0.0360359
4.22287 0.0359632
4.23167 0.0358918
4.24047 0.0358255
4.24927 0.0357737
4.25806 0.0357269
4.26686 0.0356675
4.27566 0.0356006
4.28446 0.0355398
4.29325 0.0354846
4.30205 0.0354266
4.31085 0.0353625
4.31965 0.035293
4.32845 0.0352186
4.33724 0.035142
4.34604 0.0350656
4.35484 0.0349896
4.36364 0.0349181
4.37243 0.0348546
4.38123 0.0347977
4.39003 0.0347454
4.39883 0.0346873
4.40762 0.0346108
4.41642 0.0345227
4.42522 0.0344341
4.43402 0.0343411
4.44281 0.0342506
4.45161 0.0341791
4.46041 0.0341226
4.46921 0.034072
4.47801 0.0340282
4.4868 0.0339875
4.4956 0.0339395
4.5044 0.0338827
4.5132 0.0338272
4.52199 0.0337755
4.53079 0.0337175
4.53959 0.033656
4.54839 0.033601
4.55718 0.0335374
4.56598 0.0334536
4.57478 0.0333745
4.58358 0.033328
4.59237 0.0333037
4.60117 0.0332673
4.60997 0.0332116
4.61877 0.0331654
4.62757 0.0331276
4.63636 0.0330695
4.64516 0.0330003
4.65396 0.0329511
4.66276 0.0329148
4.67155 0.0328558
4.68035 0.0327663
4.68915 0.032682
4.69795 0.032632
4.70675 0.0326026
4.71554 0.0325624
4.72434 0.0325082
4.73314 0.0324643
4.74194 0.0324172
4.75073 0.0323361
4.75953 0.0322469
4.76833 0.0321778
4.77713 0.0321192
4.78592 0.0320748
4.79472 0.0320489
4.80352 0.0320234
4.81232 0.0319863
4.82111 0.0319349
4.82991 0.0318723
4.83871 0.0318142
4.84751 0.0317588
4.85631 0.0316939
4.8651 0.0316315
4.8739 0.0315692
4.8827 0.0314874
4.8915 0.0314125
4.90029 0.0313686
4.90909 0.0313265
4.91789 0.0312689
4.92669 0.0311965
4.93548 0.0311074
4.94428 0.0310275
4.95308 0.0309765
4.96188 0.0309201
4.97067 0.0308377
4.97947 0.0307491
4.98827 0.0306575
4.99707 0.030572
5.00587 0.0305014
5.01466 0.0304033
5.02346 0.0302514
5.03226 0.0300923
5.04106 0.0299856
5.04985 0.0299033
5.05865 0.0297606
5.06745 0.0295731
5.07625 0.029387
5.08504 0.0291651
5.09384 0.0289021
5.10264 0.0286151
5.11144 0.0282821
5.12023 0.0278555
5.12903 0.0272672
5.13783 0.0264268
5.14663 0.0251305
5.15543 0.0229543
5.16422 0.0189928
5.17302 0.0127513
5.18182 0.00664911
5.19062 0.00369616
5.19941 0.00315645
5.20821 0.00313274
5.21701 0.00313707
5.22581 0.00314897
5.2346 0.003163
5.2434 0.00317795
5.2522 0.00319389
5.261 0.00321083
5.26979 0.00322822
5.27859 0.00324573
5.28739 0.00326427
5.29619 0.00328217
5.30499 0.00330153
5.31378 0.00332103
5.32258 0.00334073
5.33138 0.00336085
5.34018 0.0033813
5.34897 0.00340228
5.35777 0.00342341
5.36657 0.00344519
5.37537 0.0034676
5.38416 0.00349048
5.39296 0.00351383
5.40176 0.00353783
5.41056 0.00356243
5.41935 0.00358718
5.42815 0.00361312
5.43695 0.00363899
5.44575 0.0036664
5.45455 0.00369389
5.46334 0.00372196
5.47214 0.00375099
5.48094 0.00378106
5.48974 0.0038108
5.49853 0.00384197
5.50733 0.00387424
5.51613 0.00390751
5.52493 0.00394151
5.53372 0.00397659
5.54252 0.00401238
5.55132 0.00404925
5.56012 0.00408765
5.56891 0.00412678
5.57771 0.00416771
5.58651 0.00420909
5.59531 0.00425299
5.60411 0.00429758
5.6129 0.00434343
5.6217 0.00439049
5.6305 0.00444161
5.6393 0.00449387
5.64809 0.00454728
5.65689 0.00460283
5.66569 0.0046599
5.67449 0.00472035
5.68328 0.0047829
5.69208 0.00484827
5.70088 0.00491667
5.70968 0.00498869
5.71847 0.00506227
5.72727 0.00514108
5.73607 0.00522397
5.74487 0.00531094
5.75367 0.00540216
5.76246 0.00549846
5.77126 0.00560094
5.78006 0.00570826
5.78886 0.00582275
5.79765 0.00594457
5.80645 0.00607654
5.81525 0.00621662
5.82405 0.00636724
5.83284 0.00652675
5.84164 0.00670231
5.85044 0.00689345
5.85924 0.00710485
5.86804 0.00733223
5.87683 0.0075863
5.88563 0.00786985
5.89443 0.00818512
5.90323 0.00854932
5.91202 0.00895942
5.92082 0.00943862
5.92962 0.0100182
5.93842 0.0107102
5.94721 0.0115709
5.95601 0.0126713
5.96481 0.0141278
5.97361 0.0163431
5.9824 0.0199801
5.9912 0.0299744
6 0
