-3 -7.15443e-08 0
-2.9912 -7.96892e-08 0
-2.9824 -8.74675e-08 0
-2.97361 -9.4284e-08 0
-2.96481 -9.93644e-08 0
-2.95601 -1.01747e-07 0
-2.94721 -1.00293e-07 0
-2.93842 -9.37131e-08 0
-2.92962 -8.061e-08 0
-2.92082 -5.9536e-08 0
-2.91202 -2.90505e-08 0
-2.90323 1.22133e-08 0
-2.89443 6.55014e-08 0
-2.88563 1.31893e-07 0
-2.87683 2.12273e-07 0
-2.86804 3.07309e-07 0
-2.85924 4.1744e-07 0
-2.85044 5.42864e-07 0
-2.84164 6.83533e-07 0
-2.83284 8.39137e-07 0
-2.82405 1.00912e-06 0
-2.81525 1.19269e-06 0
-2.80645 1.38882e-06 0
-2.79765 1.59631e-06 0
-2.78886 1.81382e-06 0
-2.78006 2.03996e-06 0
-2.77126 2.27334e-06 0
-2.76246 2.51265e-06 0
-2.75367 2.75671e-06 0
-2.74487 3.00457e-06 0
-2.73607 3.25553e-06 0
-2.72727 3.50914e-06 0
-2.71848 3.7652e-06 0
-2.70968 4.02377e-06 0
-2.70088 4.2851e-06 0
-2.69208 4.54959e-06 0
-2.68328 4.81773e-06 0
-2.67449 5.09007e-06 0
-2.66569 5.3671e-06 0
-2.65689 5.6493e-06 0
-2.64809 5.93704e-06 0
-2.6393 6.23058e-06 0
-2.6305 6.53004e-06 0
-2.6217 6.83547e-06 0
-2.6129 7.14676e-06 0
-2.60411 7.46369e-06 0
-2.59531 7.78606e-06 0
-2.58651 8.11345e-06 0
-2.57771 8.4455e-06 0
-2.56891 8.78182e-06 0
-2.56012 9.12197e-06 0
-2.55132 9.46561e-06 0
-2.54252 9.81243e-06 0
-2.53372 1.01622e-05 0
-2.52493 1.0515e-05 0
-2.51613 1.08708e-05 0
-2.50733 1.12298e-05 0
-2.49853 1.15926e-05 0
-2.48974 1.19596e-05 0
-2.48094 1.23316e-05 0
-2.47214 1.27093e-05 0
-2.46334 1.30936e-05 0
-2.45455 1.34855e-05 0
-2.44575 1.38859e-05 0
-2.43695 1.42958e-05 0
-2.42815 1.47163e-05 0
-2.41935 1.51486e-05 0
-2.41056 1.55937e-05 0
-2.40176 1.60532e-05 0
-2.39296 1.65285e-05 0
-2.38416 1.70212e-05 0
-2.37537 1.75333e-05 0
-2.36657 1.80668e-05 0
-2.35777 1.8624e-05 0
-2.34897 1.92076e-05 0
-2.34018 1.98207e-05 0
-2.33138 2.04666e-05 0
-2.32258 2.11492e-05 0
-2.31378 2.18731e-05 0
-2.30499 2.26435e-05 0
-2.29619 2.34663e-05 0
-2.28739 2.43487e-05 0
-2.27859 2.52989e-05 0
-2.26979 2.63263e-05 0
-2.261 2.74421e-05 0
-2.2522 2.86594e-05 0
-2.2434 2.99935e-05 0
-2.2346 3.14625e-05 0
-2.22581 3.30873e-05 0
-2.21701 3.48928e-05 0
-2.20821 3.69083e-05 0
-2.19941 3.91681e-05 0
-2.19062 4.17128e-05 0
-2.18182 4.45903e-05 0
-2.17302 4.7857e-05 0
-2.16422 5.15795e-05 0
-2.15543 5.58363e-05 0
-2.14663 6.072e-05 0
-2.13783 6.63395e-05 0
-2.12903 7.28229e-05 0
-2.12023 8.0321e-05 0
-2.11144 8.90102e-05 0
-2.10264 9.90975e-05 0
-2.09384 0.000110825 0
-2.08504 0.000124474 0
-2.07625 0.000140374 0
-2.06745 0.000158907 0
-2.05865 0.000180515 0
-2.04985 0.00020571 0
-2.04106 0.00023508 0
-2.03226 0.000269299 0
-2.02346 0.000309139 0
-2.01466 0.000355474 0
-2.00587 0.000409295 0
-1.99707 0.000471716 0
-1.98827 0.000543981 0
-1.97947 0.000627475 0
-1.97067 0.000723726 0
-1.96188 0.00083441 0
-1.95308 0.000961356 0
-1.94428 0.00110654 0
-1.93548 0.00127207 0
-1.92669 0.0014602 0
-1.91789 0.00167325 0
-1.90909 0.00191361 0
-1.90029 0.0021837 0
-1.8915 0.00248583 0
-1.8827 0.00282219 0
-1.8739 0.00319472 0
-1.8651 0.0036051 0
-1.85631 0.00405464 0
-1.84751 0.00454431 0
-1.83871 0.00507477 0
-1.82991 0.00564649 0
-1.82111 0.00625984 0
-1.81232 0.00691529 0
-1.80352 0.00761355 0
-1.79472 0.00835573 0
-1.78592 0.00914334 0
-1.77713 0.00997832 0
-1.76833 0.0108628 0
-1.75953 0.011799 0
-1.75073 0.0127885 0
-1.74194 0.0138325 0
-1.73314 0.0149308 0
-1.72434 0.016082 0
-1.71554 0.0172836 0
-1.70675 0.0185317 0
-1.69795 0.0198217 0
-1.68915 0.0211486 0
-1.68035 0.0225077 0
-1.67155 0.0238948 0
-1.66276 0.0253065 0
-1.65396 0.0267404 0
-1.64516 0.0281955 0
-1.63636 0.0296711 0
-1.62757 0.0311678 0
-1.61877 0.0326861 0
-1.60997 0.0342272 0
-1.60117 0.0357928 0
-1.59238 0.0373848 0
-1.58358 0.0390063 0
-1.57478 0.0406615 0
-1.56598 0.0423565 0
-1.55718 0.0440992 0
-1.54839 0.0458997 0
-1.53959 0.0477704 0
-1.53079 0.0497249 0
-1.52199 0.0517784 0
-1.5132 0.0539463 0
-1.5044 0.0562437 0
-1.4956 0.0586852 0
-1.4868 0.0612846 0
-1.47801 0.0640539 0
-1.46921 0.0670046 0
-1.46041 0.0701476 0
-1.45161 0.0734935 0
-1.44282 0.0770538 0
-1.43402 0.0808411 0
-1.42522 0.0848701 0
-1.41642 0.0891585 0
-1.40762 0.0937275 0
-1.39883 0.0986024 0
-1.39003 0.103813 0
-1.38123 0.109396 0
-1.37243 0.115392 0
-1.36364 0.12185 0
-1.35484 0.128823 0
-1.34604 0.136374 0
-1.33724 0.144573 0
-1.32845 0.153497 0
-1.31965 0.163235 0
-1.31085 0.173883 0
-1.30205 0.18555 0
-1.29326 0.198356 0
-1.28446 0.212432 0
-1.27566 0.227923 0
-1.26686 0.244985 0
-1.25806 0.263784 0
-1.24927 0.284495 0
-1.24047 0.307299 0
-1.23167 0.332373 0
-1.22287 0.359888 0
-1.21408 0.389996 0
-1.20528 0.422819 0
-1.19648 0.458436 0
-1.18768 0.496865 0
-1.17889 0.538048 0
-1.17009 0.581831 0
-1.16129 0.627955 0
-1.15249 0.676039 0
-1.1437 0.725579 0
-1.1349 0.775957 0
-1.1261 0.826454 0
-1.1173 0.87628 0
-1.1085 0.924609 0
-1.09971 0.970633 0
-1.09091 1.0136 0
-1.08211 1.05287 0
-1.07331 1.08793 0
-1.06452 1.11844 0
-1.05572 1.14424 0
-1.04692 1.16533 0
-1.03812 1.18183 0
-1.02933 1.19401 0
-1.02053 1.20223 0
-1.01173 1.20688 0
-1.00293 1.2084 0
-0.994135 1.20723 0
-0.985337 1.2038 0
-0.97654 1.1985 0
-0.967742 1.1917 0
-0.958944 1.18371 0
-0.950146 1.17482 0
-0.941349 1.16524 0
-0.932551 1.15519 0
-0.923753 1.14481 0
-0.914956 1.13423 0
-0.906158 1.12356 0
-0.897361 1.11287 0
-0.888563 1.10222 0
-0.879765 1.09166 0
-0.870968 1.08123 0
-0.86217 1.07096 0
-0.853372 1.06088 0
-0.844575 1.05099 0
-0.835777 1.04133 0
-0.826979 1.03189 0
-0.818182 1.0227 0
-0.809384 1.01375 0
-0.800586 1.00505 0
-0.791789 0.996593 0
-0.782991 0.988383 0
-0.774194 0.980413 0
-0.765396 0.972678 0
-0.756598 0.965168 0
-0.747801 0.957877 0
-0.739003 0.950796 0
-0.730205 0.943917 0
-0.721408 0.937236 0
-0.71261 0.930748 0
-0.703812 0.924451 0
-0.695015 0.918343 0
-0.686217 0.912426 0
-0.677419 0.906699 0
-0.668622 0.901165 0
-0.659824 0.895821 0
-0.651026 0.890665 0
-0.642229 0.885689 0
-0.633431 0.880886 0
-0.624634 0.876242 0
-0.615836 0.871749 0
-0.607038 0.867395 0
-0.59824 0.863169 0
-0.589443 0.859062 0
-0.580645 0.855074 0
-0.571847 0.851203 0
-0.56305 0.847456 0
-0.554252 0.843838 0
-0.545455 0.840356 0
-0.536657 0.837018 0
-0.527859 0.833828 0
-0.519062 0.830783 0
-0.510264 0.827882 0
-0.501466 0.82511 0
-0.492669 0.822452 0
-0.483871 0.819888 0
-0.475073 0.817395 0
-0.466276 0.81495 0
-0.457478 0.812535 0
-0.44868 0.810132 0
-0.439883 0.807729 0
-0.431085 0.805321 0
-0.422287 0.802911 0
-0.41349 0.800499 0
-0.404692 0.798097 0
-0.395894 0.795715 0
-0.387097 0.793368 0
-0.378299 0.79107 0
-0.369502 0.788834 0
-0.360704 0.786672 0
-0.351906 0.784598 0
-0.343109 0.782619 0
-0.334311 0.780743 0
-0.325513 0.778977 0
-0.316715 0.777324 0
-0.307918 0.775785 0
-0.29912 0.774361 0
-0.290322 0.773054 0
-0.281525 0.771862 0
-0.272727 0.770783 0
-0.26393 0.769816 0
-0.255132 0.768958 0
-0.246334 0.768204 0
-0.237537 0.767547 0
-0.228739 0.766977 0
-0.219941 0.766484 0
-0.211144 0.766057 0
-0.202346 0.765684 0
-0.193548 0.765351 0
-0.184751 0.765048 0
-0.175953 0.764763 0
-0.167155 0.764482 0
-0.158358 0.764191 0
-0.14956 0.763871 0
-0.140763 0.763499 0
-0.131965 0.763046 0
-0.123167 0.762474 0
-0.11437 0.76174 0
-0.105572 0.760789 0
-0.0967743 0.759558 0
-0.0879766 0.757973 0
-0.079179 0.75595 0
-0.0703813 0.75339 0
-0.0615837 0.750184 0
-0.0527861 0.7462 0
-0.0439884 0.741295 0
-0.0351905 0.735308 0
-0.0263928 0.728062 0
-0.0175952 0.719363 0
-0.00879756 0.70901 0
8.9407e-08 0.696799 0
0.00879773 0.68253 0
0.0175954 0.666023 0
0.026393 0.647126 0
0.0351907 0.625735 0
0.0439883 0.601808 0
0.052786 0.575377 0
0.0615836 0.546562 0
0.0703813 0.515576 0
0.0791789 0.482723 0
0.0879765 0.448392 0
0.0967742 0.413033 0
0.105572 0.377145 0
0.114369 0.341235 0
0.123167 0.3058 0
0.131965 0.271294 0
0.140762 0.238111 0
0.14956 0.206564 0
0.158358 0.176891 0
0.167155 0.14924 0
0.175953 0.123688 0
0.184751 0.100245 0
0.193548 0.0788692 0
0.202346 0.0594794 0
0.211144 0.0419663 0
0.219941 0.0262058 0
0.228739 0.012065 0
0.237537 -0.000591394 0
0.246334 -0.0118939 0
0.255132 -0.0219673 0
0.26393 -0.0309306 0
0.272727 -0.0388924 0
0.281525 -0.0459528 0
0.290323 -0.0522015 0
0.29912 -0.0577201 0
0.307918 -0.0625798 0
0.316716 -0.0668447 0
0.325513 -0.0705712 0
0.334311 -0.0738089 0
0.343109 -0.0766039 0
0.351906 -0.0789974 0
0.360704 -0.0810275 0
0.369501 -0.0827304 0
0.378299 -0.0841405 0
0.387097 -0.0852881 0
0.395894 -0.0862031 0
0.404692 -0.0869118 0
0.41349 -0.0874383 0
0.422287 -0.0878021 0
0.431085 -0.0880209 0
0.439883 -0.0881097 0
0.44868 -0.0880814 0
0.457478 -0.0879458 0
0.466276 -0.0877128 0
0.475073 -0.0873914 0
0.483871 -0.0869894 0
0.492669 -0.0865157 0
0.501466 -0.0859779 0
0.510264 -0.0853835 0
0.519061 -0.0847396 0
0.527859 -0.084052 0
0.536657 -0.0833266 0
0.545455 -0.0825672 0
0.554252 -0.0817758 0
0.56305 -0.0809549 0
0.571848 -0.0801048 0
0.580645 -0.0792254 0
0.589443 -0.0783149 0
0.59824 -0.0773713 0
0.607038 -0.0763917 0
0.615836 -0.0753725 0
0.624633 -0.0743102 0
0.633431 -0.0732012 0
0.642229 -0.0720439 0
0.651026 -0.0708364 0
0.659824 -0.0695793 0
0.668622 -0.0682743 0
0.677419 -0.0669241 0
0.686217 -0.0655331 0
0.695015 -0.0641074 0
0.703812 -0.0626533 0
0.71261 -0.0611788 0
0.721408 -0.0596914 0
0.730205 -0.0581989 0
0.739003 -0.0567088 0
0.7478 -0.0552275 0
0.756598 -0.0537598 0
0.765396 -0.0523102 0
0.774193 -0.0508811 0
0.782991 -0.0494739 0
0.791789 -0.0480893 0
0.800587 -0.0467273 0
0.809384 -0.0453879 0
0.818182 -0.0440714 0
0.82698 -0.0427789 0
0.835777 -0.0415127 0
0.844575 -0.0402764 0
0.853373 -0.0390745 0
0.86217 -0.0379131 0
0.870968 -0.0367985 0
0.879765 -0.0357375 0
0.888563 -0.0347362 0
0.897361 -0.0337997 0
0.906158 -0.0329319 0
0.914956 -0.0321351 0
0.923754 -0.0314096 0
0.932551 -0.0307541 0
0.941349 -0.0301661 0
0.950147 -0.0296415 0
0.958944 -0.0291756 0
0.967742 -0.0287628 0
0.97654 -0.0283976 0
0.985337 -0.0280738 0
0.994135 -0.0277856 0
1.00293 -0.0275272 0
1.01173 -0.0272932 0
1.02053 -0.027078 0
1.02933 -0.0268767 0
1.03812 -0.0266841 0
1.04692 -0.0264954 0
1.05572 -0.0263057 0
1.06452 -0.0261099 0
1.07331 -0.0259032 0
1.08211 -0.0256802 0
1.09091 -0.0254352 0
1.09971 -0.0251627 0
1.1085 -0.0248563 0
1.1173 -0.0245097 0
1.1261 -0.024116 0
1.1349 -0.0236682 0
1.1437 -0.0231593 0
1.15249 -0.0225825 0
1.16129 -0.0219313 0
1.17009 -0.0212 0
1.17889 -0.0203838 0
1.18768 -0.0194793 0
1.19648 -0.0184847 0
1.20528 -0.0173998 0
1.21408 -0.0162263 0
1.22287 -0.0149676 0
1.23167 -0.0136285 0
1.24047 -0.0122152 0
1.24927 -0.010735 0
1.25806 -0.0091957 0
1.26686 -0.00760572 0
1.27566 -0.0059734 0
1.28446 -0.00430703 0
1.29326 -0.0026145 0
1.30205 -0.000903118 0
1.31085 0.000820517 0
1.31965 0.00255067 0
1.32845 0.00428239 0
1.33724 0.00601136 0
1.34604 0.00773381 0
1.35484 0.00944611 0
1.36364 0.0111448 0
1.37243 0.0128261 0
1.38123 0.0144862 0
1.39003 0.0161212 0
1.39883 0.0177273 0
1.40762 0.0193012 0
1.41642 0.0208405 0
1.42522 0.0223435 0
1.43402 0.0238096 0
1.44282 0.0252392 0
1.45161 0.026634 0
1.46041 0.0279962 0
1.46921 0.0293288 0
1.47801 0.0306353 0
1.4868 0.0319188 0
1.4956 0.0331828 0
1.5044 0.03443 0
1.5132 0.0356625 0
1.52199 0.0368818 0
1.53079 0.0380889 0
1.53959 0.0392845 0
1.54839 0.0404689 0
1.55718 0.0416427 0
1.56598 0.0428064 0
1.57478 0.0439606 0
1.58358 0.0451061 0
1.59238 0.0462435 0
1.60117 0.047373 0
1.60997 0.0484951 0
1.61877 0.0496094 0
1.62757 0.0507158 0
1.63636 0.0518141 0
1.64516 0.052904 0
1.65396 0.0539856 0
1.66276 0.0550593 0
1.67155 0.0561254 0
1.68035 0.0571845 0
1.68915 0.0582372 0
1.69795 0.0592836 0
1.70674 0.0603238 0
1.71554 0.0613575 0
1.72434 0.0623837 0
1.73314 0.0634015 0
1.74194 0.0644102 0
1.75073 0.0654085 0
1.75953 0.0663956 0
1.76833 0.0673705 0
1.77713 0.0683321 0
1.78592 0.0692786 0
1.79472 0.0702082 0
1.80352 0.071118 0
1.81232 0.0720052 0
1.82111 0.0728664 0
1.82991 0.0736988 0
1.83871 0.0744998 0
1.84751 0.0752679 0
1.85631 0.0760023 0
1.8651 0.0767034 0
1.8739 0.0773724 0
1.8827 0.0780113 0
1.8915 0.0786222 0
1.90029 0.0792075 0
1.90909 0.0797693 0
1.91789 0.080309 0
1.92669 0.0808282 0
1.93548 0.0813275 0
1.94428 0.0818081 0
1.95308 0.0822712 0
1.96188 0.0827189 0
1.97067 0.0831542 0
1.97947 0.0835806 0
1.98827 0.0840027 0
1.99707 0.0844253 0
2.00587 0.0848532 0
2.01466 0.0852907 0
2.02346 0.0857408 0
2.03226 0.0862054 0
2.04106 0.0866844 0
2.04985 0.0871757 0
2.05865 0.0876752 0
2.06745 0.0881769 0
2.07625 0.0886731 0
2.08504 0.0891556 0
2.09384 0.0896159 0
2.10264 0.0900465 0
2.11144 0.0904411 0
2.12023 0.0907962 0
2.12903 0.0911103 0
2.13783 0.0913852 0
2.14663 0.0916245 0
2.15543 0.0918341 0
2.16422 0.092021 0
2.17302 0.0921923 0
2.18182 0.0923553 0
2.19062 0.0925159 0
2.19941 0.0926787 0
2.20821 0.0928466 0
2.21701 0.0930213 0
2.22581 0.0932024 0
2.2346 0.093389 0
2.2434 0.0935788 0
2.2522 0.0937693 0
2.261 0.0939576 0
2.26979 0.0941407 0
2.27859 0.0943157 0
2.28739 0.0944802 0
2.29619 0.094632 0
2.30499 0.0947695 0
2.31378 0.0948912 0
2.32258 0.0949966 0
2.33138 0.0950853 0
2.34018 0.0951574 0
2.34897 0.0952134 0
2.35777 0.0952539 0
2.36657 0.0952799 0
2.37537 0.0952928 0
2.38416 0.0952947 0
2.39296 0.095288 0
2.40176 0.0952763 0
2.41056 0.0952633 0
2.41935 0.0952537 0
2.42815 0.0952519 0
2.43695 0.0952624 0
2.44575 0.0952891 0
2.45455 0.0953355 0
2.46334 0.0954038 0
2.47214 0.0954946 0
2.48094 0.0956077 0
2.48974 0.0957406 0
2.49853 0.0958891 0
2.50733 0.0960473 0
2.51613 0.0962073 0
2.52493 0.0963605 0
2.53372 0.0964972 0
2.54252 0.096608 0
2.55132 0.0966844 0
2.56012 0.0967197 0
2.56891 0.0967088 0
2.57771 0.0966494 0
2.58651 0.0965418 0
2.59531 0.0963883 0
2.60411 0.0961934 0
2.6129 0.0959626 0
2.6217 0.0957022 0
2.6305 0.0954186 0
2.6393 0.0951172 0
2.64809 0.0948027 0
2.65689 0.0944777 0
2.66569 0.0941438 0
2.67449 0.0938009 0
2.68328 0.0934475 0
2.69208 0.093081 0
2.70088 0.0926985 0
2.70968 0.0922963 0
2.71847 0.0918709 0
2.72727 0.0914191 0
2.73607 0.0909379 0
2.74487 0.0904251 0
2.75367 0.0898788 0
2.76246 0.0892982 0
2.77126 0.0886831 0
2.78006 0.0880345 0
2.78886 0.0873548 0
2.79765 0.0866474 0
2.80645 0.0859169 0
2.81525 0.0851693 0
2.82405 0.0844108 0
2.83284 0.0836477 0
2.84164 0.0828852 0
2.85044 0.0821265 0
2.85924 0.0813731 0
2.86803 0.0806234 0
2.87683 0.079873 0
2.88563 0.0791152 0
2.89443 0.0783414 0
2.90323 0.0775419 0
2.91202 0.0767072 0
2.92082 0.0758279 0
2.92962 0.0748971 0
2.93842 0.0739096 0
2.94721 0.072863 0
2.95601 0.0717579 0
2.96481 0.0705979 0
2.97361 0.0693883 0
2.9824 0.0681367 0
2.9912 0.0668509 0
3 0.0655383 0
3.0088 0.0642049 0
3.0176 0.062854 0
3.02639 0.0614869 0
3.03519 0.060101 0
3.04399 0.0586918 0
3.05279 0.0572528 0
3.06158 0.0557762 0
3.07038 0.0542546 0
3.07918 0.0526813 0
3.08798 0.0510511 0
3.09677 0.0493615 0
3.10557 0.0476124 0
3.11437 0.045806 0
3.12317 0.0439469 0
3.13196 0.0420417 0
3.14076 0.0400981 0
3.14956 0.0381249 0
3.15836 0.0361308 0
3.16716 0.0341245 0
3.17595 0.0321137 0
3.18475 0.0301058 0
3.19355 0.0281071 0
3.20235 0.0261232 0
3.21114 0.0241592 0
3.21994 0.0222197 0
3.22874 0.0203094 0
3.23754 0.0184328 0
3.24633 0.0165947 0
3.25513 0.0148008 0
3.26393 0.0130573 0
3.27273 0.0113714 0
3.28152 0.009751 0
3.29032 0.00820483 0
3.29912 0.00674113 0
3.30792 0.00536774 0
3.31672 0.00409031 0
3.32551 0.00291251 0
3.33431 0.00183456 0
3.34311 0.00085359 0
3.35191 -3.67289e-05 0
3.3607 -0.000845007 0
3.3695 -0.00158212 0
3.3783 -0.00225942 0
3.3871 -0.00288808 0
3.39589 -0.00347787 0
3.40469 -0.00403657 0
3.41349 -0.00456967 0
3.42229 -0.00508027 0
3.43108 -0.00556963 0
3.43988 -0.00603759 0
3.44868 -0.00648323 0
3.45748 -0.00690605 0
3.46628 -0.00730601 0
3.47507 -0.00768437 0
3.48387 -0.00804365 0
3.49267 -0.00838773 0
3.50147 -0.00872189 0
3.51026 -0.00905199 0
3.51906 -0.0093845 0
3.52786 -0.00972565 0
3.53666 -0.010081 0
3.54545 -0.0104549 0
3.55425 -0.0108501 0
3.56305 -0.0112672 0
3.57185 -0.0117049 0
3.58065 -0.0121595 0
3.58944 -0.0126256 0
3.59824 -0.0130962 0
3.60704 -0.0135636 0
3.61584 -0.0140196 0
3.62463 -0.0144568 0
3.63343 -0.0148684 0
3.64223 -0.0152494 0
3.65103 -0.0155959 0
3.65982 -0.0159065 0
3.66862 -0.0161813 0
3.67742 -0.0164223 0
3.68622 -0.016633 0
3.69501 -0.0168185 0
3.70381 -0.0169849 0
3.71261 -0.017139 0
3.72141 -0.017288 0
3.73021 -0.0174391 0
3.739 -0.0175994 0
3.7478 -0.0177752 0
3.7566 -0.017972 0
3.7654 -0.0181935 0
3.77419 -0.0184419 0
3.78299 -0.0187169 0
3.79179 -0.0190154 0
3.80059 -0.0193317 0
3.80938 -0.0196572 0
3.81818 -0.0199814 0
3.82698 -0.0202918 0
3.83578 -0.0205752 0
3.84457 -0.0208187 0
3.85337 -0.0210102 0
3.86217 -0.0211401 0
3.87097 -0.0212013 0
3.87977 -0.0211905 0
3.88856 -0.0211083 0
3.89736 -0.0209593 0
3.90616 -0.020752 0
3.91496 -0.0204984 0
3.92375 -0.0202129 0
3.93255 -0.0199117 0
3.94135 -0.0196117 0
3.95015 -0.0193293 0
3.95894 -0.0190798 0
3.96774 -0.0188764 0
3.97654 -0.0187297 0
3.98534 -0.0186475 0
3.99413 -0.0186342 0
4.00293 -0.0186909 0
4.01173 -0.0188154 0
4.02053 -0.0190021 0
4.02933 -0.0192424 0
4.03812 -0.0195248 0
4.04692 -0.0198354 0
4.05572 -0.0201591 0
4.06452 -0.0204799 0
4.07331 -0.0207827 0
4.08211 -0.0210537 0
4.09091 -0.0212816 0
4.09971 -0.0214586 0
4.1085 -0.0215801 0
4.1173 -0.0216457 0
4.1261 -0.0216584 0
4.1349 -0.0216245 0
4.1437 -0.0215526 0
4.15249 -0.0214527 0
4.16129 -0.021335 0
4.17009 -0.0212092 0
4.17889 -0.0210831 0
4.18768 -0.0209625 0
4.19648 -0.0208501 0
4.20528 -0.0207463 0
4.21408 -0.0206491 0
4.22287 -0.0205546 0
4.23167 -0.020458 0
4.24047 -0.0203533 0
4.24927 -0.0202344 0
4.25806 -0.0200952 0
4.26686 -0.0199299 0
4.27566 -0.0197332 0
4.28446 -0.0195004 0
4.29326 -0.0192281 0
4.30205 -0.018914 0
4.31085 -0.0185574 0
4.31965 -0.0181596 0
4.32845 -0.017724 0
4.33724 -0.0172563 0
4.34604 -0.0167644 0
4.35484 -0.0162582 0
4.36364 -0.0157495 0
4.37243 -0.0152508 0
4.38123 -0.0147751 0
4.39003 -0.0143349 0
4.39883 -0.0139414 0
4.40762 -0.0136037 0
4.41642 -0.013328 0
4.42522 -0.0131177 0
4.43402 -0.0129728 0
4.44282 -0.0128901 0
4.45161 -0.012864 0
4.46041 -0.0128867 0
4.46921 -0.0129496 0
4.47801 -0.0130436 0
4.4868 -0.0131606 0
4.4956 -0.0132937 0
4.5044 -0.0134378 0
4.5132 -0.0135898 0
4.52199 -0.0137482 0
4.53079 -0.0139127 0
4.53959 -0.0140836 0
4.54839 -0.0142613 0
4.55718 -0.0144457 0
4.56598 -0.0146357 0
4.57478 -0.0148292 0
4.58358 -0.0150231 0
4.59238 -0.0152133 0
4.60117 -0.0153953 0
4.60997 -0.0155642 0
4.61877 -0.0157149 0
4.62757 -0.015843 0
4.63636 -0.0159444 0
4.64516 -0.0160162 0
4.65396 -0.0160565 0
4.66276 -0.0160648 0
4.67155 -0.016042 0
4.68035 -0.0159908 0
4.68915 -0.0159148 0
4.69795 -0.015819 0
4.70675 -0.0157089 0
4.71554 -0.0155903 0
4.72434 -0.015469 0
4.73314 -0.0153502 0
4.74194 -0.0152382 0
4.75073 -0.0151361 0
4.75953 -0.0150458 0
4.76833 -0.0149676 0
4.77713 -0.0149007 0
4.78592 -0.0148429 0
4.79472 -0.0147915 0
4.80352 -0.0147437 0
4.81232 -0.0146971 0
4.82111 -0.0146503 0
4.82991 -0.0146031 0
4.83871 -0.0145564 0
4.84751 -0.0145122 0
4.85631 -0.0144727 0
4.8651 -0.0144398 0
4.8739 -0.0144147 0
4.8827 -0.0143964 0
4.8915 -0.0143827 0
4.90029 -0.0143689 0
4.90909 -0.0143489 0
4.91789 -0.0143151 0
4.92669 -0.0142597 0
4.93548 -0.0141747 0
4.94428 -0.0140531 0
4.95308 -0.0138892 0
4.96188 -0.0136789 0
4.97067 -0.01342 0
4.97947 -0.0131123 0
4.98827 -0.0127573 0
4.99707 -0.0123581 0
5.00587 -0.0119189 0
5.01466 -0.0114449 0
5.02346 -0.0109422 0
5.03226 -0.0104169 0
5.04106 -0.0098753 0
5.04985 -0.00932371 0
5.05865 -0.00876822 0
5.06745 -0.00821462 0
5.07625 -0.00766832 0
5.08504 -0.00713409 0
5.09384 -0.00661601 0
5.10264 -0.00611722 0
5.11144 -0.00563995 0
5.12023 -0.0051854 0
5.12903 -0.00475392 0
5.13783 -0.00434514 0
5.14663 -0.00395825 0
5.15543 -0.00359222 0
5.16422 -0.00324613 0
5.17302 -0.00291927 0
5.18182 -0.00261131 0
5.19062 -0.00232224 0
5.19941 -0.00205235 0
5.20821 -0.00180216 0
5.21701 -0.00157209 0
5.22581 -0.00136245 0
5.2346 -0.00117328 0
5.2434 -0.00100429 0
5.2522 -0.000854794 0
5.261 -0.000723791 0
5.26979 -0.000610029 0
5.27859 -0.00051204 0
5.28739 -0.000428308 0
5.29619 -0.000357241 0
5.30499 -0.000297291 0
5.31378 -0.000247036 0
5.32258 -0.000205122 0
5.33138 -0.000170341 0
5.34018 -0.00014163 0
5.34897 -0.000118029 0
5.35777 -9.87228e-05 0
5.36657 -8.3038e-05 0
5.37537 -7.03364e-05 0
5.38416 -6.01354e-05 0
5.39296 -5.19927e-05 0
5.40176 -4.55571e-05 0
5.41056 -4.05216e-05 0
5.41935 -3.66374e-05 0
5.42815 -3.36883e-05 0
5.43695 -3.15097e-05 0
5.44575 -2.99753e-05 0
5.45455 -2.89192e-05 0
5.46334 -2.82805e-05 0
5.47214 -2.79728e-05 0
5.48094 -2.79293e-05 0
5.48974 -2.80755e-05 0
5.49853 -2.8397e-05 0
5.50733 -2.88425e-05 0
5.51613 -2.93829e-05 0
5.52493 -2.99985e-05 0
5.53372 -3.06699e-05 0
5.54252 -3.1372e-05 0
5.55132 -3.21165e-05 0
5.56012 -3.28656e-05 0
5.56891 -3.36276e-05 0
5.57771 -3.4393e-05 0
5.58651 -3.51445e-05 0
5.59531 -3.589e-05 0
5.60411 -3.6627e-05 0
5.6129 -3.73352e-05 0
5.6217 -3.80448e-05 0
5.6305 -3.87256e-05 0
5.6393 -3.93821e-05 0
5.64809 -4.00127e-05 0
5.65689 -4.06345e-05 0
5.66569 -4.12289e-05 0
5.67449 -4.17926e-05 0
5.68328 -4.23336e-05 0
5.69208 -4.28579e-05 0
5.70088 -4.3351e-05 0
5.70968 -4.38323e-05 0
5.71847 -4.42794e-05 0
5.72727 -4.47103e-05 0
5.73607 -4.49118e-05 0
5.74487 -4.53062e-05 0
5.75367 -4.56694e-05 0
5.76246 -4.60181e-05 0
5.77126 -4.63563e-05 0
5.78006 -4.64602e-05 0
5.78886 -4.67625e-05 0
5.79765 -4.68459e-05 0
5.80645 -4.7117e-05 0
5.81525 -4.71781e-05 0
5.82405 -4.74347e-05 0
5.83284 -4.74816e-05 0
5.84164 -4.7527e-05 0
5.85044 -4.75744e-05 0
5.85924 -4.74153e-05 0
5.86804 -4.74615e-05 0
5.87683 -4.7315e-05 0
5.88563 -4.71709e-05 0
5.89443 -4.70333e-05 0
5.90323 -4.69064e-05 0
5.91202 -4.67813e-05 0
5.92082 -4.64611e-05 0
5.92962 -4.61412e-05 0
5.93842 -4.60232e-05 0
5.94721 -4.56923e-05 0
5.95601 -4.53614e-05 0
5.96481 -4.50177e-05 0
5.97361 -4.46636e-05 0
5.9824 -4.42938e-05 0
5.9912 -4.41093e-05 0
6 -4.37053e-05 0
