-4 0.000104819 0
-3.98925 0.000106335 0
-3.97849 0.000107858 0
-3.96774 0.00010939 0
-3.95699 0.000110932 0
-3.94624 0.000112484 0
-3.93548 0.000114047 0
-3.92473 0.000115622 0
-3.91398 0.000117209 0
-3.90323 0.000118807 0
-3.89247 0.000120419 0
-3.88172 0.000122044 0
-3.87097 0.000123682 0
-3.86022 0.000125335 0
-3.84946 0.000127003 0
-3.83871 0.000128688 0
-3.82796 0.000130388 0
-3.8172 0.000132104 0
-3.80645 0.000133837 0
-3.7957 0.000135586 0
-3.78495 0.000137352 0
-3.77419 0.000139132 0
-3.76344 0.000140928 0
-3.75269 0.000142739 0
-3.74194 0.000144565 0
-3.73118 0.000146407 0
-3.72043 0.000148264 0
-3.70968 0.000150137 0
-3.69892 0.000152027 0
-3.68817 0.000153934 0
-3.67742 0.000155859 0
-3.66667 0.000157802 0
-3.65591 0.000159763 0
-3.64516 0.000161742 0
-3.63441 0.000163739 0
-3.62366 0.000165754 0
-3.6129 0.000167789 0
-3.60215 0.000169844 0
-3.5914 0.00017192 0
-3.58065 0.000174017 0
-3.56989 0.000176136 0
-3.55914 0.000178279 0
-3.54839 0.000180443 0
-3.53763 0.000182631 0
-3.52688 0.000184841 0
-3.51613 0.000187073 0
-3.50538 0.000189328 0
-3.49462 0.000191603 0
-3.48387 0.000193899 0
-3.47312 0.000196215 0
-3.46237 0.000198553 0
-3.45161 0.000200911 0
-3.44086 0.000203289 0
-3.43011 0.000205689 0
-3.41936 0.000208113 0
-3.4086 0.000210559 0
-3.39785 0.00021303 0
-3.3871 0.000215526 0
-3.37634 0.000218047 0
-3.36559 0.000220595 0
-3.35484 0.000223168 0
-3.34409 0.000225769 0
-3.33333 0.000228398 0
-3.32258 0.000231054 0
-3.31183 0.000233737 0
-3.30108 0.000236447 0
-3.29032 0.000239186 0
-3.27957 0.000241952 0
-3.26882 0.000244745 0
-3.25806 0.000247567 0
-3.24731 0.000250417 0
-3.23656 0.000253296 0
-3.22581 0.000256204 0
-3.21505 0.000259141 0
-3.2043 0.000262108 0
-3.19355 0.000265107 0
-3.1828 0.000268137 0
-3.17204 0.000271202 0
-3.16129 0.000274299 0
-3.15054 0.000277432 0
-3.13979 0.0002806 0
-3.12903 0.000283805 0
-3.11828 0.000287048 0
-3.10753 0.00029033 0
-3.09677 0.00029365 0
-3.08602 0.00029701 0
-3.07527 0.000300411 0
-3.06452 0.000303855 0
-3.05376 0.000307343 0
-3.04301 0.000310876 0
-3.03226 0.000314456 0
-3.02151 0.000318083 0
-3.01075 0.00032176 0
-3 0.00032549 0
-2.98925 0.000329273 0
-2.97849 0.000333108 0
-2.96774 0.000337003 0
-2.95699 0.000340953 0
-2.94624 0.000344961 0
-2.93548 0.000349028 0
-2.92473 0.000353156 0
-2.91398 0.000357345 0
-2.90323 0.000361596 0
-2.89247 0.00036591 0
-2.88172 0.000370288 0
-2.87097 0.000374733 0
-2.86022 0.000379246 0
-2.84946 0.00038383 0
-2.83871 0.000388487 0
-2.82796 0.00039322 0
-2.8172 0.000398034 0
-2.80645 0.00040293 0
-2.7957 0.000407912 0
-2.78495 0.000412987 0
-2.77419 0.000418162 0
-2.76344 0.00042344 0
-2.75269 0.000428828 0
-2.74194 0.000434335 0
-2.73118 0.000439971 0
-2.72043 0.000445747 0
-2.70968 0.000451672 0
-2.69892 0.000457768 0
-2.68817 0.000464048 0
-2.67742 0.000470538 0
-2.66667 0.000477262 0
-2.65591 0.000484251 0
-2.64516 0.000491542 0
-2.63441 0.000499183 0
-2.62366 0.000507225 0
-2.6129 0.000515734 0
-2.60215 0.000524789 0
-2.5914 0.000534484 0
-2.58065 0.000544936 0
-2.56989 0.000556283 0
-2.55914 0.000568695 0
-2.54839 0.000582374 0
-2.53763 0.000597571 0
-2.52688 0.000614583 0
-2.51613 0.000633771 0
-2.50538 0.000655563 0
-2.49462 0.000680479 0
-2.48387 0.000709138 0
-2.47312 0.000742272 0
-2.46237 0.000780764 0
-2.45161 0.000825648 0
-2.44086 0.000878157 0
-2.43011 0.000939743 0
-2.41935 0.00101213 0
-2.4086 0.00109736 0
-2.39785 0.00119786 0
-2.3871 0.00131652 0
-2.37634 0.00145679 0
-2.36559 0.00162287 0
-2.35484 0.0018198 0
-2.34409 0.00205368 0
-2.33333 0.0023319 0
-2.32258 0.0026633 0
-2.31183 0.00305849 0
-2.30108 0.00352991 0
-2.29032 0.00409198 0
-2.27957 0.00476123 0
-2.26882 0.00555616 0
-2.25806 0.00649728 0
-2.24731 0.00760671 0
-2.23656 0.0089079 0
-2.22581 0.0104249 0
-2.21505 0.0121817 0
-2.2043 0.0142007 0
-2.19355 0.0165021 0
-2.1828 0.0191021 0
-2.17204 0.0220128 0
-2.16129 0.0252431 0
-2.15054 0.0288016 0
-2.13978 0.0327017 0
-2.12903 0.036971 0
-2.11828 0.0416635 0
-2.10753 0.0468745 0
-2.09677 0.0527542 0
-2.08602 0.0595247 0
-2.07527 0.0674891 0
-2.06452 0.0770427 0
-2.05376 0.0886782 0
-2.04301 0.102991 0
-2.03226 0.120682 0
-2.02151 0.142567 0
-2.01075 0.16958 0
-2 0.20278 0
-1.98925 0.243358 0
-1.97849 0.292627 0
-1.96774 0.352015 0
-1.95699 0.423037 0
-1.94624 0.507255 0
-1.93548 0.606202 0
-1.92473 0.721322 0
-1.91398 0.853882 0
-1.90323 1.00487 0
-1.89247 1.17495 0
-1.88172 1.36439 0
-1.87097 1.57305 0
-1.86022 1.80044 0
-1.84946 2.0457 0
-1.83871 2.30777 0
-1.82796 2.58537 0
-1.8172 2.87718 0
-1.80645 3.18185 0
-1.7957 3.49812 0
-1.78495 3.82477 0
-1.77419 4.16074 0
-1.76344 4.50506 0
-1.75269 4.85691 0
-1.74194 5.21558 0
-1.73118 5.58046 0
-1.72043 5.95106 0
-1.70968 6.32696 0
-1.69892 6.7078 0
-1.68817 7.09331 0
-1.67742 7.48329 0
-1.66667 7.87762 0
-1.65591 8.2762 0
-1.64516 8.67896 0
-1.63441 9.08589 0
-1.62366 9.49697 0
-1.6129 9.91221 0
-1.60215 10.3316 0
-1.5914 10.7552 0
-1.58065 11.1829 0
-1.56989 11.6147 0
-1.55914 12.0506 0
-1.54839 12.4906 0
-1.53763 12.9346 0
-1.52688 13.3827 0
-1.51613 13.835 0
-1.50538 14.2915 0
-1.49462 14.7523 0
-1.48387 15.2178 0
-1.47312 15.6883 0
-1.46237 16.164 0
-1.45161 16.6455 0
-1.44086 17.1332 0
-1.43011 17.6277 0
-1.41935 18.1297 0
-1.4086 18.6398 0
-1.39785 19.1588 0
-1.3871 19.6876 0
-1.37634 20.227 0
-1.36559 20.7778 0
-1.35484 21.341 0
-1.34409 21.9174 0
-1.33333 22.5077 0
-1.32258 23.1123 0
-1.31183 23.7315 0
-1.30108 24.3651 0
-1.29032 25.0123 0
-1.27957 25.6719 0
-1.26882 26.3422 0
-1.25806 27.0209 0
-1.24731 27.7048 0
-1.23656 28.3903 0
-1.22581 29.0731 0
-1.21505 29.7483 0
-1.2043 30.4104 0
-1.19355 31.0534 0
-1.1828 31.6712 0
-1.17204 32.2575 0
-1.16129 32.8062 0
-1.15054 33.3118 0
-1.13979 33.7701 0
-1.12903 34.1781 0
-1.11828 34.535 0
-1.10753 34.8424 0
-1.09677 35.1036 0
-1.08602 35.3239 0
-1.07527 35.5104 0
-1.06452 35.6708 0
-1.05376 35.8134 0
-1.04301 35.946 0
-1.03226 36.076 0
-1.02151 36.2095 0
-1.01075 36.3513 0
-1 36.5053 0
-0.989247 36.6743 0
-0.978495 36.86 0
-0.967742 37.0632 0
-0.956989 37.2841 0
-0.946237 37.5227 0
-0.935484 37.7783 0
-0.924731 38.0501 0
-0.913979 38.3373 0
-0.903226 38.6388 0
-0.892473 38.9534 0
-0.88172 39.2802 0
-0.870968 39.6181 0
-0.860215 39.966 0
-0.849463 40.3229 0
-0.83871 40.6882 0
-0.827957 41.061 0
-0.817204 41.4406 0
-0.806452 41.8264 0
-0.795699 42.2182 0
-0.784946 42.6154 0
-0.774194 43.0179 0
-0.763441 43.4254 0
-0.752688 43.8381 0
-0.741936 44.2553 0
-0.731183 44.6771 0
-0.72043 45.1034 0
-0.709678 45.5337 0
-0.698925 45.9676 0
-0.688172 46.4047 0
-0.677419 46.8446 0
-0.666667 47.2867 0
-0.655914 47.7306 0
-0.645161 48.1758 0
-0.634409 48.6219 0
-0.623656 49.0683 0
-0.612903 49.514 0
-0.60215 49.9584 0
-0.591398 50.3999 0
-0.580645 50.837 0
-0.569893 51.2678 0
-0.55914 51.6901 0
-0.548387 52.1011 0
-0.537635 52.4985 0
-0.526882 52.8795 0
-0.516129 53.2415 0
-0.505377 53.5826 0
-0.494624 53.9005 0
-0.483871 54.1946 0
-0.473118 54.4642 0
-0.462366 54.7094 0
-0.451613 54.9311 0
-0.44086 55.1298 0
-0.430108 55.3072 0
-0.419355 55.4654 0
-0.408602 55.6051 0
-0.397849 55.7289 0
-0.387097 55.8376 0
-0.376344 55.9324 0
-0.365592 56.0146 0
-0.354839 56.0848 0
-0.344086 56.1447 0
-0.333334 56.1937 0
-0.322581 56.2333 0
-0.311828 56.2633 0
-0.301075 56.2842 0
-0.290323 56.2968 0
-0.27957 56.3012 0
-0.268817 56.2974 0
-0.258065 56.286 0
-0.247312 56.2668 0
-0.236559 56.2406 0
-0.225807 56.2074 0
-0.215054 56.1676 0
-0.204301 56.1214 0
-0.193548 56.0691 0
-0.182796 56.011 0
-0.172043 55.9476 0
-0.16129 55.8792 0
-0.150538 55.8063 0
-0.139785 55.7299 0
-0.129033 55.6499 0
-0.11828 55.5679 0
-0.107527 55.4844 0
-0.0967744 55.4005 0
-0.0860217 55.3177 0
-0.075269 55.2371 0
-0.0645163 55.1601 0
-0.0537636 55.0884 0
-0.0430109 55.0232 0
-0.0322582 54.9664 0
-0.0215055 54.9189 0
-0.0107528 54.8818 0
-5.96046e-08 54.8557 0
0.0107526 54.8401 0
0.0215054 54.834 0
0.0322581 54.8355 0
0.0430108 54.8409 0
0.0537635 54.8458 0
0.0645162 54.8442 0
0.0752685 54.8292 0
0.0860212 54.7934 0
0.0967739 54.7289 0
0.107527 54.6281 0
0.118279 54.4845 0
0.129032 54.2925 0
0.139785 54.0482 0
0.150537 53.7493 0
0.16129 53.3955 0
0.172043 52.9877 0
0.182796 52.5288 0
0.193548 52.0224 0
0.204301 51.4726 0
0.215054 50.8852 0
0.225806 50.2652 0
0.236559 49.6182 0
0.247312 48.9499 0
0.258065 48.2651 0
0.268817 47.569 0
0.27957 46.8656 0
0.290323 46.1586 0
0.301075 45.451 0
0.311828 44.7446 0
0.32258 44.041 0
0.333333 43.3407 0
0.344086 42.6439 0
0.354838 41.9504 0
0.365591 41.2593 0
0.376344 40.5699 0
0.387097 39.881 0
0.397849 39.1918 0
0.408602 38.501 0
0.419355 37.8075 0
0.430107 37.1107 0
0.44086 36.4096 0
0.451613 35.7036 0
0.462366 34.992 0
0.473118 34.2742 0
0.483871 33.5501 0
0.494624 32.819 0
0.505376 32.0807 0
0.516129 31.3352 0
0.526881 30.5821 0
0.537634 29.8212 0
0.548387 29.0524 0
0.55914 28.2759 0
0.569892 27.4913 0
0.580645 26.6988 0
0.591398 25.8984 0
0.60215 25.0902 0
0.612903 24.2741 0
0.623656 23.4506 0
0.634408 22.6195 0
0.645161 21.7812 0
0.655914 20.9361 0
0.666667 20.0844 0
0.677419 19.2264 0
0.688172 18.363 0
0.698925 17.4946 0
0.709677 16.6221 0
0.72043 15.7465 0
0.731183 14.8688 0
0.741935 13.9909 0
0.752688 13.1142 0
0.763441 12.2411 0
0.774193 11.3741 0
0.784946 10.5162 0
0.795699 9.6709 0
0.806451 8.84214 0
0.817204 8.03417 0
0.827957 7.25196 0
0.83871 6.50032 0
0.849462 5.78428 0
0.860215 5.10854 0
0.870968 4.47747 0
0.88172 3.89455 0
0.892473 3.36224 0
0.903226 2.88198 0
0.913978 2.45376 0
0.924731 2.07642 0
0.935484 1.74781 0
0.946237 1.4648 0
0.956989 1.22373 0
0.967742 1.02057 0
0.978494 0.85123 0
0.989247 0.711766 0
1 0.598451 0
1.01075 0.50794 0
1.02151 0.437354 0
1.03226 0.384253 0
1.04301 0.346737 0
1.05376 0.323171 0
1.06452 0.312525 0
1.07527 0.314001 0
1.08602 0.327087 0
1.09677 0.351598 0
1.10753 0.38745 0
1.11828 0.434663 0
1.12903 0.49336 0
1.13978 0.563574 0
1.15054 0.645269 0
1.16129 0.738269 0
1.17204 0.842225 0
1.1828 0.956559 0
1.19355 1.08059 0
1.2043 1.21351 0
1.21505 1.35431 0
1.22581 1.502 0
1.23656 1.65556 0
1.24731 1.81392 0
1.25806 1.9761 0
1.26882 2.14117 0
1.27957 2.30832 0
1.29032 2.47676 0
1.30108 2.64585 0
1.31183 2.815 0
1.32258 2.9837 0
1.33333 3.15158 0
1.34409 3.31825 0
1.35484 3.48346 0
1.36559 3.64694 0
1.37634 3.8085 0
1.3871 3.96801 0
1.39785 4.1253 0
1.4086 4.28034 0
1.41935 4.43305 0
1.43011 4.5834 0
1.44086 4.73138 0
1.45161 4.87698 0
1.46237 5.02022 0
1.47312 5.1611 0
1.48387 5.29967 0
1.49462 5.436 0
1.50538 5.57006 0
1.51613 5.70192 0
1.52688 5.83164 0
1.53763 5.95925 0
1.54839 6.08474 0
1.55914 6.20817 0
1.56989 6.32955 0
1.58065 6.44893 0
1.5914 6.56629 0
1.60215 6.68171 0
1.6129 6.79516 0
1.62366 6.9067 0
1.63441 7.01639 0
1.64516 7.1243 0
1.65591 7.23046 0
1.66667 7.33492 0
1.67742 7.43781 0
1.68817 7.53912 0
1.69892 7.63904 0
1.70968 7.73747 0
1.72043 7.83455 0
1.73118 7.93029 0
1.74194 8.02466 0
1.75269 8.11773 0
1.76344 8.20955 0
1.77419 8.30006 0
1.78495 8.38933 0
1.7957 8.47741 0
1.80645 8.56435 0
1.8172 8.65025 0
1.82796 8.73511 0
1.83871 8.81903 0
1.84946 8.90209 0
1.86021 8.98441 0
1.87097 9.06597 0
1.88172 9.14687 0
1.89247 9.22715 0
1.90323 9.30681 0
1.91398 9.38588 0
1.92473 9.4644 0
1.93548 9.54236 0
1.94624 9.61976 0
1.95699 9.69665 0
1.96774 9.77312 0
1.97849 9.84909 0
1.98925 9.92474 0
2 9.99996 0
2.01075 10.0749 0
2.02151 10.1497 0
2.03226 10.2242 0
2.04301 10.2987 0
2.05376 10.3731 0
2.06452 10.4476 0
2.07527 10.5222 0
2.08602 10.597 0
2.09677 10.672 0
2.10753 10.7472 0
2.11828 10.8227 0
2.12903 10.8984 0
2.13978 10.9744 0
2.15054 11.0506 0
2.16129 11.1269 0
2.17204 11.2034 0
2.1828 11.28 0
2.19355 11.3566 0
2.2043 11.4335 0
2.21505 11.5105 0
2.22581 11.5876 0
2.23656 11.6652 0
2.24731 11.7431 0
2.25806 11.8214 0
2.26882 11.9003 0
2.27957 11.9798 0
2.29032 12.06 0
2.30107 12.1409 0
2.31183 12.2226 0
2.32258 12.3053 0
2.33333 12.3887 0
2.34409 12.473 0
2.35484 12.5584 0
2.36559 12.6446 0
2.37634 12.732 0
2.3871 12.8205 0
2.39785 12.9101 0
2.4086 13.0008 0
2.41935 13.0928 0
2.43011 13.186 0
2.44086 13.2804 0
2.45161 13.3763 0
2.46237 13.4734 0
2.47312 13.5718 0
2.48387 13.6715 0
2.49462 13.7725 0
2.50538 13.8748 0
2.51613 13.9784 0
2.52688 14.0833 0
2.53763 14.1896 0
2.54839 14.2974 0
2.55914 14.4066 0
2.56989 14.5175 0
2.58065 14.6299 0
2.5914 14.7443 0
2.60215 14.8604 0
2.6129 14.9784 0
2.62366 15.0983 0
2.63441 15.2203 0
2.64516 15.3444 0
2.65591 15.4707 0
2.66667 15.5992 0
2.67742 15.7302 0
2.68817 15.8635 0
2.69892 15.9995 0
2.70968 16.1382 0
2.72043 16.28 0
2.73118 16.4248 0
2.74194 16.5729 0
2.75269 16.7246 0
2.76344 16.8799 0
2.77419 17.0392 0
2.78495 17.2027 0
2.7957 17.3705 0
2.80645 17.543 0
2.8172 17.7203 0
2.82796 17.9029 0
2.83871 18.0908 0
2.84946 18.2846 0
2.86021 18.4847 0
2.87097 18.6916 0
2.88172 18.9055 0
2.89247 19.1274 0
2.90323 19.3577 0
2.91398 19.5972 0
2.92473 19.8467 0
2.93548 20.107 0
2.94624 20.3792 0
2.95699 20.6642 0
2.96774 20.9633 0
2.97849 21.2777 0
2.98925 21.6088 0
3 21.9579 0
3.01075 22.3267 0
3.02151 22.7168 0
3.03226 23.1299 0
3.04301 23.5675 0
3.05376 24.0314 0
3.06452 24.523 0
3.07527 25.0435 0
3.08602 25.5939 0
3.09677 26.1743 0
3.10753 26.7844 0
3.11828 27.4226 0
3.12903 28.0866 0
3.13979 28.7726 0
3.15054 29.4755 0
3.16129 30.189 0
3.17204 30.9057 0
3.1828 31.6178 0
3.19355 32.3168 0
3.2043 32.9947 0
3.21505 33.6439 0
3.22581 34.2581 0
3.23656 34.8324 0
3.24731 35.3639 0
3.25806 35.8505 0
3.26882 36.292 0
3.27957 36.6892 0
3.29032 37.0437 0
3.30107 37.3585 0
3.31183 37.6361 0
3.32258 37.8799 0
3.33333 38.0928 0
3.34409 38.2779 0
3.35484 38.4377 0
3.36559 38.575 0
3.37634 38.6921 0
3.3871 38.7911 0
3.39785 38.8739 0
3.4086 38.9417 0
3.41935 38.9959 0
3.43011 39.038 0
3.44086 39.0686 0
3.45161 39.0886 0
3.46237 39.0989 0
3.47312 39.1 0
3.48387 39.0926 0
3.49462 39.0771 0
3.50538 39.0541 0
3.51613 39.0238 0
3.52688 38.9866 0
3.53763 38.943 0
3.54839 38.8931 0
3.55914 38.8373 0
3.56989 38.7757 0
3.58065 38.7084 0
3.5914 38.6355 0
3.60215 38.5576 0
3.6129 38.4745 0
3.62366 38.3864 0
3.63441 38.2933 0
3.64516 38.1954 0
3.65591 38.0931 0
3.66667 37.9863 0
3.67742 37.8751 0
3.68817 37.7599 0
3.69893 37.6403 0
3.70968 37.5168 0
3.72043 37.3895 0
3.73118 37.2582 0
3.74194 37.1232 0
3.75269 36.9843 0
3.76344 36.842 0
3.77419 36.6962 0
3.78495 36.547 0
3.7957 36.3945 0
3.80645 36.2387 0
3.8172 36.0802 0
3.82796 35.9186 0
3.83871 35.7542 0
3.84946 35.5872 0
3.86021 35.4174 0
3.87097 35.2452 0
3.88172 35.0704 0
3.89247 34.8931 0
3.90323 34.7131 0
3.91398 34.5307 0
3.92473 34.3456 0
3.93548 34.1579 0
3.94624 33.9674 0
3.95699 33.7744 0
3.96774 33.5788 0
3.97849 33.3807 0
3.98925 33.18 0
4 32.977 0
4.01075 32.7715 0
4.02151 32.5639 0
4.03226 32.3539 0
4.04301 32.1419 0
4.05376 31.9276 0
4.06452 31.7113 0
4.07527 31.4928 0
4.08602 31.2722 0
4.09677 31.0496 0
4.10753 30.8248 0
4.11828 30.5979 0
4.12903 30.369 0
4.13979 30.138 0
4.15054 29.9051 0
4.16129 29.67 0
4.17204 29.433 0
4.1828 29.1939 0
4.19355 28.953 0
4.2043 28.7101 0
4.21505 28.4652 0
4.22581 28.2184 0
4.23656 27.9698 0
4.24731 27.7195 0
4.25806 27.4675 0
4.26882 27.2138 0
4.27957 26.9586 0
4.29032 26.7019 0
4.30107 26.4439 0
4.31183 26.1843 0
4.32258 25.9235 0
4.33333 25.6612 0
4.34409 25.3976 0
4.35484 25.1327 0
4.36559 24.8664 0
4.37634 24.5988 0
4.3871 24.3299 0
4.39785 24.0598 0
4.4086 23.7882 0
4.41935 23.5153 0
4.43011 23.241 0
4.44086 22.9654 0
4.45161 22.6882 0
4.46237 22.4095 0
4.47312 22.1294 0
4.48387 21.8476 0
4.49462 21.5642 0
4.50538 21.2792 0
4.51613 20.9927 0
4.52688 20.7045 0
4.53763 20.4148 0
4.54839 20.1234 0
4.55914 19.8304 0
4.56989 19.536 0
4.58065 19.24 0
4.5914 18.9425 0
4.60215 18.6437 0
4.6129 18.3435 0
4.62366 18.042 0
4.63441 17.7393 0
4.64516 17.4355 0
4.65591 17.1304 0
4.66667 16.8242 0
4.67742 16.5169 0
4.68817 16.2084 0
4.69892 15.8989 0
4.70968 15.5879 0
4.72043 15.2759 0
4.73118 14.9625 0
4.74194 14.6479 0
4.75269 14.3318 0
4.76344 14.0145 0
4.77419 13.6958 0
4.78495 13.3757 0
4.7957 13.0543 0
4.80645 12.7316 0
4.8172 12.4075 0
4.82796 12.0821 0
4.83871 11.7553 0
4.84946 11.4273 0
4.86022 11.0978 0
4.87097 10.7671 0
4.88172 10.4349 0
4.89247 10.1015 0
4.90323 9.76661 0
4.91398 9.43048 0
4.92473 9.09295 0
4.93548 8.75417 0
4.94624 8.41412 0
4.95699 8.07294 0
4.96774 7.73061 0
4.97849 7.38731 0
4.98925 7.04319 0
5 6.69844 0
5.01075 6.35335 0
5.02151 6.00825 0
5.03226 5.66369 0
5.04301 5.32008 0
5.05376 4.97817 0
5.06452 4.63872 0
5.07527 4.30277 0
5.08602 3.97141 0
5.09677 3.64595 0
5.10753 3.32786 0
5.11828 3.01872 0
5.12903 2.72026 0
5.13978 2.43427 0
5.15054 2.16256 0
5.16129 1.90676 0
5.17204 1.66838 0
5.1828 1.44862 0
5.19355 1.24832 0
5.2043 1.06779 0
5.21505 0.906985 0
5.22581 0.76532 0
5.23656 0.641884 0
5.24731 0.535428 0
5.25806 0.444438 0
5.26882 0.367337 0
5.27957 0.302496 0
5.29032 0.248319 0
5.30107 0.203332 0
5.31183 0.166147 0
5.32258 0.135522 0
5.33333 0.11042 0
5.34409 0.0898757 0
5.35484 0.0731126 0
5.36559 0.0594537 0
5.37634 0.0483422 0
5.3871 0.0393244 0
5.39785 0.0320235 0
5.4086 0.0260916 0
5.41935 0.0212836 0
5.43011 0.0173934 0
5.44086 0.0142399 0
5.45161 0.0116916 0
5.46237 0.00962384 0
5.47312 0.00794678 0
5.48387 0.00658922 0
5.49462 0.00549159 0
5.50538 0.00459342 0
5.51613 0.00386664 0
5.52688 0.00328552 0
5.53763 0.00280479 0
5.54839 0.00241556 0
5.55914 0.00209825 0
5.56989 0.00183777 0
5.58064 0.00162906 0
5.5914 0.00145434 0
5.60215 0.00131375 0
5.6129 0.00119615 0
5.62366 0.00109884 0
5.63441 0.00101651 0
5.64516 0.000950693 0
5.65591 0.000890024 0
5.66667 0.000842926 0
5.67742 0.000803242 0
5.68817 0.00076582 0
5.69892 0.000737293 0
5.70968 0.000711142 0
5.72043 0.000690005 0
5.73118 0.000669273 0
5.74194 0.000651416 0
5.75269 0.000636178 0
5.76344 0.000621374 0
5.77419 0.000606925 0
5.78495 0.000594741 0
5.7957 0.000583463 0
5.80645 0.000571968 0
5.8172 0.000562434 0
5.82796 0.00055244 0
5.83871 0.000543395 0
5.84946 0.000534839 0
5.86022 0.000526057 0
5.87097 0.000518351 0
5.88172 0.00051062 0
5.89247 0.000503551 0
5.90323 0.000496752 0
5.91398 0.000489899 0
5.92473 0.000483352 0
5.93548 0.000477005 0
5.94624 0.000470878 0
5.95699 0.000464901 0
5.96774 0.000459073 0
5.97849 0.000453335 0
5.98925 0.000447767 0
6 0.000442334 0
6.01075 0.000437021 0
6.0215 0.000431669 0
6.03226 0.000426428 0
6.04301 0.000421465 0
6.05376 0.000416483 0
6.06452 0.000411716 0
6.07527 0.000407059 0
6.08602 0.000402497 0
6.09677 0.000398026 0
6.10753 0.000393648 0
6.11828 0.000389355 0
6.12903 0.000385139 0
6.13978 0.000381004 0
6.15054 0.000376943 0
6.16129 0.000372955 0
6.17204 0.000369037 0
6.1828 0.000365188 0
6.19355 0.000361403 0
6.2043 0.000357683 0
6.21505 0.000354027 0
6.22581 0.000350432 0
6.23656 0.000346898 0
6.24731 0.000343421 0
6.25806 0.000340003 0
6.26882 0.00033664 0
6.27957 0.00033333 0
6.29032 0.000330072 0
6.30108 0.000326865 0
6.31183 0.000323708 0
6.32258 0.000320596 0
6.33333 0.000317532 0
6.34409 0.000314512 0
6.35484 0.000311538 0
6.36559 0.000308606 0
6.37634 0.000305719 0
6.3871 0.000302875 0
6.39785 0.000300078 0
6.4086 0.000297325 0
6.41935 0.000294616 0
6.43011 0.000291953 0
6.44086 0.000289335 0
6.45161 0.00028676 0
6.46237 0.000284229 0
6.47312 0.000281739 0
6.48387 0.000279287 0
6.49462 0.000276872 0
6.50538 0.000274491 0
6.51613 0.000272145 0
6.52688 0.000269829 0
6.53763 0.000267544 0
6.54839 0.000265286 0
6.55914 0.000263057 0
6.56989 0.000260856 0
6.58065 0.000258682 0
6.5914 0.000256537 0
6.60215 0.000254419 0
6.6129 0.000252328 0
6.62366 0.000250264 0
6.63441 0.000248228 0
6.64516 0.000246217 0
6.65591 0.000244231 0
6.66667 0.00024227 0
6.67742 0.000240332 0
6.68817 0.000238415 0
6.69893 0.000236518 0
6.70968 0.000234639 0
6.72043 0.000232778 0
6.73118 0.000230933 0
6.74194 0.000229104 0
6.75269 0.000227286 0
6.76344 0.000225483 0
6.77419 0.000223693 0
6.78495 0.000221915 0
6.7957 0.00022015 0
6.80645 0.000218398 0
6.8172 0.000216662 0
6.82796 0.00021494 0
6.83871 0.000213234 0
6.84946 0.000211544 0
6.86021 0.000209872 0
6.87097 0.00020822 0
6.88172 0.000206588 0
6.89247 0.000204979 0
6.90323 0.000203395 0
6.91398 0.000201837 0
6.92473 0.000200308 0
6.93548 0.000198809 0
6.94624 0.00019734 0
6.95699 0.000195902 0
6.96774 0.000194495 0
6.97849 0.000193117 0
6.98925 0.000191768 0
7 0.000190443 0
