-3 -2.01399e-07 0
-2.9912 -2.34068e-07 0
-2.9824 -2.70946e-07 0
-2.97361 -3.12227e-07 0
-2.96481 -3.58017e-07 0
-2.95601 -4.08307e-07 0
-2.94721 -4.62958e-07 0
-2.93842 -5.21688e-07 0
-2.92962 -5.84082e-07 0
-2.92082 -6.49611e-07 0
-2.91202 -7.17667e-07 0
-2.90323 -7.876e-07 0
-2.89443 -8.58771e-07 0
-2.88563 -9.30584e-07 0
-2.87683 -1.00253e-06 0
-2.86804 -1.07421e-06 0
-2.85924 -1.14531e-06 0
-2.85044 -1.21565e-06 0
-2.84164 -1.28514e-06 0
-2.83284 -1.35382e-06 0
-2.82405 -1.42179e-06 0
-2.81525 -1.48927e-06 0
-2.80645 -1.55658e-06 0
-2.79765 -1.62413e-06 0
-2.78886 -1.69245e-06 0
-2.78006 -1.76213e-06 0
-2.77126 -1.83384e-06 0
-2.76246 -1.90829e-06 0
-2.75367 -1.98621e-06 0
-2.74487 -2.06832e-06 0
-2.73607 -2.1553e-06 0
-2.72727 -2.2478e-06 0
-2.71848 -2.34635e-06 0
-2.70968 -2.45144e-06 0
-2.70088 -2.56346e-06 0
-2.69208 -2.68273e-06 0
-2.68328 -2.80947e-06 0
-2.67449 -2.9439e-06 0
-2.66569 -3.08617e-06 0
-2.65689 -3.23644e-06 0
-2.64809 -3.39487e-06 0
-2.6393 -3.56166e-06 0
-2.6305 -3.73709e-06 0
-2.6217 -3.92147e-06 0
-2.6129 -4.11522e-06 0
-2.60411 -4.31884e-06 0
-2.59531 -4.53286e-06 0
-2.58651 -4.75788e-06 0
-2.57771 -4.99451e-06 0
-2.56891 -5.24332e-06 0
-2.56012 -5.5048e-06 0
-2.55132 -5.77935e-06 0
-2.54252 -6.06716e-06 0
-2.53372 -6.36827e-06 0
-2.52493 -6.68248e-06 0
-2.51613 -7.00932e-06 0
-2.50733 -7.34816e-06 0
-2.49853 -7.69802e-06 0
-2.48974 -8.05774e-06 0
-2.48094 -8.42587e-06 0
-2.47214 -8.80075e-06 0
-2.46334 -9.18052e-06 0
-2.45455 -9.56301e-06 0
-2.44575 -9.94591e-06 0
-2.43695 -1.03265e-05 0
-2.42815 -1.0702e-05 0
-2.41935 -1.10691e-05 0
-2.41056 -1.1424e-05 0
-2.40176 -1.17625e-05 0
-2.39296 -1.20797e-05 0
-2.38416 -1.23698e-05 0
-2.37537 -1.26261e-05 0
-2.36657 -1.28406e-05 0
-2.35777 -1.30037e-05 0
-2.34897 -1.31039e-05 0
-2.34018 -1.31274e-05 0
-2.33138 -1.30575e-05 0
-2.32258 -1.28742e-05 0
-2.31378 -1.2553e-05 0
-2.30499 -1.20647e-05 0
-2.29619 -1.13736e-05 0
-2.28739 -1.04371e-05 0
-2.27859 -9.20366e-06 0
-2.26979 -7.61156e-06 0
-2.261 -5.58642e-06 0
-2.2522 -3.03937e-06 0
-2.2434 1.36407e-07 0
-2.2346 4.06837e-06 0
-2.22581 8.90889e-06 0
-2.21701 1.48402e-05 0
-2.20821 2.20792e-05 0
-2.19941 3.08846e-05 0
-2.19062 4.1563e-05 0
-2.18182 5.44788e-05 0
-2.17302 7.00621e-05 0
-2.16422 8.88195e-05 0
-2.15543 0.000111347 0
-2.14663 0.000138337 0
-2.13783 0.000170599 0
-2.12903 0.00020906 0
-2.12023 0.000254784 0
-2.11144 0.000308974 0
-2.10264 0.000372967 0
-2.09384 0.000448245 0
-2.08504 0.000536399 0
-2.07625 0.000639123 0
-2.06745 0.000758143 0
-2.05865 0.000895201 0
-2.04985 0.00105195 0
-2.04106 0.00122992 0
-2.03226 0.00143041 0
-2.02346 0.00165446 0
-2.01466 0.00190279 0
-2.00587 0.00217579 0
-1.99707 0.00247355 0
-1.98827 0.00279586 0
-1.97947 0.0031423 0
-1.97067 0.00351228 0
-1.96188 0.00390506 0
-1.95308 0.00431989 0
-1.94428 0.00475589 0
-1.93548 0.00521222 0
-1.92669 0.00568798 0
-1.91789 0.00618228 0
-1.90909 0.00669428 0
-1.90029 0.00722308 0
-1.8915 0.00776789 0
-1.8827 0.00832783 0
-1.8739 0.00890211 0
-1.8651 0.00948988 0
-1.85631 0.0100903 0
-1.84751 0.0107027 0
-1.83871 0.0113263 0
-1.82991 0.0119606 0
-1.82111 0.0126054 0
-1.81232 0.0132609 0
-1.80352 0.0139277 0
-1.79472 0.0146066 0
-1.78592 0.0152989 0
-1.77713 0.0160061 0
-1.76833 0.0167296 0
-1.75953 0.017471 0
-1.75073 0.0182313 0
-1.74194 0.0190111 0
-1.73314 0.0198107 0
-1.72434 0.0206296 0
-1.71554 0.021467 0
-1.70674 0.0223213 0
-1.69795 0.0231909 0
-1.68915 0.024074 0
-1.68035 0.0249688 0
-1.67155 0.0258738 0
-1.66276 0.026788 0
-1.65396 0.0277111 0
-1.64516 0.0286433 0
-1.63636 0.0295855 0
-1.62757 0.0305392 0
-1.61877 0.0315063 0
-1.60997 0.0324886 0
-1.60117 0.0334883 0
-1.59238 0.0345074 0
-1.58358 0.0355479 0
-1.57478 0.0366118 0
-1.56598 0.0377012 0
-1.55718 0.0388181 0
-1.54839 0.0399648 0
-1.53959 0.0411441 0
-1.53079 0.0423586 0
-1.52199 0.0436112 0
-1.5132 0.0449041 0
-1.5044 0.0462396 0
-1.4956 0.047619 0
-1.4868 0.0490431 0
-1.47801 0.0505119 0
-1.46921 0.052025 0
-1.46041 0.053582 0
-1.45161 0.0551824 0
-1.44282 0.0568274 0
-1.43402 0.0585183 0
-1.42522 0.0602588 0
-1.41642 0.062054 0
-1.40762 0.0639108 0
-1.39883 0.0658379 0
-1.39003 0.0678454 0
-1.38123 0.0699454 0
-1.37243 0.0721511 0
-1.36364 0.0744774 0
-1.35484 0.0769408 0
-1.34604 0.0795602 0
-1.33724 0.0823561 0
-1.32845 0.0853512 0
-1.31965 0.0885708 0
-1.31085 0.092043 0
-1.30205 0.0957976 0
-1.29326 0.0998679 0
-1.28446 0.10429 0
-1.27566 0.109101 0
-1.26686 0.114344 0
-1.25806 0.120062 0
-1.24927 0.126305 0
-1.24047 0.133126 0
-1.23167 0.140582 0
-1.22287 0.148737 0
-1.21408 0.15766 0
-1.20528 0.167429 0
-1.19648 0.178129 0
-1.18768 0.189852 0
-1.17889 0.202699 0
-1.17009 0.216779 0
-1.16129 0.232209 0
-1.15249 0.249106 0
-1.1437 0.26759 0
-1.1349 0.287779 0
-1.1261 0.309774 0
-1.1173 0.333662 0
-1.1085 0.359497 0
-1.09971 0.387297 0
-1.09091 0.417022 0
-1.08211 0.448568 0
-1.07331 0.481761 0
-1.06452 0.516335 0
-1.05572 0.55194 0
-1.04692 0.588144 0
-1.03812 0.624442 0
-1.02933 0.660272 0
-1.02053 0.695043 0
-1.01173 0.728173 0
-1.00293 0.759116 0
-0.994135 0.787396 0
-0.985337 0.812639 0
-0.97654 0.834587 0
-0.967742 0.853104 0
-0.958944 0.868177 0
-0.950147 0.879904 0
-0.941349 0.888473 0
-0.932551 0.894142 0
-0.923754 0.897211 0
-0.914956 0.898006 0
-0.906158 0.89686 0
-0.897361 0.894092 0
-0.888563 0.890003 0
-0.879765 0.884868 0
-0.870968 0.878928 0
-0.86217 0.872392 0
-0.853373 0.865436 0
-0.844575 0.858209 0
-0.835777 0.850831 0
-0.826979 0.843402 0
-0.818182 0.835997 0
-0.809384 0.828681 0
-0.800587 0.821502 0
-0.791789 0.814497 0
-0.782991 0.807697 0
-0.774194 0.801122 0
-0.765396 0.794789 0
-0.756598 0.788705 0
-0.747801 0.782874 0
-0.739003 0.777294 0
-0.730205 0.771963 0
-0.721408 0.766867 0
-0.71261 0.761996 0
-0.703812 0.757337 0
-0.695015 0.752869 0
-0.686217 0.748579 0
-0.677419 0.744449 0
-0.668622 0.740462 0
-0.659824 0.736603 0
-0.651026 0.73286 0
-0.642229 0.729224 0
-0.633431 0.725687 0
-0.624633 0.722248 0
-0.615836 0.718907 0
-0.607038 0.715667 0
-0.59824 0.712531 0
-0.589443 0.709508 0
-0.580645 0.706601 0
-0.571848 0.703819 0
-0.56305 0.701168 0
-0.554252 0.698649 0
-0.545455 0.696267 0
-0.536657 0.694021 0
-0.527859 0.691914 0
-0.519062 0.689943 0
-0.510264 0.688111 0
-0.501466 0.686418 0
-0.492669 0.684865 0
-0.483871 0.683452 0
-0.475073 0.68218 0
-0.466276 0.681049 0
-0.457478 0.680057 0
-0.44868 0.679199 0
-0.439883 0.67847 0
-0.431085 0.67786 0
-0.422287 0.677359 0
-0.41349 0.676955 0
-0.404692 0.67664 0
-0.395894 0.676399 0
-0.387097 0.676227 0
-0.378299 0.676116 0
-0.369501 0.676063 0
-0.360704 0.676068 0
-0.351906 0.676133 0
-0.343109 0.676262 0
-0.334311 0.676461 0
-0.325513 0.676735 0
-0.316716 0.67709 0
-0.307918 0.67753 0
-0.29912 0.678052 0
-0.290323 0.678656 0
-0.281525 0.679334 0
-0.272727 0.680077 0
-0.26393 0.680871 0
-0.255132 0.681695 0
-0.246334 0.68253 0
-0.237537 0.683348 0
-0.228739 0.684121 0
-0.219941 0.684812 0
-0.211144 0.685384 0
-0.202346 0.685786 0
-0.193548 0.685964 0
-0.184751 0.685851 0
-0.175953 0.685371 0
-0.167155 0.684435 0
-0.158358 0.682941 0
-0.14956 0.680768 0
-0.140763 0.677784 0
-0.131965 0.673838 0
-0.123167 0.668766 0
-0.11437 0.662389 0
-0.105572 0.654517 0
-0.0967743 0.644958 0
-0.0879765 0.63352 0
-0.079179 0.620025 0
-0.0703813 0.60432 0
-0.0615837 0.586294 0
-0.052786 0.565887 0
-0.0439882 0.543113 0
-0.0351907 0.518064 0
-0.0263929 0.490918 0
-0.0175954 0.461942 0
-0.00879768 0.43148 0
-1.72853e-07 0.399943 0
0.0087976 0.367778 0
0.0175954 0.335453 0
0.0263929 0.303425 0
0.0351906 0.272114 0
0.0439881 0.241891 0
0.0527859 0.213056 0
0.0615834 0.185839 0
0.0703812 0.160398 0
0.0791789 0.136821 0
0.0879764 0.115136 0
0.0967742 0.0953228 0
0.105572 0.0773225 0
0.114369 0.061045 0
0.123167 0.046384 0
0.131965 0.0332193 0
0.140763 0.0214265 0
0.14956 0.0108811 0
0.158358 0.00146042 0
0.167155 -0.00695128 0
0.175953 -0.0144653 0
0.184751 -0.0211821 0
0.193548 -0.0271957 0
0.202346 -0.0325904 0
0.211144 -0.0374414 0
0.219941 -0.0418163 0
0.228739 -0.0457739 0
0.237537 -0.0493657 0
0.246334 -0.0526359 0
0.255132 -0.0556232 0
0.26393 -0.0583613 0
0.272727 -0.0608792 0
0.281525 -0.0632018 0
0.290322 -0.0653513 0
0.29912 -0.0673464 0
0.307918 -0.0692037 0
0.316715 -0.0709358 0
0.325513 -0.0725531 0
0.334311 -0.0740624 0
0.343109 -0.0754692 0
0.351906 -0.0767754 0
0.360704 -0.0779821 0
0.369501 -0.0790898 0
0.378299 -0.0800983 0
0.387097 -0.0810076 0
0.395894 -0.0818195 0
0.404692 -0.082536 0
0.41349 -0.0831611 0
0.422287 -0.0836995 0
0.431085 -0.084157 0
0.439883 -0.0845394 0
0.44868 -0.0848524 0
0.457478 -0.0851007 0
0.466276 -0.0852878 0
0.475073 -0.0854154 0
0.483871 -0.0854839 0
0.492668 -0.0854933 0
0.501466 -0.0854417 0
0.510264 -0.0853284 0
0.519062 -0.0851529 0
0.527859 -0.0849164 0
0.536657 -0.0846221 0
0.545455 -0.0842741 0
0.554252 -0.0838781 0
0.56305 -0.0834415 0
0.571848 -0.082971 0
0.580645 -0.0824735 0
0.589443 -0.081955 0
0.59824 -0.0814195 0
0.607038 -0.0808697 0
0.615836 -0.0803067 0
0.624633 -0.0797295 0
0.633431 -0.0791358 0
0.642229 -0.0785219 0
0.651026 -0.0778831 0
0.659824 -0.0772143 0
0.668622 -0.0765104 0
0.677419 -0.0757667 0
0.686217 -0.0749796 0
0.695015 -0.0741469 0
0.703812 -0.0732673 0
0.71261 -0.0723423 0
0.721407 -0.071374 0
0.730205 -0.0703662 0
0.739003 -0.0693239 0
0.747801 -0.0682526 0
0.756598 -0.0671585 0
0.765396 -0.066048 0
0.774194 -0.0649275 0
0.782991 -0.0638031 0
0.791789 -0.06268 0
0.800586 -0.061562 0
0.809384 -0.0604521 0
0.818182 -0.0593513 0
0.826979 -0.0582592 0
0.835777 -0.0571741 0
0.844575 -0.0560933 0
0.853372 -0.0550134 0
0.86217 -0.0539313 0
0.870968 -0.0528438 0
0.879765 -0.0517491 0
0.888563 -0.050646 0
0.897361 -0.0495344 0
0.906158 -0.0484155 0
0.914956 -0.0472912 0
0.923753 -0.046164 0
0.932551 -0.0450371 0
0.941349 -0.0439137 0
0.950147 -0.0427973 0
0.958944 -0.0416913 0
0.967742 -0.0405987 0
0.97654 -0.0395225 0
0.985337 -0.0384649 0
0.994135 -0.0374271 0
1.00293 -0.0364097 0
1.01173 -0.0354116 0
1.02053 -0.0344307 0
1.02933 -0.033463 0
1.03812 -0.0325033 0
1.04692 -0.0315452 0
1.05572 -0.0305814 0
1.06452 -0.0296043 0
1.07331 -0.0286064 0
1.08211 -0.0275808 0
1.09091 -0.0265216 0
1.09971 -0.0254239 0
1.1085 -0.024285 0
1.1173 -0.0231031 0
1.1261 -0.0218786 0
1.1349 -0.0206126 0
1.14369 -0.0193078 0
1.15249 -0.0179674 0
1.16129 -0.0165945 0
1.17009 -0.0151927 0
1.17889 -0.0137649 0
1.18768 -0.0123137 0
1.19648 -0.0108415 0
1.20528 -0.00935046 0
1.21408 -0.00784304 0
1.22287 -0.00632181 0
1.23167 -0.00479029 0
1.24047 -0.00325235 0
1.24927 -0.00171271 0
1.25806 -0.000176476 0
1.26686 0.00135117 0
1.27566 0.00286521 0
1.28446 0.00436144 0
1.29325 0.00583626 0
1.30205 0.00728757 0
1.31085 0.00871391 0
1.31965 0.0101151 0
1.32845 0.0114922 0
1.33724 0.0128469 0
1.34604 0.0141819 0
1.35484 0.0155001 0
1.36364 0.0168053 0
1.37243 0.0181009 0
1.38123 0.0193903 0
1.39003 0.0206759 0
1.39883 0.021959 0
1.40762 0.0232397 0
1.41642 0.0245164 0
1.42522 0.0257864 0
1.43402 0.027046 0
1.44282 0.0282907 0
1.45161 0.0295159 0
1.46041 0.0307172 0
1.46921 0.031891 0
1.47801 0.0330343 0
1.4868 0.0341454 0
1.4956 0.0352235 0
1.5044 0.036269 0
1.5132 0.0372833 0
1.52199 0.0382692 0
1.53079 0.0392299 0
1.53959 0.0401698 0
1.54839 0.0410933 0
1.55718 0.0420052 0
1.56598 0.0429089 0
1.57478 0.0438076 0
1.58358 0.0447024 0
1.59238 0.0455932 0
1.60117 0.0464782 0
1.60997 0.0473542 0
1.61877 0.0482178 0
1.62757 0.0490648 0
1.63636 0.0498918 0
1.64516 0.0506961 0
1.65396 0.0514758 0
1.66276 0.0522297 0
1.67155 0.0529578 0
1.68035 0.0536602 0
1.68915 0.054337 0
1.69795 0.054988 0
1.70675 0.0556132 0
1.71554 0.0562121 0
1.72434 0.0567843 0
1.73314 0.0573302 0
1.74194 0.0578507 0
1.75073 0.0583477 0
1.75953 0.0588243 0
1.76833 0.0592844 0
1.77713 0.0597318 0
1.78592 0.0601701 0
1.79472 0.060602 0
1.80352 0.0610287 0
1.81232 0.0614498 0
1.82111 0.0618635 0
1.82991 0.0622669 0
1.83871 0.0626564 0
1.84751 0.0630286 0
1.8563 0.0633806 0
1.8651 0.0637102 0
1.8739 0.0640165 0
1.8827 0.0642996 0
1.8915 0.0645605 0
1.90029 0.0648008 0
1.90909 0.0650234 0
1.91789 0.0652313 0
1.92669 0.0654278 0
1.93548 0.0656172 0
1.94428 0.0658028 0
1.95308 0.0659883 0
1.96188 0.0661762 0
1.97067 0.0663679 0
1.97947 0.0665641 0
1.98827 0.0667638 0
1.99707 0.0669657 0
2.00586 0.0671678 0
2.01466 0.067368 0
2.02346 0.0675647 0
2.03226 0.0677558 0
2.04106 0.0679403 0
2.04985 0.0681167 0
2.05865 0.0682837 0
2.06745 0.06844 0
2.07625 0.0685849 0
2.08504 0.0687175 0
2.09384 0.0688379 0
2.10264 0.0689473 0
2.11144 0.0690477 0
2.12023 0.069142 0
2.12903 0.0692333 0
2.13783 0.0693254 0
2.14663 0.0694208 0
2.15543 0.0695215 0
2.16422 0.0696277 0
2.17302 0.0697378 0
2.18182 0.0698488 0
2.19062 0.0699562 0
2.19941 0.0700545 0
2.20821 0.0701382 0
2.21701 0.0702021 0
2.22581 0.0702424 0
2.2346 0.0702567 0
2.2434 0.0702449 0
2.2522 0.0702091 0
2.261 0.0701526 0
2.26979 0.0700806 0
2.27859 0.0699993 0
2.28739 0.0699148 0
2.29619 0.0698334 0
2.30499 0.069761 0
2.31378 0.0697022 0
2.32258 0.0696609 0
2.33138 0.0696391 0
2.34018 0.0696372 0
2.34897 0.0696537 0
2.35777 0.0696849 0
2.36657 0.0697256 0
2.37537 0.0697691 0
2.38416 0.0698078 0
2.39296 0.0698343 0
2.40176 0.0698417 0
2.41056 0.0698249 0
2.41935 0.0697803 0
2.42815 0.069707 0
2.43695 0.0696064 0
2.44575 0.0694815 0
2.45455 0.069337 0
2.46334 0.0691781 0
2.47214 0.0690103 0
2.48094 0.0688381 0
2.48974 0.068665 0
2.49853 0.0684926 0
2.50733 0.0683214 0
2.51613 0.0681501 0
2.52493 0.0679762 0
2.53372 0.0677963 0
2.54252 0.0676067 0
2.55132 0.0674036 0
2.56012 0.0671833 0
2.56892 0.0669432 0
2.57771 0.0666816 0
2.58651 0.0663977 0
2.59531 0.0660925 0
2.60411 0.0657676 0
2.6129 0.0654264 0
2.6217 0.0650732 0
2.6305 0.0647127 0
2.6393 0.06435 0
2.64809 0.0639905 0
2.65689 0.0636382 0
2.66569 0.0632962 0
2.67449 0.062966 0
2.68328 0.0626472 0
2.69208 0.0623374 0
2.70088 0.0620329 0
2.70968 0.0617286 0
2.71847 0.0614186 0
2.72727 0.0610972 0
2.73607 0.0607594 0
2.74487 0.0604009 0
2.75367 0.0600193 0
2.76246 0.0596138 0
2.77126 0.0591852 0
2.78006 0.0587363 0
2.78886 0.0582706 0
2.79765 0.057792 0
2.80645 0.0573051 0
2.81525 0.0568131 0
2.82405 0.0563187 0
2.83284 0.0558236 0
2.84164 0.0553278 0
2.85044 0.0548306 0
2.85924 0.0543304 0
2.86804 0.0538252 0
2.87683 0.0533128 0
2.88563 0.0527911 0
2.89443 0.0522578 0
2.90323 0.0517104 0
2.91202 0.0511461 0
2.92082 0.0505617 0
2.92962 0.0499536 0
2.93842 0.049318 0
2.94721 0.0486516 0
2.95601 0.0479518 0
2.96481 0.0472169 0
2.97361 0.0464468 0
2.9824 0.0456425 0
2.9912 0.0448065 0
3 0.0439418 0
3.0088 0.0430522 0
3.0176 0.0421416 0
3.02639 0.0412135 0
3.03519 0.040271 0
3.04399 0.039317 0
3.05279 0.0383536 0
3.06158 0.0373829 0
3.07038 0.0364063 0
3.07918 0.0354253 0
3.08798 0.0344409 0
3.09677 0.0334536 0
3.10557 0.0324641 0
3.11437 0.0314723 0
3.12317 0.0304774 0
3.13196 0.0294784 0
3.14076 0.0284737 0
3.14956 0.027461 0
3.15836 0.0264376 0
3.16716 0.0254005 0
3.17595 0.0243466 0
3.18475 0.0232726 0
3.19355 0.0221752 0
3.20235 0.0210513 0
3.21114 0.019898 0
3.21994 0.0187127 0
3.22874 0.0174935 0
3.23754 0.0162391 0
3.24633 0.0149489 0
3.25513 0.0136236 0
3.26393 0.0122653 0
3.27273 0.010878 0
3.28153 0.00946703 0
3.29032 0.00804011 0
3.29912 0.00660627 0
3.30792 0.00517573 0
3.31672 0.00375895 0
3.32551 0.00236653 0
3.33431 0.00100771 0
3.34311 -0.000309839 0
3.35191 -0.00158018 0
3.3607 -0.00279966 0
3.3695 -0.00396641 0
3.3783 -0.00508018 0
3.3871 -0.00614151 0
3.39589 -0.00715192 0
3.40469 -0.00811287 0
3.41349 -0.00902568 0
3.42229 -0.00989119 0
3.43108 -0.0107101 0
3.43988 -0.0114827 0
3.44868 -0.0122092 0
3.45748 -0.0128907 0
3.46628 -0.0135285 0
3.47507 -0.0141251 0
3.48387 -0.0146842 0
3.49267 -0.0152104 0
3.50147 -0.0157094 0
3.51026 -0.0161866 0
3.51906 -0.0166478 0
3.52786 -0.0170982 0
3.53666 -0.0175415 0
3.54545 -0.0179803 0
3.55425 -0.0184154 0
3.56305 -0.018846 0
3.57185 -0.0192694 0
3.58064 -0.0196818 0
3.58944 -0.0200786 0
3.59824 -0.0204548 0
3.60704 -0.0208058 0
3.61584 -0.0211276 0
3.62463 -0.0214181 0
3.63343 -0.0216762 0
3.64223 -0.0219028 0
3.65103 -0.0221001 0
3.65982 -0.0222714 0
3.66862 -0.0224207 0
3.67742 -0.022552 0
3.68622 -0.0226693 0
3.69501 -0.0227758 0
3.70381 -0.0228745 0
3.71261 -0.0229675 0
3.72141 -0.0230565 0
3.73021 -0.0231428 0
3.739 -0.0232275 0
3.7478 -0.0233113 0
3.7566 -0.023395 0
3.7654 -0.0234791 0
3.77419 -0.0235641 0
3.78299 -0.0236503 0
3.79179 -0.0237379 0
3.80059 -0.023827 0
3.80938 -0.0239175 0
3.81818 -0.0240092 0
3.82698 -0.0241014 0
3.83578 -0.0241934 0
3.84457 -0.0242843 0
3.85337 -0.0243729 0
3.86217 -0.0244587 0
3.87097 -0.024541 0
3.87977 -0.0246201 0
3.88856 -0.0246966 0
3.89736 -0.0247723 0
3.90616 -0.0248491 0
3.91496 -0.0249297 0
3.92375 -0.0250163 0
3.93255 -0.025111 0
3.94135 -0.0252147 0
3.95015 -0.0253275 0
3.95894 -0.0254482 0
3.96774 -0.0255745 0
3.97654 -0.0257032 0
3.98534 -0.0258307 0
3.99413 -0.0259533 0
4.00293 -0.0260674 0
4.01173 -0.0261699 0
4.02053 -0.0262581 0
4.02933 -0.0263301 0
4.03812 -0.0263845 0
4.04692 -0.0264206 0
4.05572 -0.0264383 0
4.06452 -0.026438 0
4.07331 -0.0264212 0
4.08211 -0.02639 0
4.09091 -0.0263473 0
4.09971 -0.0262964 0
4.1085 -0.0262407 0
4.1173 -0.0261835 0
4.1261 -0.0261274 0
4.1349 -0.0260741 0
4.1437 -0.0260243 0
4.15249 -0.0259775 0
4.16129 -0.0259326 0
4.17009 -0.0258874 0
4.17889 -0.0258399 0
4.18768 -0.0257877 0
4.19648 -0.0257289 0
4.20528 -0.025662 0
4.21408 -0.0255859 0
4.22287 -0.0255001 0
4.23167 -0.0254046 0
4.24047 -0.0252997 0
4.24927 -0.0251858 0
4.25806 -0.025063 0
4.26686 -0.0249314 0
4.27566 -0.0247907 0
4.28446 -0.0246403 0
4.29325 -0.0244793 0
4.30205 -0.0243071 0
4.31085 -0.0241235 0
4.31965 -0.0239288 0
4.32845 -0.0237242 0
4.33724 -0.0235119 0
4.34604 -0.023295 0
4.35484 -0.0230774 0
4.36364 -0.0228633 0
4.37243 -0.0226571 0
4.38123 -0.0224627 0
4.39003 -0.0222835 0
4.39883 -0.0221216 0
4.40762 -0.0219777 0
4.41642 -0.021851 0
4.42522 -0.0217395 0
4.43402 -0.0216398 0
4.44281 -0.0215477 0
4.45161 -0.0214586 0
4.46041 -0.0213681 0
4.46921 -0.021272 0
4.47801 -0.0211671 0
4.4868 -0.0210506 0
4.4956 -0.020921 0
4.5044 -0.0207773 0
4.5132 -0.0206191 0
4.52199 -0.0204469 0
4.53079 -0.0202613 0
4.53959 -0.0200636 0
4.54839 -0.0198554 0
4.55718 -0.0196389 0
4.56598 -0.0194166 0
4.57478 -0.0191916 0
4.58358 -0.0189671 0
4.59238 -0.0187465 0
4.60117 -0.0185324 0
4.60997 -0.0183271 0
4.61877 -0.018132 0
4.62757 -0.0179471 0
4.63636 -0.0177714 0
4.64516 -0.0176032 0
4.65396 -0.0174396 0
4.66276 -0.0172777 0
4.67155 -0.0171141 0
4.68035 -0.0169459 0
4.68915 -0.0167702 0
4.69795 -0.016585 0
4.70674 -0.0163887 0
4.71554 -0.0161807 0
4.72434 -0.0159609 0
4.73314 -0.0157303 0
4.74194 -0.0154907 0
4.75073 -0.0152443 0
4.75953 -0.014994 0
4.76833 -0.014743 0
4.77713 -0.0144948 0
4.78592 -0.0142526 0
4.79472 -0.0140195 0
4.80352 -0.0137981 0
4.81232 -0.0135902 0
4.82111 -0.0133971 0
4.82991 -0.0132188 0
4.83871 -0.0130547 0
4.84751 -0.0129032 0
4.85631 -0.0127618 0
4.8651 -0.0126276 0
4.8739 -0.0124972 0
4.8827 -0.0123668 0
4.8915 -0.0122327 0
4.90029 -0.0120909 0
4.90909 -0.0119377 0
4.91789 -0.0117699 0
4.92669 -0.0115848 0
4.93548 -0.0113804 0
4.94428 -0.0111559 0
4.95308 -0.0109113 0
4.96188 -0.0106482 0
4.97067 -0.0103688 0
4.97947 -0.0100765 0
4.98827 -0.00977512 0
4.99707 -0.00946859 0
5.00586 -0.00916061 0
5.01466 -0.00885438 0
5.02346 -0.00855238 0
5.03226 -0.00825621 0
5.04106 -0.00796675 0
5.04985 -0.00768425 0
5.05865 -0.00740849 0
5.06745 -0.00713888 0
5.07625 -0.00687463 0
5.08504 -0.00661495 0
5.09384 -0.00635891 0
5.10264 -0.00610563 0
5.11144 -0.00585419 0
5.12023 -0.00560379 0
5.12903 -0.00535357 0
5.13783 -0.00510291 0
5.14663 -0.00485142 0
5.15543 -0.00459887 0
5.16422 -0.00434533 0
5.17302 -0.00409126 0
5.18182 -0.00383739 0
5.19062 -0.00358475 0
5.19941 -0.00333453 0
5.20821 -0.00308822 0
5.21701 -0.00284725 0
5.22581 -0.00261312 0
5.2346 -0.00238718 0
5.2434 -0.00217073 0
5.2522 -0.00196477 0
5.261 -0.00177013 0
5.26979 -0.00158748 0
5.27859 -0.00141715 0
5.28739 -0.00125929 0
5.29619 -0.00111387 0
5.30499 -0.000980682 0
5.31378 -0.000859379 0
5.32258 -0.000749523 0
5.33138 -0.000650542 0
5.34018 -0.000561836 0
5.34897 -0.000482738 0
5.35777 -0.000412565 0
5.36657 -0.000350602 0
5.37537 -0.000296117 0
5.38416 -0.00024846 0
5.39296 -0.000206901 0
5.40176 -0.000170824 0
5.41056 -0.000139557 0
5.41935 -0.000112595 0
5.42815 -8.93576e-05 0
5.43695 -6.93817e-05 0
5.44575 -5.22398e-05 0
5.45455 -3.75554e-05 0
5.46334 -2.49927e-05 0
5.47214 -1.4217e-05 0
5.48094 -5.00783e-06 0
5.48974 2.86793e-06 0
5.49853 9.62357e-06 0
5.50733 1.53979e-05 0
5.51613 2.03498e-05 0
5.52493 2.4594e-05 0
5.53372 2.82712e-05 0
5.54252 3.14238e-05 0
5.55132 3.41543e-05 0
5.56012 3.65072e-05 0
5.56891 3.85718e-05 0
5.57771 4.03647e-05 0
5.58651 4.19381e-05 0
5.59531 4.3302e-05 0
5.60411 4.45274e-05 0
5.6129 4.55934e-05 0
5.6217 4.65433e-05 0
5.6305 4.73937e-05 0
5.6393 4.81527e-05 0
5.64809 4.88352e-05 0
5.65689 4.94465e-05 0
5.66569 5.00202e-05 0
5.67449 5.05107e-05 0
5.68328 5.09782e-05 0
5.69208 5.16052e-05 0
5.70088 5.19889e-05 0
5.70968 5.23384e-05 0
5.71848 5.26609e-05 0
5.72727 5.29521e-05 0
5.73607 5.3426e-05 0
5.74487 5.36625e-05 0
5.75367 5.38837e-05 0
5.76246 5.42853e-05 0
5.77126 5.4462e-05 0
5.78006 5.48184e-05 0
5.78886 5.51491e-05 0
5.79765 5.54655e-05 0
5.80645 5.57612e-05 0
5.81525 5.60289e-05 0
5.82405 5.62738e-05 0
5.83284 5.64988e-05 0
5.84164 5.69077e-05 0
5.85044 5.72898e-05 0
5.85924 5.745e-05 0
5.86803 5.77973e-05 0
5.87683 5.83282e-05 0
5.88563 5.86457e-05 0
5.89443 5.89481e-05 0
5.90323 5.92454e-05 0
5.91202 5.97348e-05 0
5.92082 6.00301e-05 0
5.92962 6.0314e-05 0
5.93842 6.06081e-05 0
5.94721 6.09015e-05 0
5.95601 6.12075e-05 0
5.96481 6.15178e-05 0
5.97361 6.18358e-05 0
5.98241 6.19575e-05 0
5.9912 6.2091e-05 0
6 6.22333e-05 0
