-3 -1.14525e-07 0
-2.9912 -1.3607e-07 0
-2.9824 -1.61558e-07 0
-2.97361 -1.91669e-07 0
-2.96481 -2.2718e-07 0
-2.95601 -2.68976e-07 0
-2.94721 -3.18048e-07 0
-2.93842 -3.7551e-07 0
-2.92962 -4.4257e-07 0
-2.92082 -5.20548e-07 0
-2.91202 -6.10815e-07 0
-2.90323 -7.14799e-07 0
-2.89443 -8.33888e-07 0
-2.88563 -9.6941e-07 0
-2.87683 -1.12249e-06 0
-2.86804 -1.29404e-06 0
-2.85924 -1.48455e-06 0
-2.85044 -1.69405e-06 0
-2.84164 -1.92209e-06 0
-2.83284 -2.16756e-06 0
-2.82405 -2.42882e-06 0
-2.81525 -2.70367e-06 0
-2.80645 -2.9895e-06 0
-2.79765 -3.28344e-06 0
-2.78886 -3.58254e-06 0
-2.78006 -3.88392e-06 0
-2.77126 -4.18498e-06 0
-2.76246 -4.48352e-06 0
-2.75367 -4.77778e-06 0
-2.74487 -5.06654e-06 0
-2.73607 -5.34903e-06 0
-2.72727 -5.62497e-06 0
-2.71847 -5.89442e-06 0
-2.70968 -6.15781e-06 0
-2.70088 -6.41572e-06 0
-2.69208 -6.66893e-06 0
-2.68328 -6.91827e-06 0
-2.67449 -7.16454e-06 0
-2.66569 -7.40851e-06 0
-2.65689 -7.65083e-06 0
-2.64809 -7.89197e-06 0
-2.6393 -8.13225e-06 0
-2.6305 -8.37175e-06 0
-2.6217 -8.61032e-06 0
-2.6129 -8.84752e-06 0
-2.60411 -9.08257e-06 0
-2.59531 -9.31429e-06 0
-2.58651 -9.54105e-06 0
-2.57771 -9.76063e-06 0
-2.56891 -9.97006e-06 0
-2.56012 -1.01655e-05 0
-2.55132 -1.0342e-05 0
-2.54252 -1.04935e-05 0
-2.53372 -1.06122e-05 0
-2.52493 -1.06885e-05 0
-2.51613 -1.07105e-05 0
-2.50733 -1.06638e-05 0
-2.49853 -1.05307e-05 0
-2.48974 -1.02898e-05 0
-2.48094 -9.91518e-06 0
-2.47214 -9.37533e-06 0
-2.46334 -8.63237e-06 0
-2.45455 -7.64066e-06 0
-2.44575 -6.34501e-06 0
-2.43695 -4.67899e-06 0
-2.42815 -2.56254e-06 0
-2.41935 1.00732e-07 0
-2.41056 3.42723e-06 0
-2.40176 7.55659e-06 0
-2.39296 1.26577e-05 0
-2.38416 1.89329e-05 0
-2.37537 2.66259e-05 0
-2.36657 3.60288e-05 0
-2.35777 4.74916e-05 0
-2.34897 6.14327e-05 0
-2.34018 7.83505e-05 0
-2.33138 9.88367e-05 0
-2.32258 0.00012359 0
-2.31378 0.000153432 0
-2.30499 0.000189319 0
-2.29619 0.000232354 0
-2.28739 0.000283795 0
-2.27859 0.000345054 0
-2.26979 0.000417672 0
-2.261 0.000503319 0
-2.2522 0.000603712 0
-2.2434 0.000720574 0
-2.2346 0.000855544 0
-2.22581 0.00101007 0
-2.21701 0.00118532 0
-2.20821 0.00138208 0
-2.19941 0.0016007 0
-2.19062 0.00184105 0
-2.18182 0.00210253 0
-2.17302 0.00238413 0
-2.16422 0.00268448 0
-2.15543 0.00300193 0
-2.14663 0.00333468 0
-2.13783 0.00368082 0
-2.12903 0.00403851 0
-2.12023 0.00440592 0
-2.11144 0.00478144 0
-2.10264 0.00516362 0
-2.09384 0.00555127 0
-2.08504 0.00594349 0
-2.07625 0.00633965 0
-2.06745 0.00673943 0
-2.05865 0.00714273 0
-2.04985 0.00754962 0
-2.04106 0.00796027 0
-2.03226 0.00837486 0
-2.02346 0.00879347 0
-2.01466 0.00921599 0
-2.00587 0.00964203 0
-1.99707 0.0100709 0
-1.98827 0.0105018 0
-1.97947 0.0109332 0
-1.97067 0.011364 0
-1.96188 0.0117924 0
-1.95308 0.0122171 0
-1.94428 0.0126363 0
-1.93548 0.0130486 0
-1.92669 0.013453 0
-1.91789 0.0138484 0
-1.90909 0.0142341 0
-1.90029 0.0146101 0
-1.8915 0.0149765 0
-1.8827 0.0153339 0
-1.8739 0.0156837 0
-1.8651 0.0160274 0
-1.85631 0.0163672 0
-1.84751 0.0167056 0
-1.83871 0.0170454 0
-1.82991 0.0173893 0
-1.82111 0.0177402 0
-1.81232 0.0181006 0
-1.80352 0.0184722 0
-1.79472 0.0188565 0
-1.78592 0.019254 0
-1.77713 0.0196643 0
-1.76833 0.0200861 0
-1.75953 0.0205174 0
-1.75073 0.0209551 0
-1.74194 0.021396 0
-1.73314 0.0218362 0
-1.72434 0.022272 0
-1.71554 0.0227002 0
-1.70674 0.023118 0
-1.69795 0.0235236 0
-1.68915 0.0239164 0
-1.68035 0.0242965 0
-1.67155 0.0246653 0
-1.66276 0.0250243 0
-1.65396 0.0253758 0
-1.64516 0.0257221 0
-1.63636 0.026065 0
-1.62757 0.0264062 0
-1.61877 0.0267469 0
-1.60997 0.0270873 0
-1.60117 0.0274272 0
-1.59238 0.027766 0
-1.58358 0.0281022 0
-1.57478 0.0284345 0
-1.56598 0.0287612 0
-1.55718 0.0290808 0
-1.54839 0.0293924 0
-1.53959 0.0296952 0
-1.53079 0.0299896 0
-1.52199 0.0302763 0
-1.5132 0.030557 0
-1.5044 0.0308338 0
-1.4956 0.0311091 0
-1.4868 0.0313854 0
-1.47801 0.0316645 0
-1.46921 0.0319479 0
-1.46041 0.0322362 0
-1.45161 0.0325293 0
-1.44282 0.0328264 0
-1.43402 0.0331259 0
-1.42522 0.0334261 0
-1.41642 0.0337251 0
-1.40762 0.034021 0
-1.39883 0.0343117 0
-1.39003 0.0345957 0
-1.38123 0.0348712 0
-1.37243 0.0351368 0
-1.36364 0.0353912 0
-1.35484 0.0356332 0
-1.34604 0.0358616 0
-1.33724 0.0360755 0
-1.32845 0.0362742 0
-1.31965 0.0364571 0
-1.31085 0.0366241 0
-1.30205 0.0367758 0
-1.29325 0.0369128 0
-1.28446 0.0370366 0
-1.27566 0.0371486 0
-1.26686 0.0372506 0
-1.25806 0.0373439 0
-1.24927 0.0374294 0
-1.24047 0.0375077 0
-1.23167 0.0375782 0
-1.22287 0.0376399 0
-1.21408 0.0376908 0
-1.20528 0.0377287 0
-1.19648 0.0377504 0
-1.18768 0.0377523 0
-1.17889 0.0377301 0
-1.17009 0.0376786 0
-1.16129 0.037592 0
-1.15249 0.0374631 0
-1.14369 0.037284 0
-1.1349 0.0370452 0
-1.1261 0.0367368 0
-1.1173 0.0363475 0
-1.1085 0.0358656 0
-1.09971 0.0352788 0
-1.09091 0.0345746 0
-1.08211 0.0337399 0
-1.07331 0.0327612 0
-1.06452 0.0316241 0
-1.05572 0.0303132 0
-1.04692 0.0288111 0
-1.03812 0.0270985 0
-1.02933 0.0251536 0
-1.02053 0.0229517 0
-1.01173 0.0204658 0
-1.00293 0.0176672 0
-0.994135 0.0145255 0
-0.985337 0.0110109 0
-0.976539 0.00709466 0
-0.967742 0.0027522 0
-0.958944 -0.0020365 0
-0.950147 -0.00728231 0
-0.941349 -0.0129872 0
-0.932551 -0.0191387 0
-0.923753 -0.0257105 0
-0.914956 -0.0326565 0
-0.906158 -0.0399123 0
-0.897361 -0.0473896 0
-0.888563 -0.0549777 0
-0.879765 -0.062542 0
-0.870968 -0.0699251 0
-0.86217 -0.0769499 0
-0.853372 -0.0834245 0
-0.844574 -0.0891494 0
-0.835777 -0.0939257 0
-0.826979 -0.0975675 0
-0.818182 -0.0999119 0
-0.809384 -0.100831 0
-0.800586 -0.100239 0
-0.791789 -0.0981024 0
-0.782991 -0.0944355 0
-0.774193 -0.0893035 0
-0.765396 -0.0828143 0
-0.756598 -0.0751094 0
-0.7478 -0.0663543 0
-0.739003 -0.0567267 0
-0.730205 -0.046407 0
-0.721408 -0.0355701 0
-0.71261 -0.0243779 0
-0.703812 -0.0129759 0
-0.695015 -0.00149009 0
-0.686217 0.00997385 0
-0.677419 0.0213307 0
-0.668621 0.0325129 0
-0.659824 0.0434709 0
-0.651026 0.0541701 0
-0.642229 0.0645878 0
-0.633431 0.0747119 0
-0.624633 0.0845382 0
-0.615836 0.0940689 0
-0.607038 0.103311 0
-0.59824 0.112275 0
-0.589443 0.120975 0
-0.580645 0.129427 0
-0.571847 0.13765 0
-0.56305 0.145664 0
-0.554252 0.153493 0
-0.545454 0.161162 0
-0.536657 0.168696 0
-0.527859 0.176122 0
-0.519061 0.183469 0
-0.510264 0.190763 0
-0.501466 0.198029 0
-0.492668 0.205291 0
-0.483871 0.21257 0
-0.475073 0.219881 0
-0.466276 0.227239 0
-0.457478 0.234652 0
-0.44868 0.242125 0
-0.439883 0.249659 0
-0.431085 0.257247 0
-0.422287 0.26488 0
-0.413489 0.272542 0
-0.404692 0.280215 0
-0.395894 0.287872 0
-0.387097 0.295481 0
-0.378299 0.303004 0
-0.369501 0.310391 0
-0.360704 0.317585 0
-0.351906 0.324513 0
-0.343108 0.331085 0
-0.334311 0.337194 0
-0.325513 0.342711 0
-0.316715 0.347488 0
-0.307918 0.35135 0
-0.29912 0.354106 0
-0.290323 0.355547 0
-0.281525 0.355457 0
-0.272727 0.353622 0
-0.263929 0.349843 0
-0.255132 0.343954 0
-0.246334 0.335835 0
-0.237536 0.325433 0
-0.228739 0.312772 0
-0.219941 0.297962 0
-0.211144 0.281202 0
-0.202346 0.262767 0
-0.193548 0.243001 0
-0.184751 0.222288 0
-0.175953 0.201034 0
-0.167155 0.179636 0
-0.158358 0.158464 0
-0.14956 0.13784 0
-0.140762 0.118031 0
-0.131965 0.0992387 0
-0.123167 0.0816042 0
-0.114369 0.0652103 0
-0.105572 0.0500919 0
-0.096774 0.0362406 0
-0.0879764 0.0236185 0
-0.0791788 0.0121633 0
-0.0703811 0.00180011 0
-0.0615835 -0.00755529 0
-0.0527858 -0.0159894 0
-0.0439882 -0.0235873 0
-0.0351906 -0.0304296 0
-0.0263929 -0.0365916 0
-0.017595 -0.0421413 0
-0.0087974 -0.0471397 0
2.32458e-07 -0.0516414 0
0.00879787 -0.0556956 0
0.0175955 -0.0593451 0
0.0263931 -0.0626291 0
0.0351908 -0.0655831 0
0.0439884 -0.0682387 0
0.0527861 -0.0706262 0
0.0615837 -0.0727725 0
0.0703813 -0.0747045 0
0.079179 -0.0764463 0
0.0879766 -0.0780217 0
0.0967742 -0.0794533 0
0.105572 -0.0807619 0
0.11437 -0.0819676 0
0.123167 -0.0830878 0
0.131965 -0.0841385 0
0.140763 -0.0851327 0
0.14956 -0.0860818 0
0.158358 -0.0869938 0
0.167156 -0.0878742 0
0.175953 -0.0887264 0
0.184751 -0.0895512 0
0.193549 -0.0903478 0
0.202346 -0.0911129 0
0.211144 -0.0918439 0
0.219941 -0.0925362 0
0.228739 -0.093186 0
0.237537 -0.09379 0
0.246335 -0.0943459 0
0.255132 -0.0948522 0
0.26393 -0.095309 0
0.272727 -0.0957173 0
0.281525 -0.0960782 0
0.290323 -0.0963939 0
0.29912 -0.0966663 0
0.307918 -0.0968977 0
0.316716 -0.0970909 0
0.325513 -0.0972477 0
0.334311 -0.0973706 0
0.343109 -0.0974623 0
0.351906 -0.0975252 0
0.360704 -0.0975611 0
0.369502 -0.0975716 0
0.378299 -0.0975583 0
0.387097 -0.0975215 0
0.395895 -0.0974612 0
0.404692 -0.0973775 0
0.41349 -0.0972698 0
0.422288 -0.0971376 0
0.431085 -0.0969813 0
0.439883 -0.0968019 0
0.44868 -0.0966015 0
0.457478 -0.0963831 0
0.466276 -0.0961509 0
0.475073 -0.0959099 0
0.483871 -0.0956654 0
0.492669 -0.0954218 0
0.501466 -0.0951836 0
0.510264 -0.0949532 0
0.519062 -0.0947316 0
0.527859 -0.0945191 0
0.536657 -0.0943141 0
0.545455 -0.0941143 0
0.554252 -0.0939174 0
0.56305 -0.093721 0
0.571848 -0.093523 0
0.580645 -0.0933219 0
0.589443 -0.0931165 0
0.598241 -0.0929055 0
0.607038 -0.0926876 0
0.615836 -0.0924607 0
0.624633 -0.092222 0
0.633431 -0.0919676 0
0.642229 -0.091693 0
0.651027 -0.0913933 0
0.659824 -0.091063 0
0.668622 -0.0906979 0
0.67742 -0.090294 0
0.686217 -0.0898485 0
0.695015 -0.0893601 0
0.703812 -0.0888287 0
0.71261 -0.0882556 0
0.721408 -0.0876432 0
0.730205 -0.0869946 0
0.739003 -0.0863132 0
0.747801 -0.0856027 0
0.756598 -0.0848661 0
0.765396 -0.0841062 0
0.774194 -0.0833248 0
0.782991 -0.0825228 0
0.791789 -0.0817005 0
0.800587 -0.0808573 0
0.809384 -0.0799916 0
0.818182 -0.0791013 0
0.82698 -0.0781838 0
0.835777 -0.0772358 0
0.844575 -0.0762535 0
0.853373 -0.0752323 0
0.86217 -0.0741671 0
0.870968 -0.0730517 0
0.879765 -0.07188 0
0.888563 -0.0706445 0
0.897361 -0.0693382 0
0.906158 -0.0679538 0
0.914956 -0.066484 0
0.923754 -0.0649226 0
0.932552 -0.0632642 0
0.941349 -0.0615049 0
0.950147 -0.0596424 0
0.958944 -0.0576771 0
0.967742 -0.0556112 0
0.97654 -0.0534498 0
0.985337 -0.0512004 0
0.994135 -0.0488727 0
1.00293 -0.0464783 0
1.01173 -0.0440304 0
1.02053 -0.0415429 0
1.02933 -0.0390301 0
1.03812 -0.0365064 0
1.04692 -0.0339848 0
1.05572 -0.0314777 0
1.06452 -0.0289949 0
1.07331 -0.0265445 0
1.08211 -0.0241317 0
1.09091 -0.0217596 0
1.09971 -0.0194294 0
1.1085 -0.0171405 0
1.1173 -0.0148919 0
1.1261 -0.0126821 0
1.1349 -0.0105104 0
1.1437 -0.00837708 0
1.15249 -0.00628346 0
1.16129 -0.00423239 0
1.17009 -0.00222766 0
1.17889 -0.000273906 0
1.18768 0.00162384 0
1.19648 0.00346079 0
1.20528 0.0052326 0
1.21408 0.00693584 0
1.22287 0.00856833 0
1.23167 0.0101292 0
1.24047 0.0116192 0
1.24927 0.0130402 0
1.25806 0.0143955 0
1.26686 0.0156891 0
1.27566 0.0169259 0
1.28446 0.0181108 0
1.29326 0.0192489 0
1.30205 0.0203449 0
1.31085 0.0214034 0
1.31965 0.022428 0
1.32845 0.0234229 0
1.33724 0.0243917 0
1.34604 0.0253382 0
1.35484 0.0262664 0
1.36364 0.0271804 0
1.37243 0.0280844 0
1.38123 0.0289822 0
1.39003 0.0298768 0
1.39883 0.0307706 0
1.40762 0.0316642 0
1.41642 0.0325571 0
1.42522 0.0334467 0
1.43402 0.0343293 0
1.44282 0.0351998 0
1.45161 0.0360526 0
1.46041 0.0368817 0
1.46921 0.0376816 0
1.47801 0.0384477 0
1.4868 0.0391767 0
1.4956 0.039867 0
1.5044 0.0405185 0
1.5132 0.0411327 0
1.52199 0.0417125 0
1.53079 0.0422617 0
1.53959 0.0427845 0
1.54839 0.0432851 0
1.55718 0.043767 0
1.56598 0.0442331 0
1.57478 0.0446851 0
1.58358 0.0451241 0
1.59238 0.0455504 0
1.60117 0.0459641 0
1.60997 0.0463654 0
1.61877 0.0467546 0
1.62757 0.0471326 0
1.63636 0.0475005 0
1.64516 0.0478595 0
1.65396 0.0482109 0
1.66276 0.0485554 0
1.67155 0.0488936 0
1.68035 0.0492248 0
1.68915 0.0495478 0
1.69795 0.0498607 0
1.70674 0.0501607 0
1.71554 0.0504445 0
1.72434 0.0507088 0
1.73314 0.0509507 0
1.74194 0.0511675 0
1.75073 0.0513581 0
1.75953 0.0515225 0
1.76833 0.0516627 0
1.77713 0.051782 0
1.78592 0.0518855 0
1.79472 0.0519797 0
1.80352 0.0520717 0
1.81232 0.0521695 0
1.82111 0.0522806 0
1.82991 0.052412 0
1.83871 0.0525701 0
1.84751 0.0527597 0
1.8563 0.0529841 0
1.8651 0.0532451 0
1.8739 0.053543 0
1.8827 0.0538762 0
1.8915 0.0542421 0
1.90029 0.0546368 0
1.90909 0.0550558 0
1.91789 0.0554938 0
1.92669 0.0559453 0
1.93548 0.0564046 0
1.94428 0.0568656 0
1.95308 0.0573222 0
1.96188 0.0577681 0
1.97067 0.0581968 0
1.97947 0.0586019 0
1.98827 0.0589774 0
1.99707 0.0593178 0
2.00587 0.059619 0
2.01466 0.0598782 0
2.02346 0.0600944 0
2.03226 0.0602689 0
2.04106 0.0604049 0
2.04985 0.0605074 0
2.05865 0.0605828 0
2.06745 0.0606379 0
2.07625 0.0606794 0
2.08504 0.0607134 0
2.09384 0.0607444 0
2.10264 0.0607752 0
2.11144 0.0608066 0
2.12023 0.0608374 0
2.12903 0.0608654 0
2.13783 0.0608863 0
2.14663 0.0608961 0
2.15543 0.0608897 0
2.16422 0.0608627 0
2.17302 0.0608113 0
2.18182 0.060733 0
2.19062 0.0606273 0
2.19941 0.0604948 0
2.20821 0.0603384 0
2.21701 0.0601628 0
2.22581 0.0599738 0
2.2346 0.0597777 0
2.2434 0.0595814 0
2.2522 0.0593911 0
2.261 0.0592123 0
2.26979 0.0590492 0
2.27859 0.0589043 0
2.28739 0.0587794 0
2.29619 0.0586748 0
2.30499 0.0585899 0
2.31378 0.0585237 0
2.32258 0.0584747 0
2.33138 0.058441 0
2.34018 0.0584203 0
2.34897 0.05841 0
2.35777 0.0584076 0
2.36657 0.0584098 0
2.37537 0.0584138 0
2.38416 0.0584165 0
2.39296 0.0584155 0
2.40176 0.0584085 0
2.41056 0.0583942 0
2.41935 0.0583716 0
2.42815 0.0583401 0
2.43695 0.0582993 0
2.44575 0.0582485 0
2.45455 0.0581873 0
2.46334 0.0581138 0
2.47214 0.0580269 0
2.48094 0.0579242 0
2.48974 0.0578039 0
2.49853 0.057664 0
2.50733 0.0575036 0
2.51613 0.057322 0
2.52493 0.0571194 0
2.53372 0.0568969 0
2.54252 0.0566565 0
2.55132 0.0564003 0
2.56012 0.0561307 0
2.56892 0.0558511 0
2.57771 0.055564 0
2.58651 0.0552726 0
2.59531 0.0549798 0
2.60411 0.0546886 0
2.6129 0.0544018 0
2.6217 0.0541223 0
2.6305 0.0538526 0
2.6393 0.0535946 0
2.64809 0.0533495 0
2.65689 0.0531181 0
2.66569 0.0528994 0
2.67449 0.0526917 0
2.68328 0.052492 0
2.69208 0.0522961 0
2.70088 0.0520995 0
2.70968 0.051897 0
2.71848 0.0516834 0
2.72727 0.0514544 0
2.73607 0.0512063 0
2.74487 0.0509365 0
2.75367 0.0506434 0
2.76246 0.0503269 0
2.77126 0.0499875 0
2.78006 0.0496268 0
2.78886 0.0492467 0
2.79765 0.0488499 0
2.80645 0.0484384 0
2.81525 0.0480147 0
2.82405 0.0475803 0
2.83284 0.0471368 0
2.84164 0.0466853 0
2.85044 0.0462265 0
2.85924 0.0457612 0
2.86804 0.0452902 0
2.87683 0.0448148 0
2.88563 0.0443363 0
2.89443 0.0438564 0
2.90323 0.0433772 0
2.91202 0.0429007 0
2.92082 0.0424287 0
2.92962 0.0419628 0
2.93842 0.0415039 0
2.94721 0.041052 0
2.95601 0.0406063 0
2.96481 0.040165 0
2.97361 0.0397255 0
2.9824 0.0392844 0
2.9912 0.038838 0
3 0.0383826 0
3.0088 0.0379149 0
3.0176 0.037432 0
3.02639 0.0369318 0
3.03519 0.0364129 0
3.04399 0.0358746 0
3.05279 0.0353171 0
3.06158 0.0347413 0
3.07038 0.0341485 0
3.07918 0.0335407 0
3.08798 0.0329203 0
3.09677 0.0322902 0
3.10557 0.0316541 0
3.11437 0.0310158 0
3.12317 0.0303793 0
3.13197 0.0297492 0
3.14076 0.0291295 0
3.14956 0.0285237 0
3.15836 0.0279352 0
3.16716 0.0273657 0
3.17595 0.0268162 0
3.18475 0.0262865 0
3.19355 0.0257751 0
3.20235 0.0252795 0
3.21114 0.0247961 0
3.21994 0.0243209 0
3.22874 0.023849 0
3.23754 0.0233755 0
3.24633 0.0228952 0
3.25513 0.0224034 0
3.26393 0.0218955 0
3.27273 0.0213675 0
3.28153 0.020816 0
3.29032 0.0202381 0
3.29912 0.0196318 0
3.30792 0.0189955 0
3.31672 0.0183287 0
3.32551 0.0176316 0
3.33431 0.0169048 0
3.34311 0.0161498 0
3.35191 0.0153683 0
3.3607 0.0145621 0
3.3695 0.0137332 0
3.3783 0.0128828 0
3.3871 0.012012 0
3.39589 0.0111206 0
3.40469 0.010208 0
3.41349 0.0092726 0
3.42229 0.00831266 0
3.43109 0.00732635 0
3.43988 0.00631233 0
3.44868 0.00527023 0
3.45748 0.00420127 0
3.46628 0.00310828 0
3.47507 0.00199643 0
3.48387 0.000872766 0
3.49267 -0.000253347 0
3.50147 -0.00137097 0
3.51026 -0.00246848 0
3.51906 -0.00353358 0
3.52786 -0.00455504 0
3.53666 -0.00552305 0
3.54545 -0.0064303 0
3.55425 -0.00727213 0
3.56305 -0.00804717 0
3.57185 -0.00875692 0
3.58065 -0.00940555 0
3.58944 -0.00999913 0
3.59824 -0.010545 0
3.60704 -0.0110508 0
3.61584 -0.0115239 0
3.62463 -0.0119707 0
3.63343 -0.0123963 0
3.64223 -0.0128045 0
3.65103 -0.0131978 0
3.65982 -0.0135778 0
3.66862 -0.0139456 0
3.67742 -0.0143024 0
3.68622 -0.0146495 0
3.69501 -0.0149887 0
3.70381 -0.0153219 0
3.71261 -0.0156513 0
3.72141 -0.0159789 0
3.73021 -0.0163064 0
3.739 -0.0166346 0
3.7478 -0.0169642 0
3.7566 -0.0172949 0
3.7654 -0.0176262 0
3.77419 -0.017957 0
3.78299 -0.0182862 0
3.79179 -0.018612 0
3.80059 -0.0189328 0
3.80938 -0.0192465 0
3.81818 -0.0195509 0
3.82698 -0.0198439 0
3.83578 -0.0201232 0
3.84457 -0.020387 0
3.85337 -0.0206335 0
3.86217 -0.0208615 0
3.87097 -0.0210702 0
3.87977 -0.0212592 0
3.88856 -0.0214286 0
3.89736 -0.0215789 0
3.90616 -0.0217108 0
3.91496 -0.0218251 0
3.92375 -0.0219231 0
3.93255 -0.0220059 0
3.94135 -0.022075 0
3.95015 -0.0221323 0
3.95894 -0.0221798 0
3.96774 -0.0222198 0
3.97654 -0.0222549 0
3.98534 -0.0222875 0
3.99414 -0.0223198 0
4.00293 -0.0223533 0
4.01173 -0.0223892 0
4.02053 -0.0224277 0
4.02933 -0.0224682 0
4.03812 -0.0225095 0
4.04692 -0.02255 0
4.05572 -0.0225874 0
4.06452 -0.0226192 0
4.07331 -0.0226429 0
4.08211 -0.0226558 0
4.09091 -0.0226553 0
4.09971 -0.0226392 0
4.1085 -0.0226057 0
4.1173 -0.0225535 0
4.1261 -0.0224825 0
4.1349 -0.022393 0
4.1437 -0.0222865 0
4.15249 -0.0221652 0
4.16129 -0.022032 0
4.17009 -0.0218901 0
4.17889 -0.0217428 0
4.18768 -0.0215936 0
4.19648 -0.0214459 0
4.20528 -0.0213025 0
4.21408 -0.0211661 0
4.22287 -0.0210385 0
4.23167 -0.0209214 0
4.24047 -0.0208153 0
4.24927 -0.0207203 0
4.25806 -0.0206357 0
4.26686 -0.0205601 0
4.27566 -0.0204917 0
4.28446 -0.0204285 0
4.29326 -0.0203684 0
4.30205 -0.0203097 0
4.31085 -0.0202512 0
4.31965 -0.0201923 0
4.32845 -0.0201331 0
4.33724 -0.0200744 0
4.34604 -0.0200173 0
4.35484 -0.0199628 0
4.36364 -0.0199123 0
4.37243 -0.0198666 0
4.38123 -0.0198261 0
4.39003 -0.0197908 0
4.39883 -0.01976 0
4.40762 -0.0197324 0
4.41642 -0.0197064 0
4.42522 -0.0196799 0
4.43402 -0.0196505 0
4.44282 -0.0196158 0
4.45161 -0.0195738 0
4.46041 -0.0195227 0
4.46921 -0.0194614 0
4.47801 -0.0193896 0
4.4868 -0.0193075 0
4.4956 -0.0192159 0
4.5044 -0.0191157 0
4.5132 -0.0190077 0
4.52199 -0.0188922 0
4.53079 -0.0187691 0
4.53959 -0.0186374 0
4.54839 -0.0184958 0
4.55718 -0.0183428 0
4.56598 -0.0181771 0
4.57478 -0.0179985 0
4.58358 -0.0178076 0
4.59238 -0.0176067 0
4.60117 -0.0173992 0
4.60997 -0.0171896 0
4.61877 -0.0169832 0
4.62757 -0.0167852 0
4.63636 -0.0166002 0
4.64516 -0.0164318 0
4.65396 -0.0162821 0
4.66276 -0.0161517 0
4.67155 -0.0160397 0
4.68035 -0.015944 0
4.68915 -0.0158616 0
4.69795 -0.015789 0
4.70674 -0.0157226 0
4.71554 -0.0156589 0
4.72434 -0.0155952 0
4.73314 -0.015529 0
4.74194 -0.0154591 0
4.75073 -0.0153847 0
4.75953 -0.0153059 0
4.76833 -0.0152232 0
4.77713 -0.0151374 0
4.78592 -0.0150494 0
4.79472 -0.0149597 0
4.80352 -0.0148685 0
4.81232 -0.0147751 0
4.82111 -0.0146784 0
4.82991 -0.0145767 0
4.83871 -0.014468 0
4.84751 -0.0143502 0
4.85631 -0.0142214 0
4.8651 -0.0140802 0
4.8739 -0.013926 0
4.8827 -0.0137589 0
4.8915 -0.01358 0
4.90029 -0.0133909 0
4.90909 -0.0131938 0
4.91789 -0.0129913 0
4.92669 -0.0127859 0
4.93548 -0.01258 0
4.94428 -0.0123758 0
4.95308 -0.012175 0
4.96188 -0.0119789 0
4.97067 -0.0117881 0
4.97947 -0.0116029 0
4.98827 -0.0114228 0
4.99707 -0.011247 0
5.00587 -0.0110745 0
5.01466 -0.0109037 0
5.02346 -0.0107331 0
5.03226 -0.0105611 0
5.04106 -0.0103866 0
5.04985 -0.0102084 0
5.05865 -0.0100261 0
5.06745 -0.0098394 0
5.07625 -0.00964878 0
5.08504 -0.00945496 0
5.09384 -0.00925899 0
5.10264 -0.0090622 0
5.11144 -0.00886584 0
5.12023 -0.00867122 0
5.12903 -0.0084793 0
5.13783 -0.00829078 0
5.14663 -0.00810601 0
5.15543 -0.00792494 0
5.16422 -0.00774705 0
5.17302 -0.00757163 0
5.18182 -0.00739771 0
5.19062 -0.00722426 0
5.19941 -0.00705031 0
5.20821 -0.00687503 0
5.21701 -0.0066978 0
5.22581 -0.00651826 0
5.2346 -0.0063363 0
5.2434 -0.00615197 0
5.2522 -0.00596544 0
5.261 -0.00577684 0
5.26979 -0.00558632 0
5.27859 -0.00539398 0
5.28739 -0.00519984 0
5.29619 -0.00500386 0
5.30499 -0.00480601 0
5.31378 -0.00460633 0
5.32258 -0.00440494 0
5.33138 -0.00420207 0
5.34018 -0.0039981 0
5.34897 -0.00379353 0
5.35777 -0.00358897 0
5.36657 -0.00338514 0
5.37537 -0.00318278 0
5.38416 -0.00298265 0
5.39296 -0.00278546 0
5.40176 -0.00259195 0
5.41056 -0.00240271 0
5.41935 -0.00221834 0
5.42815 -0.00203935 0
5.43695 -0.00186628 0
5.44575 -0.00169954 0
5.45455 -0.00153959 0
5.46334 -0.00138694 0
5.47214 -0.00124198 0
5.48094 -0.00110512 0
5.48974 -0.000976759 0
5.49853 -0.000857169 0
5.50733 -0.000746537 0
5.51613 -0.000644955 0
5.52493 -0.000552396 0
5.53372 -0.000468709 0
5.54252 -0.00039348 0
5.55132 -0.000326561 0
5.56012 -0.000267344 0
5.56891 -0.000215291 0
5.57771 -0.000169814 0
5.58651 -0.00013021 0
5.59531 -9.60476e-05 0
5.60411 -6.65728e-05 0
5.6129 -4.13798e-05 0
5.6217 -1.97751e-05 0
5.6305 -1.35914e-06 0
5.6393 1.42968e-05 0
5.64809 2.75656e-05 0
5.65689 3.88042e-05 0
5.66569 4.84002e-05 0
5.67449 5.64971e-05 0
5.68328 6.33409e-05 0
5.69208 6.91306e-05 0
5.70088 7.41114e-05 0
5.70968 7.83112e-05 0
5.71848 8.1978e-05 0
5.72727 8.50912e-05 0
5.73607 8.78294e-05 0
5.74487 9.01805e-05 0
5.75367 9.23042e-05 0
5.76246 9.41313e-05 0
5.77126 9.58317e-05 0
5.78006 9.73264e-05 0
5.78886 9.87511e-05 0
5.79765 9.99463e-05 0
5.80645 0.000101118 0
5.81525 0.000102093 0
5.82405 0.000103114 0
5.83285 0.000103955 0
5.84164 0.000104756 0
5.85044 0.000105436 0
5.85924 0.000106075 0
5.86804 0.000106699 0
5.87683 0.00010721 0
5.88563 0.000107621 0
5.89443 0.000108007 0
5.90323 0.0001084 0
5.91202 0.000108691 0
5.92082 0.000108982 0
5.92962 0.000109176 0
5.93842 0.000109358 0
5.94721 0.00010955 0
5.95601 0.000109643 0
5.96481 0.000109739 0
5.97361 0.000109826 0
5.98241 0.000109923 0
5.9912 0.000110012 0
6 0.000110115 0
