-3 4.67238e-07 0
-2.9912 4.65912e-07 0
-2.9824 4.58687e-07 0
-2.97361 4.45028e-07 0
-2.96481 4.24424e-07 0
-2.95601 3.96402e-07 0
-2.94721 3.60574e-07 0
-2.93842 3.16616e-07 0
-2.92962 2.64289e-07 0
-2.92082 2.0341e-07 0
-2.91202 1.33857e-07 0
-2.90323 5.55407e-08 0
-2.89443 -3.15883e-08 0
-2.88563 -1.27554e-07 0
-2.87683 -2.32325e-07 0
-2.86804 -3.45827e-07 0
-2.85924 -4.67911e-07 0
-2.85044 -5.98339e-07 0
-2.84164 -7.36792e-07 0
-2.83284 -8.8284e-07 0
-2.82405 -1.03597e-06 0
-2.81525 -1.19558e-06 0
-2.80645 -1.36099e-06 0
-2.79765 -1.53149e-06 0
-2.78886 -1.70634e-06 0
-2.78006 -1.88483e-06 0
-2.77126 -2.06631e-06 0
-2.76246 -2.25019e-06 0
-2.75367 -2.43604e-06 0
-2.74487 -2.62353e-06 0
-2.73607 -2.8125e-06 0
-2.72727 -3.00291e-06 0
-2.71847 -3.19484e-06 0
-2.70968 -3.38849e-06 0
-2.70088 -3.58407e-06 0
-2.69208 -3.78186e-06 0
-2.68328 -3.98213e-06 0
-2.67449 -4.18515e-06 0
-2.66569 -4.3911e-06 0
-2.65689 -4.60019e-06 0
-2.64809 -4.81249e-06 0
-2.6393 -5.02804e-06 0
-2.6305 -5.24675e-06 0
-2.6217 -5.46841e-06 0
-2.6129 -5.69267e-06 0
-2.60411 -5.91904e-06 0
-2.59531 -6.14688e-06 0
-2.58651 -6.37538e-06 0
-2.57771 -6.60367e-06 0
-2.56891 -6.83075e-06 0
-2.56012 -7.05555e-06 0
-2.55132 -7.27706e-06 0
-2.54252 -7.49423e-06 0
-2.53372 -7.70601e-06 0
-2.52493 -7.91137e-06 0
-2.51613 -8.10921e-06 0
-2.50733 -8.29836e-06 0
-2.49853 -8.47746e-06 0
-2.48974 -8.64492e-06 0
-2.48094 -8.79878e-06 0
-2.47214 -8.93667e-06 0
-2.46334 -9.05564e-06 0
-2.45455 -9.15207e-06 0
-2.44575 -9.22156e-06 0
-2.43695 -9.25872e-06 0
-2.42815 -9.25702e-06 0
-2.41935 -9.20858e-06 0
-2.41056 -9.10392e-06 0
-2.40176 -8.93164e-06 0
-2.39296 -8.67811e-06 0
-2.38416 -8.32709e-06 0
-2.37537 -7.85936e-06 0
-2.36657 -7.25214e-06 0
-2.35777 -6.47861e-06 0
-2.34897 -5.50728e-06 0
-2.34018 -4.30138e-06 0
-2.33138 -2.81789e-06 0
-2.32258 -1.00684e-06 0
-2.31378 1.18975e-06 0
-2.30499 3.83891e-06 0
-2.29619 7.01781e-06 0
-2.28739 1.0815e-05 0
-2.27859 1.53313e-05 0
-2.26979 2.06809e-05 0
-2.261 2.69919e-05 0
-2.2522 3.4407e-05 0
-2.2434 4.30825e-05 0
-2.2346 5.31882e-05 0
-2.22581 6.49057e-05 0
-2.21701 7.84262e-05 0
-2.20821 9.39488e-05 0
-2.19941 0.00011168 0
-2.19062 0.000131832 0
-2.18182 0.000154631 0
-2.17302 0.00018032 0
-2.16422 0.000209173 0
-2.15543 0.000241513 0
-2.14663 0.000277726 0
-2.13783 0.000318281 0
-2.12903 0.00036374 0
-2.12023 0.000414756 0
-2.11144 0.000472065 0
-2.10264 0.000536452 0
-2.09384 0.000608714 0
-2.08504 0.000689608 0
-2.07625 0.000779804 0
-2.06745 0.000879824 0
-2.05865 0.000990017 0
-2.04985 0.00111054 0
-2.04106 0.00124134 0
-2.03226 0.00138223 0
-2.02346 0.00153287 0
-2.01466 0.00169286 0
-2.00587 0.00186178 0
-1.99707 0.00203921 0
-1.98827 0.00222483 0
-1.97947 0.00241842 0
-1.97067 0.00261988 0
-1.96188 0.00282927 0
-1.95308 0.00304684 0
-1.94428 0.00327307 0
-1.93548 0.0035087 0
-1.92669 0.00375477 0
-1.91789 0.00401272 0
-1.90909 0.00428435 0
-1.90029 0.00457191 0
-1.8915 0.00487811 0
-1.8827 0.00520607 0
-1.8739 0.00555931 0
-1.8651 0.00594168 0
-1.85631 0.00635727 0
-1.84751 0.00681035 0
-1.83871 0.00730518 0
-1.82991 0.00784605 0
-1.82111 0.00843712 0
-1.81232 0.00908255 0
-1.80352 0.0097865 0
-1.79472 0.0105533 0
-1.78592 0.0113877 0
-1.77713 0.012295 0
-1.76833 0.0132816 0
-1.75953 0.0143553 0
-1.75073 0.0155254 0
-1.74194 0.0168038 0
-1.73314 0.0182047 0
-1.72434 0.0197457 0
-1.71554 0.0214481 0
-1.70674 0.0233374 0
-1.69795 0.0254442 0
-1.68915 0.0278044 0
-1.68035 0.0304603 0
-1.67155 0.0334611 0
-1.66276 0.0368639 0
-1.65396 0.0407344 0
-1.64516 0.045148 0
-1.63636 0.0501909 0
-1.62757 0.0559613 0
-1.61877 0.0625703 0
-1.60997 0.0701436 0
-1.60117 0.078822 0
-1.59238 0.0887638 0
-1.58358 0.100145 0
-1.57478 0.113162 0
-1.56598 0.128032 0
-1.55718 0.144992 0
-1.54839 0.164305 0
-1.53959 0.186252 0
-1.53079 0.211135 0
-1.52199 0.23927 0
-1.5132 0.270983 0
-1.5044 0.306596 0
-1.4956 0.346416 0
-1.4868 0.390715 0
-1.47801 0.439705 0
-1.46921 0.493516 0
-1.46041 0.552159 0
-1.45161 0.615502 0
-1.44282 0.683243 0
-1.43402 0.75489 0
-1.42522 0.829759 0
-1.41642 0.90698 0
-1.40762 0.985518 0
-1.39883 1.06423 0
-1.39003 1.14192 0
-1.38123 1.21739 0
-1.37243 1.28953 0
-1.36364 1.35736 0
-1.35484 1.42009 0
-1.34604 1.47713 0
-1.33724 1.52812 0
-1.32845 1.57291 0
-1.31965 1.61153 0
-1.31085 1.64418 0
-1.30205 1.67117 0
-1.29326 1.69291 0
-1.28446 1.70986 0
-1.27566 1.72249 0
-1.26686 1.73129 0
-1.25806 1.73674 0
-1.24927 1.73927 0
-1.24047 1.73931 0
-1.23167 1.73723 0
-1.22287 1.73338 0
-1.21408 1.72805 0
-1.20528 1.72152 0
-1.19648 1.71401 0
-1.18768 1.70574 0
-1.17889 1.69687 0
-1.17009 1.68755 0
-1.16129 1.67791 0
-1.15249 1.66805 0
-1.14369 1.65807 0
-1.1349 1.64803 0
-1.1261 1.63799 0
-1.1173 1.628 0
-1.1085 1.6181 0
-1.09971 1.60831 0
-1.09091 1.59865 0
-1.08211 1.58912 0
-1.07331 1.57973 0
-1.06452 1.57047 0
-1.05572 1.56135 0
-1.04692 1.55236 0
-1.03812 1.5435 0
-1.02933 1.53477 0
-1.02053 1.52617 0
-1.01173 1.51772 0
-1.00293 1.50942 0
-0.994135 1.50128 0
-0.985337 1.49331 0
-0.976539 1.48551 0
-0.967742 1.4779 0
-0.958944 1.47048 0
-0.950146 1.46323 0
-0.941349 1.45616 0
-0.932551 1.44926 0
-0.923754 1.44251 0
-0.914956 1.43589 0
-0.906158 1.4294 0
-0.897361 1.42302 0
-0.888563 1.41672 0
-0.879765 1.41051 0
-0.870968 1.40437 0
-0.86217 1.3983 0
-0.853372 1.39231 0
-0.844575 1.38639 0
-0.835777 1.38055 0
-0.826979 1.37481 0
-0.818182 1.36916 0
-0.809384 1.36362 0
-0.800587 1.35817 0
-0.791789 1.35283 0
-0.782991 1.34757 0
-0.774194 1.3424 0
-0.765396 1.33729 0
-0.756598 1.33223 0
-0.747801 1.32721 0
-0.739003 1.3222 0
-0.730205 1.3172 0
-0.721408 1.3122 0
-0.71261 1.3072 0
-0.703812 1.3022 0
-0.695015 1.29721 0
-0.686217 1.29224 0
-0.677419 1.2873 0
-0.668622 1.28243 0
-0.659824 1.27762 0
-0.651026 1.2729 0
-0.642229 1.26828 0
-0.633431 1.26376 0
-0.624633 1.25934 0
-0.615836 1.25501 0
-0.607038 1.25076 0
-0.59824 1.24659 0
-0.589443 1.24247 0
-0.580645 1.23838 0
-0.571847 1.23433 0
-0.56305 1.23029 0
-0.554252 1.22626 0
-0.545455 1.22223 0
-0.536657 1.2182 0
-0.527859 1.21417 0
-0.519062 1.21014 0
-0.510264 1.20611 0
-0.501466 1.20211 0
-0.492669 1.19813 0
-0.483871 1.19419 0
-0.475073 1.19031 0
-0.466276 1.18649 0
-0.457478 1.18274 0
-0.44868 1.17909 0
-0.439883 1.17552 0
-0.431085 1.17205 0
-0.422287 1.16867 0
-0.41349 1.16539 0
-0.404692 1.16219 0
-0.395894 1.15907 0
-0.387097 1.15601 0
-0.378299 1.153 0
-0.369502 1.15001 0
-0.360704 1.14703 0
-0.351906 1.14404 0
-0.343109 1.14103 0
-0.334311 1.13798 0
-0.325513 1.13489 0
-0.316716 1.13174 0
-0.307918 1.12853 0
-0.29912 1.12527 0
-0.290323 1.12196 0
-0.281525 1.11862 0
-0.272727 1.11526 0
-0.26393 1.1119 0
-0.255132 1.10857 0
-0.246334 1.10529 0
-0.237537 1.10208 0
-0.228739 1.09898 0
-0.219941 1.09598 0
-0.211144 1.09312 0
-0.202346 1.09038 0
-0.193548 1.08778 0
-0.184751 1.0853 0
-0.175953 1.08293 0
-0.167155 1.08065 0
-0.158358 1.07845 0
-0.14956 1.07631 0
-0.140762 1.0742 0
-0.131965 1.07211 0
-0.123167 1.07003 0
-0.11437 1.06794 0
-0.105572 1.06583 0
-0.0967743 1.0637 0
-0.0879766 1.06155 0
-0.0791789 1.05939 0
-0.0703813 1.05722 0
-0.0615836 1.05506 0
-0.0527859 1.05292 0
-0.0439883 1.05081 0
-0.0351906 1.04876 0
-0.0263929 1.04677 0
-0.0175953 1.04486 0
-0.00879762 1.04303 0
4.47035e-08 1.04131 0
0.00879771 1.03968 0
0.0175954 1.03817 0
0.026393 1.03676 0
0.0351907 1.03546 0
0.0439884 1.03426 0
0.052786 1.03317 0
0.0615837 1.03217 0
0.0703814 1.03127 0
0.079179 1.03044 0
0.0879767 1.02969 0
0.0967743 1.02899 0
0.105572 1.02832 0
0.11437 1.02766 0
0.123167 1.027 0
0.131965 1.02629 0
0.140762 1.02552 0
0.14956 1.02464 0
0.158358 1.02364 0
0.167155 1.02245 0
0.175953 1.02104 0
0.184751 1.01934 0
0.193548 1.01729 0
0.202346 1.0148 0
0.211144 1.01177 0
0.219941 1.00809 0
0.228739 1.00364 0
0.237537 0.998266 0
0.246334 0.991804 0
0.255132 0.984068 0
0.26393 0.974855 0
0.272727 0.963937 0
0.281525 0.95108 0
0.290323 0.936033 0
0.29912 0.918548 0
0.307918 0.898384 0
0.316716 0.875329 0
0.325513 0.849208 0
0.334311 0.819913 0
0.343109 0.787421 0
0.351906 0.751812 0
0.360704 0.713282 0
0.369502 0.67216 0
0.378299 0.628896 0
0.387097 0.584051 0
0.395894 0.538272 0
0.404692 0.492256 0
0.41349 0.44671 0
0.422287 0.402304 0
0.431085 0.359647 0
0.439883 0.319239 0
0.44868 0.281474 0
0.457478 0.246617 0
0.466276 0.214817 0
0.475073 0.186115 0
0.483871 0.160464 0
0.492669 0.137743 0
0.501466 0.117778 0
0.510264 0.100365 0
0.519062 0.0852776 0
0.527859 0.0722832 0
0.536657 0.0611523 0
0.545455 0.051662 0
0.554252 0.043606 0
0.56305 0.0367914 0
0.571848 0.0310435 0
0.580645 0.0262072 0
0.589443 0.022145 0
0.598241 0.0187339 0
0.607038 0.0158717 0
0.615836 0.0134681 0
0.624634 0.0114468 0
0.633431 0.00974102 0
0.642229 0.00829568 0
0.651026 0.00706642 0
0.659824 0.00601309 0
0.668622 0.00510285 0
0.677419 0.00431 0
0.686217 0.00361227 0
0.695015 0.00299256 0
0.703812 0.00243645 0
0.71261 0.00193402 0
0.721408 0.00147638 0
0.730205 0.00105686 0
0.739003 0.000669469 0
0.747801 0.000310664 0
0.756598 -2.46462e-05 0
0.765396 -0.000338652 0
0.774194 -0.000636029 0
0.782991 -0.00091886 0
0.791789 -0.0011904 0
0.800587 -0.00145192 0
0.809384 -0.00170653 0
0.818182 -0.00195437 0
0.82698 -0.00219552 0
0.835777 -0.00242877 0
0.844575 -0.0026546 0
0.853373 -0.00287161 0
0.86217 -0.00307796 0
0.870968 -0.00327369 0
0.879765 -0.00345903 0
0.888563 -0.00363309 0
0.897361 -0.0037974 0
0.906158 -0.00395221 0
0.914956 -0.00409918 0
0.923754 -0.00423903 0
0.932551 -0.0043726 0
0.941349 -0.00450136 0
0.950147 -0.00462586 0
0.958944 -0.0047469 0
0.967742 -0.00486493 0
0.97654 -0.00498044 0
0.985337 -0.00509386 0
0.994135 -0.00520498 0
1.00293 -0.00531363 0
1.01173 -0.00541979 0
1.02053 -0.00552256 0
1.02933 -0.00562171 0
1.03812 -0.00571644 0
1.04692 -0.00580637 0
1.05572 -0.00589098 0
1.06452 -0.00597004 0
1.07331 -0.00604342 0
1.08211 -0.00611104 0
1.09091 -0.00617293 0
1.09971 -0.00622935 0
1.1085 -0.00628035 0
1.1173 -0.00632621 0
1.1261 -0.00636721 0
1.1349 -0.00640352 0
1.14369 -0.00643539 0
1.15249 -0.00646303 0
1.16129 -0.00648672 0
1.17009 -0.0065067 0
1.17889 -0.0065232 0
1.18768 -0.00653643 0
1.19648 -0.00654652 0
1.20528 -0.00655362 0
1.21408 -0.00655786 0
1.22287 -0.00655927 0
1.23167 -0.00655787 0
1.24047 -0.00655354 0
1.24927 -0.00654639 0
1.25806 -0.00653627 0
1.26686 -0.00652281 0
1.27566 -0.00650577 0
1.28446 -0.00648477 0
1.29326 -0.00645937 0
1.30205 -0.00642896 0
1.31085 -0.00639286 0
1.31965 -0.00635018 0
1.32845 -0.00629993 0
1.33724 -0.00624091 0
1.34604 -0.00617169 0
1.35484 -0.00609062 0
1.36364 -0.00599581 0
1.37243 -0.00588498 0
1.38123 -0.00575558 0
1.39003 -0.00560466 0
1.39883 -0.00542884 0
1.40762 -0.00522429 0
1.41642 -0.00498671 0
1.42522 -0.00471126 0
1.43402 -0.00439258 0
1.44282 -0.00402477 0
1.45161 -0.00360144 0
1.46041 -0.00311578 0
1.46921 -0.00256066 0
1.47801 -0.00192884 0
1.4868 -0.00121321 0
1.4956 -0.000407196 0
1.5044 0.000494898 0
1.5132 0.00149735 0
1.52199 0.00260259 0
1.53079 0.00381077 0
1.53959 0.00511941 0
1.54839 0.00652335 0
1.55718 0.00801477 0
1.56598 0.00958348 0
1.57478 0.0112175 0
1.58358 0.0129035 0
1.59238 0.0146278 0
1.60117 0.0163767 0
1.60997 0.0181377 0
1.61877 0.0198991 0
1.62757 0.0216515 0
1.63636 0.0233872 0
1.64516 0.0251008 0
1.65396 0.0267892 0
1.66276 0.0284511 0
1.67155 0.0300875 0
1.68035 0.0317008 0
1.68915 0.0332943 0
1.69795 0.0348718 0
1.70675 0.0364371 0
1.71554 0.0379931 0
1.72434 0.0395412 0
1.73314 0.0410817 0
1.74194 0.0426134 0
1.75073 0.0441332 0
1.75953 0.045637 0
1.76833 0.0471201 0
1.77713 0.0485767 0
1.78592 0.0500012 0
1.79472 0.0513881 0
1.80352 0.0527328 0
1.81232 0.0540316 0
1.82111 0.055282 0
1.82991 0.0564831 0
1.83871 0.0576356 0
1.84751 0.0587423 0
1.8563 0.059807 0
1.8651 0.0608353 0
1.8739 0.0618338 0
1.8827 0.0628093 0
1.8915 0.0637683 0
1.90029 0.0647166 0
1.90909 0.0656579 0
1.91789 0.0665943 0
1.92669 0.0675254 0
1.93548 0.0684488 0
1.94428 0.0693601 0
1.95308 0.0702541 0
1.96188 0.0711249 0
1.97067 0.0719668 0
1.97947 0.0727754 0
1.98827 0.0735475 0
1.99707 0.0742814 0
2.00587 0.0749774 0
2.01466 0.0756369 0
2.02346 0.0762632 0
2.03226 0.0768603 0
2.04106 0.0774333 0
2.04985 0.0779879 0
2.05865 0.0785296 0
2.06745 0.0790639 0
2.07625 0.079596 0
2.08504 0.08013 0
2.09384 0.0806688 0
2.10264 0.0812148 0
2.11144 0.0817687 0
2.12023 0.0823305 0
2.12903 0.0828997 0
2.13783 0.0834751 0
2.14663 0.0840553 0
2.15543 0.0846391 0
2.16422 0.0852245 0
2.17302 0.08581 0
2.18182 0.0863936 0
2.19062 0.0869728 0
2.19941 0.0875443 0
2.20821 0.0881044 0
2.21701 0.0886484 0
2.22581 0.0891703 0
2.2346 0.0896636 0
2.2434 0.0901214 0
2.2522 0.0905363 0
2.261 0.0909012 0
2.26979 0.0912097 0
2.27859 0.091457 0
2.28739 0.0916393 0
2.29619 0.0917555 0
2.30499 0.0918067 0
2.31378 0.091796 0
2.32258 0.091729 0
2.33138 0.0916133 0
2.34018 0.0914579 0
2.34897 0.0912728 0
2.35777 0.0910687 0
2.36657 0.090856 0
2.37537 0.0906447 0
2.38416 0.0904437 0
2.39296 0.0902602 0
2.40176 0.0900995 0
2.41056 0.089965 0
2.41935 0.0898568 0
2.42815 0.0897737 0
2.43695 0.0897113 0
2.44575 0.0896638 0
2.45455 0.0896239 0
2.46334 0.0895839 0
2.47214 0.0895364 0
2.48094 0.0894747 0
2.48974 0.0893942 0
2.49853 0.0892915 0
2.50733 0.0891661 0
2.51613 0.0890191 0
2.52493 0.0888534 0
2.53372 0.0886729 0
2.54252 0.0884821 0
2.55132 0.0882851 0
2.56012 0.0880851 0
2.56891 0.0878838 0
2.57771 0.0876812 0
2.58651 0.0874753 0
2.59531 0.0872623 0
2.60411 0.0870366 0
2.6129 0.0867914 0
2.6217 0.0865184 0
2.6305 0.0862082 0
2.6393 0.085851 0
2.64809 0.0854364 0
2.65689 0.0849537 0
2.66569 0.0843934 0
2.67449 0.0837466 0
2.68328 0.0830063 0
2.69208 0.0821669 0
2.70088 0.0812265 0
2.70968 0.0801845 0
2.71848 0.079043 0
2.72727 0.0778054 0
2.73607 0.0764762 0
2.74487 0.0750597 0
2.75367 0.0735599 0
2.76246 0.0719796 0
2.77126 0.0703209 0
2.78006 0.0685853 0
2.78886 0.0667741 0
2.79765 0.0648894 0
2.80645 0.0629349 0
2.81525 0.0609151 0
2.82405 0.0588373 0
2.83284 0.0567098 0
2.84164 0.0545423 0
2.85044 0.0523461 0
2.85924 0.0501321 0
2.86804 0.047912 0
2.87683 0.0456972 0
2.88563 0.0434982 0
2.89443 0.0413254 0
2.90323 0.0391878 0
2.91202 0.0370937 0
2.92082 0.0350502 0
2.92962 0.0330636 0
2.93842 0.0311392 0
2.94721 0.0292815 0
2.95601 0.0274937 0
2.96481 0.0257781 0
2.97361 0.0241349 0
2.9824 0.0225626 0
2.9912 0.0210576 0
3 0.0196146 0
3.0088 0.0182266 0
3.0176 0.0168859 0
3.02639 0.0155849 0
3.03519 0.014316 0
3.04399 0.0130736 0
3.05279 0.0118529 0
3.06158 0.0106513 0
3.07038 0.00946735 0
3.07918 0.00830144 0
3.08798 0.00715532 0
3.09677 0.00603174 0
3.10557 0.00493463 0
3.11437 0.00386853 0
3.12317 0.00283857 0
3.13196 0.0018495 0
3.14076 0.000905543 0
3.14956 9.18163e-06 0
3.15836 -0.000839135 0
3.16716 -0.00164143 0
3.17595 -0.00240266 0
3.18475 -0.00313017 0
3.19355 -0.00383297 0
3.20235 -0.00452077 0
3.21114 -0.00520283 0
3.21994 -0.00588698 0
3.22874 -0.00657918 0
3.23754 -0.00728287 0
3.24633 -0.00799985 0
3.25513 -0.00873046 0
3.26393 -0.00947423 0
3.27273 -0.0102309 0
3.28152 -0.0110005 0
3.29032 -0.0117832 0
3.29912 -0.0125795 0
3.30792 -0.0133891 0
3.31672 -0.0142106 0
3.32551 -0.015041 0
3.33431 -0.0158755 0
3.34311 -0.0167076 0
3.35191 -0.0175294 0
3.3607 -0.0183321 0
3.3695 -0.0191071 0
3.3783 -0.0198458 0
3.3871 -0.0205416 0
3.39589 -0.0211888 0
3.40469 -0.0217838 0
3.41349 -0.0223245 0
3.42229 -0.0228107 0
3.43108 -0.0232438 0
3.43988 -0.0236267 0
3.44868 -0.0239634 0
3.45748 -0.0242591 0
3.46628 -0.0245195 0
3.47507 -0.024751 0
3.48387 -0.0249603 0
3.49267 -0.025154 0
3.50147 -0.0253382 0
3.51026 -0.0255192 0
3.51906 -0.0257026 0
3.52786 -0.0258942 0
3.53666 -0.0260996 0
3.54545 -0.0263247 0
3.55425 -0.0265756 0
3.56305 -0.0268582 0
3.57185 -0.0271778 0
3.58065 -0.0275389 0
3.58944 -0.0279445 0
3.59824 -0.0283956 0
3.60704 -0.0288911 0
3.61584 -0.0294275 0
3.62463 -0.0299993 0
3.63343 -0.0305985 0
3.64223 -0.0312155 0
3.65103 -0.0318394 0
3.65982 -0.032458 0
3.66862 -0.0330588 0
3.67742 -0.0336298 0
3.68622 -0.0341598 0
3.69501 -0.0346393 0
3.70381 -0.035061 0
3.71261 -0.03542 0
3.72141 -0.0357139 0
3.73021 -0.0359431 0
3.739 -0.03611 0
3.7478 -0.036219 0
3.7566 -0.0362762 0
3.7654 -0.0362887 0
3.77419 -0.0362642 0
3.78299 -0.0362109 0
3.79179 -0.0361367 0
3.80059 -0.0360495 0
3.80938 -0.0359564 0
3.81818 -0.035864 0
3.82698 -0.0357778 0
3.83578 -0.0357018 0
3.84457 -0.0356392 0
3.85337 -0.0355914 0
3.86217 -0.0355583 0
3.87097 -0.0355387 0
3.87977 -0.03553 0
3.88856 -0.0355286 0
3.89736 -0.0355303 0
3.90616 -0.0355305 0
3.91496 -0.0355251 0
3.92375 -0.0355101 0
3.93255 -0.0354821 0
3.94135 -0.0354386 0
3.95015 -0.0353773 0
3.95894 -0.0352969 0
3.96774 -0.0351961 0
3.97654 -0.035074 0
3.98534 -0.0349304 0
3.99413 -0.0347653 0
4.00293 -0.0345796 0
4.01173 -0.0343747 0
4.02053 -0.0341534 0
4.02933 -0.0339192 0
4.03812 -0.0336765 0
4.04692 -0.03343 0
4.05572 -0.0331842 0
4.06452 -0.0329436 0
4.07331 -0.0327116 0
4.08211 -0.0324907 0
4.09091 -0.0322827 0
4.09971 -0.0320883 0
4.1085 -0.0319072 0
4.1173 -0.0317387 0
4.1261 -0.031581 0
4.1349 -0.0314316 0
4.14369 -0.0312875 0
4.15249 -0.0311445 0
4.16129 -0.0309985 0
4.17009 -0.030845 0
4.17889 -0.0306801 0
4.18768 -0.0305011 0
4.19648 -0.0303064 0
4.20528 -0.0300968 0
4.21408 -0.029875 0
4.22287 -0.0296458 0
4.23167 -0.0294158 0
4.24047 -0.0291923 0
4.24927 -0.0289829 0
4.25806 -0.0287942 0
4.26686 -0.0286308 0
4.27566 -0.0284944 0
4.28446 -0.0283834 0
4.29325 -0.0282924 0
4.30205 -0.0282129 0
4.31085 -0.0281342 0
4.31965 -0.0280439 0
4.32845 -0.0279301 0
4.33724 -0.0277818 0
4.34604 -0.0275905 0
4.35484 -0.0273507 0
4.36364 -0.02706 0
4.37243 -0.0267198 0
4.38123 -0.0263342 0
4.39003 -0.0259101 0
4.39883 -0.0254565 0
4.40762 -0.0249834 0
4.41642 -0.0245016 0
4.42522 -0.0240217 0
4.43402 -0.0235533 0
4.44282 -0.0231048 0
4.45161 -0.0226825 0
4.46041 -0.0222907 0
4.46921 -0.0219312 0
4.47801 -0.0216037 0
4.4868 -0.0213056 0
4.4956 -0.0210328 0
4.5044 -0.0207796 0
4.5132 -0.0205395 0
4.52199 -0.0203051 0
4.53079 -0.0200693 0
4.53959 -0.0198246 0
4.54839 -0.0195642 0
4.55718 -0.0192822 0
4.56598 -0.0189735 0
4.57478 -0.0186344 0
4.58358 -0.018263 0
4.59238 -0.0178589 0
4.60117 -0.0174236 0
4.60997 -0.0169601 0
4.61877 -0.016473 0
4.62757 -0.0159674 0
4.63636 -0.0154494 0
4.64516 -0.0149248 0
4.65396 -0.0143993 0
4.66276 -0.0138776 0
4.67155 -0.0133634 0
4.68035 -0.0128588 0
4.68915 -0.0123645 0
4.69795 -0.0118797 0
4.70675 -0.0114021 0
4.71554 -0.0109282 0
4.72434 -0.0104542 0
4.73314 -0.00997584 0
4.74194 -0.00948949 0
4.75073 -0.00899215 0
4.75953 -0.00848201 0
4.76833 -0.00795838 0
4.77713 -0.00742215 0
4.78592 -0.00687561 0
4.79472 -0.00632224 0
4.80352 -0.00576693 0
4.81232 -0.00521572 0
4.82111 -0.00467546 0
4.82991 -0.00415362 0
4.83871 -0.00365781 0
4.84751 -0.00319508 0
4.8563 -0.00277147 0
4.8651 -0.00239136 0
4.8739 -0.00205715 0
4.8827 -0.00176917 0
4.8915 -0.00152569 0
4.90029 -0.00132331 0
4.90909 -0.00115749 0
4.91789 -0.00102308 0
4.92669 -0.000914823 0
4.93548 -0.000827738 0
4.94428 -0.000757366 0
4.95308 -0.000699968 0
4.96188 -0.00065258 0
4.97067 -0.000612839 0
4.97947 -0.000578982 0
4.98827 -0.000549701 0
4.99707 -0.000524029 0
5.00587 -0.000501339 0
5.01466 -0.00048105 0
5.02346 -0.000462873 0
5.03226 -0.000446498 0
5.04106 -0.000431757 0
5.04985 -0.000418451 0
5.05865 -0.000406431 0
5.06745 -0.000395567 0
5.07625 -0.000385795 0
5.08504 -0.000376985 0
5.09384 -0.000369033 0
5.10264 -0.000361899 0
5.11144 -0.00035546 0
5.12023 -0.000349671 0
5.12903 -0.000344461 0
5.13783 -0.000339765 0
5.14663 -0.000335516 0
5.15543 -0.000331712 0
5.16422 -0.00032828 0
5.17302 -0.000325146 0
5.18182 -0.000322346 0
5.19062 -0.000319831 0
5.19941 -0.000317537 0
5.20821 -0.000315468 0
5.21701 -0.000313585 0
5.22581 -0.000311869 0
5.2346 -0.00031031 0
5.2434 -0.0003089 0
5.2522 -0.000307624 0
5.261 -0.000306448 0
5.26979 -0.000305374 0
5.27859 -0.000304371 0
5.28739 -0.000303477 0
5.29619 -0.000302633 0
5.30499 -0.000301872 0
5.31378 -0.00030116 0
5.32258 -0.000300501 0
5.33138 -0.000299902 0
5.34018 -0.000299326 0
5.34897 -0.000298793 0
5.35777 -0.000298304 0
5.36657 -0.000297843 0
5.37537 -0.00029742 0
5.38416 -0.000297012 0
5.39296 -0.000296639 0
5.40176 -0.000296281 0
5.41056 -0.000295955 0
5.41935 -0.000295649 0
5.42815 -0.000295368 0
5.43695 -0.000295103 0
5.44575 -0.000294859 0
5.45455 -0.00029462 0
5.46334 -0.000294406 0
5.47214 -0.000294198 0
5.48094 -0.000294018 0
5.48974 -0.000293839 0
5.49853 -0.00029367 0
5.50733 -0.000293529 0
5.51613 -0.000293393 0
5.52493 -0.000293271 0
5.53372 -0.000293145 0
5.54252 -0.000293031 0
5.55132 -0.000292925 0
5.56012 -0.000292826 0
5.56891 -0.00029275 0
5.57771 -0.000292657 0
5.58651 -0.000292579 0
5.59531 -0.00029251 0
5.60411 -0.000292441 0
5.6129 -0.000292385 0
5.6217 -0.00029233 0
5.6305 -0.000292275 0
5.6393 -0.000292231 0
5.64809 -0.000292195 0
5.65689 -0.000292163 0
5.66569 -0.000292132 0
5.67449 -0.000292112 0
5.68328 -0.000292092 0
5.69208 -0.000292082 0
5.70088 -0.000292081 0
5.70968 -0.000292082 0
5.71848 -0.000292082 0
5.72727 -0.000292095 0
5.73607 -0.000292107 0
5.74487 -0.000292122 0
5.75367 -0.000292141 0
5.76246 -0.000292159 0
5.77126 -0.000292173 0
5.78006 -0.000292186 0
5.78886 -0.000292198 0
5.79765 -0.000292205 0
5.80645 -0.000292208 0
5.81525 -0.000292205 0
5.82405 -0.000292197 0
5.83284 -0.000292183 0
5.84164 -0.000292162 0
5.85044 -0.000292136 0
5.85924 -0.000292104 0
5.86803 -0.000292067 0
5.87683 -0.000292025 0
5.88563 -0.000291978 0
5.89443 -0.000291928 0
5.90323 -0.000291874 0
5.91202 -0.00029202 0
5.92082 -0.000291961 0
5.92962 -0.000291899 0
5.93842 -0.000291835 0
5.94721 -0.000291969 0
5.95601 -0.000291898 0
5.96481 -0.000292025 0
5.97361 -0.000291945 0
5.9824 -0.000292063 0
5.9912 -0.000291975 0
6 -0.000292082 0
