-3 -1.36545e-07 0
-2.9912 -1.60887e-07 0
-2.9824 -1.89161e-07 0
-2.97361 -2.21852e-07 0
-2.96481 -2.59443e-07 0
-2.95601 -3.02392e-07 0
-2.94721 -3.511e-07 0
-2.93842 -4.05879e-07 0
-2.92962 -4.66886e-07 0
-2.92082 -5.34082e-07 0
-2.91202 -6.07169e-07 0
-2.90323 -6.85559e-07 0
-2.89443 -7.68317e-07 0
-2.88563 -8.54156e-07 0
-2.87683 -9.41468e-07 0
-2.86804 -1.02835e-06 0
-2.85924 -1.11271e-06 0
-2.85044 -1.19231e-06 0
-2.84164 -1.26495e-06 0
-2.83284 -1.3285e-06 0
-2.82405 -1.38098e-06 0
-2.81525 -1.42064e-06 0
-2.80645 -1.44595e-06 0
-2.79765 -1.45559e-06 0
-2.78886 -1.44845e-06 0
-2.78006 -1.42358e-06 0
-2.77126 -1.38021e-06 0
-2.76246 -1.31766e-06 0
-2.75367 -1.2354e-06 0
-2.74487 -1.13301e-06 0
-2.73607 -1.01014e-06 0
-2.72727 -8.66545e-07 0
-2.71847 -7.02005e-07 0
-2.70968 -5.16352e-07 0
-2.70088 -3.09384e-07 0
-2.69208 -8.08795e-08 0
-2.68328 1.69406e-07 0
-2.67449 4.41773e-07 0
-2.66569 7.36566e-07 0
-2.65689 1.05415e-06 0
-2.64809 1.39492e-06 0
-2.6393 1.75926e-06 0
-2.6305 2.14759e-06 0
-2.6217 2.56037e-06 0
-2.6129 2.99813e-06 0
-2.60411 3.46157e-06 0
-2.59531 3.95152e-06 0
-2.58651 4.46916e-06 0
-2.57771 5.01594e-06 0
-2.56891 5.59379e-06 0
-2.56012 6.20505e-06 0
-2.55132 6.85264e-06 0
-2.54252 7.54e-06 0
-2.53372 8.27121e-06 0
-2.52493 9.05095e-06 0
-2.51613 9.88468e-06 0
-2.50733 1.07785e-05 0
-2.49853 1.17394e-05 0
-2.48974 1.27754e-05 0
-2.48094 1.38957e-05 0
-2.47214 1.51106e-05 0
-2.46334 1.64324e-05 0
-2.45455 1.78751e-05 0
-2.44575 1.94551e-05 0
-2.43695 2.11917e-05 0
-2.42815 2.31074e-05 0
-2.41935 2.5229e-05 0
-2.41056 2.75876e-05 0
-2.40176 3.022e-05 0
-2.39296 3.31694e-05 0
-2.38416 3.64865e-05 0
-2.37537 4.02307e-05 0
-2.36657 4.44715e-05 0
-2.35777 4.92904e-05 0
-2.34897 5.47828e-05 0
-2.34018 6.10595e-05 0
-2.33138 6.82504e-05 0
-2.32258 7.65058e-05 0
-2.31378 8.60015e-05 0
-2.30499 9.69402e-05 0
-2.29619 0.000109557 0
-2.28739 0.000124123 0
-2.27859 0.00014095 0
-2.26979 0.000160393 0
-2.261 0.000182857 0
-2.2522 0.000208801 0
-2.2434 0.00023874 0
-2.2346 0.000273247 0
-2.22581 0.000312959 0
-2.21701 0.000358571 0
-2.20821 0.000410837 0
-2.19941 0.000470562 0
-2.19062 0.000538609 0
-2.18182 0.000615882 0
-2.17302 0.000703324 0
-2.16422 0.000801911 0
-2.15543 0.000912669 0
-2.14663 0.00103667 0
-2.13783 0.00117502 0
-2.12903 0.0013289 0
-2.12023 0.00149955 0
-2.11144 0.00168827 0
-2.10264 0.00189637 0
-2.09384 0.00212512 0
-2.08504 0.00237571 0
-2.07625 0.00264914 0
-2.06745 0.00294612 0
-2.05865 0.00326702 0
-2.04985 0.00361174 0
-2.04106 0.00397978 0
-2.03226 0.00437008 0
-2.02346 0.0047812 0
-2.01466 0.00521125 0
-2.00587 0.00565807 0
-1.99707 0.00611925 0
-1.98827 0.00659234 0
-1.97947 0.00707487 0
-1.97067 0.00756457 0
-1.96188 0.00805936 0
-1.95308 0.00855754 0
-1.94428 0.00905769 0
-1.93548 0.00955883 0
-1.92669 0.0100602 0
-1.91789 0.0105614 0
-1.90909 0.0110622 0
-1.90029 0.0115627 0
-1.8915 0.0120628 0
-1.8827 0.0125627 0
-1.8739 0.0130628 0
-1.8651 0.0135632 0
-1.85631 0.0140645 0
-1.84751 0.0145674 0
-1.83871 0.0150727 0
-1.82991 0.0155816 0
-1.82111 0.0160955 0
-1.81232 0.0166159 0
-1.80352 0.0171445 0
-1.79472 0.017683 0
-1.78592 0.0182333 0
-1.77713 0.0187966 0
-1.76833 0.0193742 0
-1.75953 0.0199666 0
-1.75073 0.0205738 0
-1.74194 0.0211953 0
-1.73314 0.0218299 0
-1.72434 0.0224759 0
-1.71554 0.0231311 0
-1.70674 0.023793 0
-1.69795 0.0244591 0
-1.68915 0.0251263 0
-1.68035 0.0257921 0
-1.67155 0.0264542 0
-1.66276 0.0271106 0
-1.65396 0.02776 0
-1.64516 0.0284022 0
-1.63636 0.0290376 0
-1.62757 0.0296673 0
-1.61877 0.0302932 0
-1.60997 0.030917 0
-1.60117 0.0315405 0
-1.59238 0.0321648 0
-1.58358 0.0327903 0
-1.57478 0.0334165 0
-1.56598 0.0340423 0
-1.55718 0.0346662 0
-1.54839 0.0352863 0
-1.53959 0.0359013 0
-1.53079 0.0365104 0
-1.52199 0.0371137 0
-1.5132 0.0377122 0
-1.5044 0.0383078 0
-1.4956 0.0389037 0
-1.4868 0.0395035 0
-1.47801 0.0401118 0
-1.46921 0.0407334 0
-1.46041 0.041374 0
-1.45161 0.042039 0
-1.44282 0.0427345 0
-1.43402 0.0434665 0
-1.42522 0.044241 0
-1.41642 0.0450635 0
-1.40762 0.0459392 0
-1.39883 0.0468727 0
-1.39003 0.0478673 0
-1.38123 0.0489254 0
-1.37243 0.0500479 0
-1.36364 0.0512348 0
-1.35484 0.0524847 0
-1.34604 0.0537955 0
-1.33724 0.0551646 0
-1.32845 0.0565892 0
-1.31965 0.0580667 0
-1.31085 0.0595945 0
-1.30205 0.0611712 0
-1.29326 0.0627959 0
-1.28446 0.0644687 0
-1.27566 0.0661907 0
-1.26686 0.0679645 0
-1.25806 0.0697944 0
-1.24927 0.0716856 0
-1.24047 0.0736455 0
-1.23167 0.0756833 0
-1.22287 0.0778104 0
-1.21408 0.0800403 0
-1.20528 0.0823889 0
-1.19648 0.0848743 0
-1.18768 0.0875178 0
-1.17889 0.0903431 0
-1.17009 0.0933765 0
-1.16129 0.0966475 0
-1.15249 0.100189 0
-1.1437 0.104035 0
-1.1349 0.108225 0
-1.1261 0.112801 0
-1.1173 0.117806 0
-1.1085 0.123285 0
-1.09971 0.129286 0
-1.09091 0.135858 0
-1.08211 0.143047 0
-1.07331 0.1509 0
-1.06452 0.159461 0
-1.05572 0.16877 0
-1.04692 0.17886 0
-1.03812 0.189755 0
-1.02933 0.201468 0
-1.02053 0.213996 0
-1.01173 0.227317 0
-1.00293 0.241386 0
-0.994135 0.256133 0
-0.985337 0.271461 0
-0.976539 0.287246 0
-0.967742 0.303336 0
-0.958944 0.319555 0
-0.950147 0.335714 0
-0.941349 0.351607 0
-0.932551 0.36703 0
-0.923754 0.381788 0
-0.914956 0.395702 0
-0.906158 0.408619 0
-0.897361 0.420422 0
-0.888563 0.431032 0
-0.879765 0.440409 0
-0.870968 0.44855 0
-0.86217 0.45549 0
-0.853373 0.461289 0
-0.844575 0.466032 0
-0.835777 0.469816 0
-0.82698 0.472747 0
-0.818182 0.474933 0
-0.809384 0.476479 0
-0.800587 0.477483 0
-0.791789 0.478036 0
-0.782991 0.478218 0
-0.774193 0.478102 0
-0.765396 0.47775 0
-0.756598 0.477217 0
-0.747801 0.476551 0
-0.739003 0.475791 0
-0.730205 0.474975 0
-0.721408 0.474133 0
-0.71261 0.473292 0
-0.703812 0.472475 0
-0.695015 0.471704 0
-0.686217 0.470994 0
-0.677419 0.470361 0
-0.668622 0.469817 0
-0.659824 0.469369 0
-0.651027 0.469025 0
-0.642229 0.468789 0
-0.633431 0.468662 0
-0.624633 0.468642 0
-0.615836 0.468728 0
-0.607038 0.468919 0
-0.598241 0.469209 0
-0.589443 0.469596 0
-0.580645 0.470077 0
-0.571847 0.470651 0
-0.56305 0.471315 0
-0.554252 0.472067 0
-0.545455 0.472905 0
-0.536657 0.473828 0
-0.527859 0.47483 0
-0.519062 0.475911 0
-0.510264 0.477063 0
-0.501466 0.478282 0
-0.492669 0.479562 0
-0.483871 0.480898 0
-0.475073 0.482283 0
-0.466276 0.483711 0
-0.457478 0.485179 0
-0.448681 0.486683 0
-0.439883 0.488221 0
-0.431085 0.489792 0
-0.422287 0.491398 0
-0.41349 0.493044 0
-0.404692 0.494733 0
-0.395895 0.496474 0
-0.387097 0.498275 0
-0.378299 0.500146 0
-0.369502 0.502095 0
-0.360704 0.504128 0
-0.351906 0.506253 0
-0.343109 0.508469 0
-0.334311 0.51077 0
-0.325513 0.513148 0
-0.316716 0.515584 0
-0.307918 0.518052 0
-0.29912 0.520516 0
-0.290323 0.522931 0
-0.281525 0.525243 0
-0.272727 0.527386 0
-0.26393 0.529284 0
-0.255132 0.530838 0
-0.246334 0.531946 0
-0.237537 0.532478 0
-0.228739 0.532292 0
-0.219941 0.531223 0
-0.211144 0.529089 0
-0.202346 0.525694 0
-0.193548 0.520832 0
-0.184751 0.514298 0
-0.175953 0.505894 0
-0.167156 0.495444 0
-0.158358 0.482811 0
-0.14956 0.46791 0
-0.140763 0.450724 0
-0.131965 0.431311 0
-0.123167 0.409817 0
-0.11437 0.386468 0
-0.105572 0.361571 0
-0.0967742 0.335492 0
-0.0879767 0.30864 0
-0.0791789 0.281439 0
-0.0703814 0.254309 0
-0.0615836 0.227639 0
-0.0527861 0.201769 0
-0.0439883 0.176983 0
-0.0351908 0.153499 0
-0.026393 0.131468 0
-0.0175955 0.110981 0
-0.00879767 0.0920745 0
-1.43051e-07 0.0747428 0
0.00879765 0.0589409 0
0.0175952 0.0446003 0
0.026393 0.031633 0
0.0351905 0.0199404 0
0.0439883 0.00941624 0
0.0527858 -4.38281e-05 0
0.0615836 -0.00854475 0
0.0703811 -0.0161828 0
0.0791789 -0.0230516 0
0.0879764 -0.029233 0
0.096774 -0.0348034 0
0.105572 -0.039829 0
0.114369 -0.0443686 0
0.123167 -0.0484738 0
0.131965 -0.0521905 0
0.140762 -0.0555598 0
0.14956 -0.0586185 0
0.158358 -0.0614022 0
0.167155 -0.0639423 0
0.175953 -0.0662706 0
0.184751 -0.068416 0
0.193548 -0.0704052 0
0.202346 -0.0722626 0
0.211144 -0.074008 0
0.219941 -0.0756574 0
0.228739 -0.0772227 0
0.237536 -0.0787116 0
0.246334 -0.0801279 0
0.255132 -0.0814743 0
0.26393 -0.0827492 0
0.272727 -0.083952 0
0.281525 -0.0850797 0
0.290322 -0.0861304 0
0.29912 -0.0871017 0
0.307918 -0.0879914 0
0.316716 -0.0887972 0
0.325513 -0.0895177 0
0.334311 -0.0901509 0
0.343108 -0.0906961 0
0.351906 -0.0911525 0
0.360704 -0.0915204 0
0.369501 -0.0918011 0
0.378299 -0.0919961 0
0.387097 -0.0921078 0
0.395894 -0.0921397 0
0.404692 -0.0920958 0
0.41349 -0.0919812 0
0.422287 -0.0918024 0
0.431085 -0.0915677 0
0.439882 -0.0912864 0
0.44868 -0.0909695 0
0.457478 -0.0906292 0
0.466276 -0.0902777 0
0.475073 -0.0899273 0
0.483871 -0.0895891 0
0.492668 -0.0892727 0
0.501466 -0.0889855 0
0.510264 -0.088732 0
0.519062 -0.0885145 0
0.527859 -0.0883326 0
0.536657 -0.0881831 0
0.545454 -0.0880608 0
0.554252 -0.0879585 0
0.56305 -0.0878674 0
0.571847 -0.0877777 0
0.580645 -0.087679 0
0.589443 -0.0875608 0
0.59824 -0.0874133 0
0.607038 -0.0872277 0
0.615836 -0.0869965 0
0.624633 -0.0867144 0
0.633431 -0.0863782 0
0.642229 -0.0859867 0
0.651026 -0.0855409 0
0.659824 -0.0850433 0
0.668622 -0.0844981 0
0.677419 -0.0839101 0
0.686217 -0.0832847 0
0.695014 -0.0826279 0
0.703812 -0.0819454 0
0.71261 -0.0812428 0
0.721408 -0.0805255 0
0.730205 -0.0797983 0
0.739003 -0.0790651 0
0.7478 -0.0783294 0
0.756598 -0.0775927 0
0.765396 -0.0768556 0
0.774193 -0.0761167 0
0.782991 -0.0753734 0
0.791789 -0.0746221 0
0.800586 -0.0738574 0
0.809384 -0.0730741 0
0.818182 -0.0722663 0
0.826979 -0.0714279 0
0.835777 -0.0705533 0
0.844575 -0.0696374 0
0.853372 -0.0686751 0
0.86217 -0.067662 0
0.870968 -0.0665949 0
0.879765 -0.0654717 0
0.888563 -0.0642914 0
0.897361 -0.0630543 0
0.906158 -0.0617623 0
0.914956 -0.0604178 0
0.923753 -0.0590239 0
0.932551 -0.0575831 0
0.941349 -0.0560976 0
0.950146 -0.0545683 0
0.958944 -0.0529952 0
0.967742 -0.0513772 0
0.976539 -0.0497129 0
0.985337 -0.0480007 0
0.994135 -0.0462393 0
1.00293 -0.0444287 0
1.01173 -0.0425695 0
1.02053 -0.0406646 0
1.02933 -0.038718 0
1.03812 -0.0367356 0
1.04692 -0.0347246 0
1.05572 -0.0326933 0
1.06452 -0.0306507 0
1.07331 -0.0286059 0
1.08211 -0.0265679 0
1.09091 -0.0245447 0
1.09971 -0.0225435 0
1.1085 -0.0205695 0
1.1173 -0.018627 0
1.1261 -0.0167186 0
1.1349 -0.0148456 0
1.14369 -0.0130087 0
1.15249 -0.0112075 0
1.16129 -0.00944167 0
1.17009 -0.00771119 0
1.17889 -0.00601652 0
1.18768 -0.00435864 0
1.19648 -0.00273962 0
1.20528 -0.00116167 0
1.21408 0.000372081 0
1.22287 0.00185902 0
1.23167 0.00329705 0
1.24047 0.00468504 0
1.24927 0.00602319 0
1.25806 0.0073132 0
1.26686 0.00855842 0
1.27566 0.00976342 0
1.28446 0.010934 0
1.29325 0.0120768 0
1.30205 0.0131987 0
1.31085 0.0143064 0
1.31965 0.0154066 0
1.32845 0.0165049 0
1.33724 0.017606 0
1.34604 0.0187134 0
1.35484 0.0198298 0
1.36364 0.0209561 0
1.37243 0.0220928 0
1.38123 0.0232393 0
1.39003 0.0243941 0
1.39883 0.0255555 0
1.40762 0.0267212 0
1.41642 0.0278888 0
1.42522 0.0290556 0
1.43402 0.0302188 0
1.44282 0.0313753 0
1.45161 0.0325215 0
1.46041 0.0336538 0
1.46921 0.0347683 0
1.47801 0.0358608 0
1.4868 0.0369269 0
1.4956 0.0379623 0
1.5044 0.0389629 0
1.5132 0.0399249 0
1.52199 0.0408449 0
1.53079 0.0417202 0
1.53959 0.042549 0
1.54839 0.0433304 0
1.55718 0.0440646 0
1.56598 0.044753 0
1.57478 0.0453975 0
1.58358 0.0460006 0
1.59237 0.0465649 0
1.60117 0.0470928 0
1.60997 0.047586 0
1.61877 0.048046 0
1.62757 0.0484737 0
1.63636 0.0488698 0
1.64516 0.0492349 0
1.65396 0.0495697 0
1.66276 0.0498754 0
1.67155 0.0501537 0
1.68035 0.0504064 0
1.68915 0.0506359 0
1.69795 0.0508449 0
1.70674 0.0510366 0
1.71554 0.0512145 0
1.72434 0.0513825 0
1.73314 0.0515457 0
1.74194 0.0517089 0
1.75073 0.0518779 0
1.75953 0.0520585 0
1.76833 0.0522565 0
1.77713 0.0524775 0
1.78592 0.0527259 0
1.79472 0.053006 0
1.80352 0.0533207 0
1.81232 0.053672 0
1.82111 0.0540607 0
1.82991 0.0544866 0
1.83871 0.0549484 0
1.84751 0.0554435 0
1.8563 0.0559682 0
1.8651 0.0565175 0
1.8739 0.0570857 0
1.8827 0.0576661 0
1.8915 0.0582515 0
1.90029 0.0588352 0
1.90909 0.0594103 0
1.91789 0.059971 0
1.92669 0.0605124 0
1.93548 0.0610305 0
1.94428 0.0615226 0
1.95308 0.0619871 0
1.96188 0.0624233 0
1.97067 0.0628313 0
1.97947 0.0632125 0
1.98827 0.0635686 0
1.99707 0.063902 0
2.00586 0.0642152 0
2.01466 0.0645105 0
2.02346 0.06479 0
2.03226 0.065055 0
2.04106 0.0653061 0
2.04985 0.0655433 0
2.05865 0.0657664 0
2.06745 0.065975 0
2.07625 0.0661691 0
2.08504 0.0663493 0
2.09384 0.066517 0
2.10264 0.0666742 0
2.11144 0.0668235 0
2.12023 0.0669681 0
2.12903 0.0671104 0
2.13783 0.0672529 0
2.14663 0.0673968 0
2.15543 0.0675418 0
2.16422 0.0676867 0
2.17302 0.0678283 0
2.18182 0.0679629 0
2.19062 0.0680857 0
2.19941 0.068192 0
2.20821 0.068277 0
2.21701 0.0683372 0
2.22581 0.06837 0
2.2346 0.068374 0
2.2434 0.0683493 0
2.2522 0.0682971 0
2.261 0.0682186 0
2.26979 0.0681165 0
2.27859 0.0679928 0
2.28739 0.0678496 0
2.29619 0.0676889 0
2.30499 0.0675122 0
2.31378 0.0673208 0
2.32258 0.067116 0
2.33138 0.0668988 0
2.34018 0.0666702 0
2.34897 0.0664314 0
2.35777 0.0661832 0
2.36657 0.0659266 0
2.37537 0.065662 0
2.38416 0.0653899 0
2.39296 0.0651102 0
2.40176 0.0648233 0
2.41056 0.0645292 0
2.41935 0.0642282 0
2.42815 0.0639207 0
2.43695 0.0636066 0
2.44575 0.0632861 0
2.45455 0.0629588 0
2.46334 0.0626242 0
2.47214 0.0622816 0
2.48094 0.0619305 0
2.48974 0.0615716 0
2.49853 0.061206 0
2.50733 0.060836 0
2.51613 0.0604649 0
2.52493 0.0600973 0
2.53372 0.0597378 0
2.54252 0.0593913 0
2.55132 0.0590621 0
2.56012 0.0587542 0
2.56891 0.0584702 0
2.57771 0.0582121 0
2.58651 0.0579809 0
2.59531 0.0577762 0
2.60411 0.0575973 0
2.6129 0.0574418 0
2.6217 0.0573069 0
2.6305 0.057189 0
2.6393 0.057083 0
2.64809 0.0569836 0
2.65689 0.0568847 0
2.66569 0.05678 0
2.67449 0.0566632 0
2.68328 0.0565286 0
2.69208 0.0563711 0
2.70088 0.0561872 0
2.70968 0.0559745 0
2.71847 0.0557325 0
2.72727 0.0554617 0
2.73607 0.0551651 0
2.74487 0.0548461 0
2.75367 0.0545091 0
2.76246 0.0541587 0
2.77126 0.0537988 0
2.78006 0.0534329 0
2.78886 0.0530634 0
2.79765 0.052691 0
2.80645 0.0523152 0
2.81525 0.0519343 0
2.82405 0.0515454 0
2.83284 0.0511455 0
2.84164 0.0507309 0
2.85044 0.0502988 0
2.85924 0.0498463 0
2.86803 0.0493718 0
2.87683 0.0488741 0
2.88563 0.0483526 0
2.89443 0.0478076 0
2.90323 0.047239 0
2.91202 0.0466475 0
2.92082 0.0460334 0
2.92962 0.045397 0
2.93842 0.044739 0
2.94721 0.0440598 0
2.95601 0.0433603 0
2.96481 0.042641 0
2.97361 0.0419033 0
2.9824 0.0411485 0
2.9912 0.0403786 0
3 0.0395957 0
3.0088 0.0388026 0
3.0176 0.0380026 0
3.02639 0.0371993 0
3.03519 0.0363963 0
3.04399 0.035597 0
3.05279 0.0348042 0
3.06158 0.0340201 0
3.07038 0.0332454 0
3.07918 0.0324803 0
3.08798 0.0317236 0
3.09677 0.0309736 0
3.10557 0.0302277 0
3.11437 0.0294836 0
3.12317 0.028739 0
3.13196 0.0279919 0
3.14076 0.0272408 0
3.14956 0.0264851 0
3.15836 0.0257249 0
3.16716 0.0249613 0
3.17595 0.0241955 0
3.18475 0.0234298 0
3.19355 0.0226662 0
3.20235 0.0219066 0
3.21114 0.0211524 0
3.21994 0.0204041 0
3.22874 0.019661 0
3.23754 0.0189212 0
3.24633 0.0181816 0
3.25513 0.0174378 0
3.26393 0.0166844 0
3.27273 0.0159157 0
3.28152 0.0151253 0
3.29032 0.0143075 0
3.29912 0.0134571 0
3.30792 0.0125702 0
3.31672 0.0116448 0
3.32551 0.0106811 0
3.33431 0.00968197 0
3.34311 0.00865281 0
3.35191 0.00760141 0
3.3607 0.00653761 0
3.3695 0.00547254 0
3.3783 0.0044174 0
3.3871 0.0033831 0
3.39589 0.00237906 0
3.40469 0.00141238 0
3.41349 0.000487662 0
3.42229 -0.000393214 0
3.43108 -0.00123123 0
3.43988 -0.00202958 0
3.44868 -0.0027936 0
3.45748 -0.00352956 0
3.46628 -0.0042443 0
3.47507 -0.00494425 0
3.48387 -0.00563492 0
3.49267 -0.00632012 0
3.50147 -0.00700203 0
3.51026 -0.00768102 0
3.51906 -0.0083558 0
3.52786 -0.00902398 0
3.53666 -0.0096824 0
3.54545 -0.010328 0
3.55425 -0.010958 0
3.56305 -0.0115702 0
3.57185 -0.0121636 0
3.58064 -0.0127379 0
3.58944 -0.0132939 0
3.59824 -0.0138328 0
3.60704 -0.0143561 0
3.61584 -0.0148652 0
3.62463 -0.0153614 0
3.63343 -0.0158453 0
3.64223 -0.0163167 0
3.65103 -0.0167752 0
3.65982 -0.0172193 0
3.66862 -0.017647 0
3.67742 -0.0180561 0
3.68622 -0.0184443 0
3.69501 -0.0188094 0
3.70381 -0.0191498 0
3.71261 -0.0194648 0
3.72141 -0.0197545 0
3.73021 -0.0200206 0
3.739 -0.0202654 0
3.7478 -0.0204923 0
3.7566 -0.0207051 0
3.7654 -0.0209076 0
3.77419 -0.0211034 0
3.78299 -0.021295 0
3.79179 -0.021484 0
3.80059 -0.0216707 0
3.80938 -0.0218549 0
3.81818 -0.0220355 0
3.82698 -0.0222113 0
3.83578 -0.0223815 0
3.84457 -0.0225454 0
3.85337 -0.0227033 0
3.86217 -0.0228559 0
3.87097 -0.0230044 0
3.87976 -0.0231506 0
3.88856 -0.0232965 0
3.89736 -0.0234439 0
3.90616 -0.0235948 0
3.91496 -0.0237504 0
3.92375 -0.0239118 0
3.93255 -0.024079 0
3.94135 -0.0242509 0
3.95015 -0.0244255 0
3.95894 -0.0245998 0
3.96774 -0.0247694 0
3.97654 -0.0249298 0
3.98534 -0.0250757 0
3.99413 -0.0252027 0
4.00293 -0.0253064 0
4.01173 -0.0253841 0
4.02053 -0.0254342 0
4.02933 -0.0254568 0
4.03812 -0.0254535 0
4.04692 -0.0254271 0
4.05572 -0.0253818 0
4.06452 -0.0253222 0
4.07331 -0.0252536 0
4.08211 -0.025181 0
4.09091 -0.025109 0
4.09971 -0.0250415 0
4.1085 -0.0249812 0
4.1173 -0.0249294 0
4.1261 -0.0248864 0
4.1349 -0.0248505 0
4.14369 -0.0248191 0
4.15249 -0.0247885 0
4.16129 -0.0247544 0
4.17009 -0.0247124 0
4.17889 -0.0246585 0
4.18768 -0.0245893 0
4.19648 -0.0245028 0
4.20528 -0.0243981 0
4.21408 -0.0242759 0
4.22287 -0.0241381 0
4.23167 -0.0239877 0
4.24047 -0.0238285 0
4.24927 -0.0236649 0
4.25806 -0.0235014 0
4.26686 -0.023342 0
4.27566 -0.0231903 0
4.28446 -0.0230487 0
4.29325 -0.0229185 0
4.30205 -0.0227997 0
4.31085 -0.0226912 0
4.31965 -0.0225909 0
4.32845 -0.0224961 0
4.33724 -0.0224038 0
4.34604 -0.0223107 0
4.35484 -0.0222138 0
4.36364 -0.0221102 0
4.37243 -0.0219975 0
4.38123 -0.0218739 0
4.39003 -0.0217381 0
4.39883 -0.0215898 0
4.40762 -0.0214291 0
4.41642 -0.0212572 0
4.42522 -0.0210761 0
4.43402 -0.020888 0
4.44281 -0.0206958 0
4.45161 -0.0205024 0
4.46041 -0.0203101 0
4.46921 -0.0201213 0
4.47801 -0.0199375 0
4.4868 -0.0197592 0
4.4956 -0.0195865 0
4.5044 -0.0194182 0
4.5132 -0.0192529 0
4.52199 -0.0190884 0
4.53079 -0.0189228 0
4.53959 -0.018754 0
4.54839 -0.0185807 0
4.55718 -0.0184022 0
4.56598 -0.0182186 0
4.57478 -0.0180306 0
4.58358 -0.0178395 0
4.59238 -0.0176467 0
4.60117 -0.0174536 0
4.60997 -0.0172609 0
4.61877 -0.0170694 0
4.62757 -0.0168794 0
4.63636 -0.0166908 0
4.64516 -0.0165038 0
4.65396 -0.0163187 0
4.66276 -0.0161358 0
4.67155 -0.015956 0
4.68035 -0.01578 0
4.68915 -0.0156087 0
4.69795 -0.0154429 0
4.70674 -0.0152829 0
4.71554 -0.0151291 0
4.72434 -0.0149814 0
4.73314 -0.0148393 0
4.74194 -0.0147023 0
4.75073 -0.0145695 0
4.75953 -0.01444 0
4.76833 -0.0143128 0
4.77713 -0.0141869 0
4.78592 -0.0140613 0
4.79472 -0.013935 0
4.80352 -0.0138071 0
4.81232 -0.0136767 0
4.82111 -0.0135429 0
4.82991 -0.0134047 0
4.83871 -0.0132614 0
4.84751 -0.0131124 0
4.8563 -0.0129571 0
4.8651 -0.0127955 0
4.8739 -0.012628 0
4.8827 -0.0124554 0
4.8915 -0.0122788 0
4.90029 -0.0120997 0
4.90909 -0.0119197 0
4.91789 -0.0117401 0
4.92669 -0.0115623 0
4.93548 -0.0113873 0
4.94428 -0.0112153 0
4.95308 -0.0110465 0
4.96188 -0.0108802 0
4.97067 -0.0107156 0
4.97947 -0.0105513 0
4.98827 -0.0103862 0
4.99707 -0.0102186 0
5.00586 -0.0100474 0
5.01466 -0.00987167 0
5.02346 -0.00969072 0
5.03226 -0.00950424 0
5.04106 -0.0093122 0
5.04985 -0.00911478 0
5.05865 -0.00891242 0
5.06745 -0.00870554 0
5.07625 -0.00849492 0
5.08504 -0.00828119 0
5.09384 -0.00806517 0
5.10264 -0.00784776 0
5.11144 -0.0076298 0
5.12023 -0.00741223 0
5.12903 -0.00719579 0
5.13783 -0.00698112 0
5.14663 -0.00676864 0
5.15542 -0.0065584 0
5.16422 -0.00635031 0
5.17302 -0.00614392 0
5.18182 -0.00593862 0
5.19062 -0.00573363 0
5.19941 -0.0055281 0
5.20821 -0.0053213 0
5.21701 -0.00511253 0
5.22581 -0.00490136 0
5.2346 -0.00468758 0
5.2434 -0.00447123 0
5.2522 -0.00425265 0
5.261 -0.00403237 0
5.26979 -0.00381117 0
5.27859 -0.00358993 0
5.28739 -0.00336954 0
5.29619 -0.00315101 0
5.30499 -0.00293525 0
5.31378 -0.00272313 0
5.32258 -0.00251549 0
5.33138 -0.00231305 0
5.34018 -0.0021166 0
5.34897 -0.00192681 0
5.35777 -0.00174431 0
5.36657 -0.00156979 0
5.37537 -0.00140391 0
5.38416 -0.00124729 0
5.39296 -0.00110049 0
5.40176 -0.000964017 0
5.41056 -0.0008382 0
5.41935 -0.000723313 0
5.42815 -0.000619344 0
5.43695 -0.000526149 0
5.44575 -0.000443445 0
5.45455 -0.000370665 0
5.46334 -0.000307211 0
5.47214 -0.000252335 0
5.48094 -0.000205214 0
5.48974 -0.000165068 0
5.49853 -0.000131038 0
5.50733 -0.000102386 0
5.51613 -7.83984e-05 0
5.52493 -5.83879e-05 0
5.53372 -4.17795e-05 0
5.54252 -2.80423e-05 0
5.55132 -1.67482e-05 0
5.56012 -7.50998e-06 0
5.56891 5.83105e-08 0
5.57771 6.29162e-06 0
5.58651 1.1252e-05 0
5.59531 1.52279e-05 0
5.6041 1.83992e-05 0
5.6129 2.09198e-05 0
5.6217 2.28956e-05 0
5.6305 2.44293e-05 0
5.6393 2.55915e-05 0
5.64809 2.65739e-05 0
5.65689 2.72079e-05 0
5.66569 2.76466e-05 0
5.67449 2.8047e-05 0
5.68328 2.82213e-05 0
5.69208 2.83965e-05 0
5.70088 2.84073e-05 0
5.70968 2.84479e-05 0
5.71847 2.84645e-05 0
5.72727 2.84387e-05 0
5.73607 2.83835e-05 0
5.74487 2.84226e-05 0
5.75366 2.84447e-05 0
5.76246 2.83587e-05 0
5.77126 2.84668e-05 0
5.78006 2.84673e-05 0
5.78886 2.85609e-05 0
5.79765 2.86491e-05 0
5.80645 2.87382e-05 0
5.81525 2.89245e-05 0
5.82405 2.90129e-05 0
5.83284 2.91869e-05 0
5.84164 2.93775e-05 0
5.85044 2.96717e-05 0
5.85924 2.98674e-05 0
5.86803 3.00696e-05 0
5.87683 3.02865e-05 0
5.88563 3.05134e-05 0
5.89443 3.07581e-05 0
5.90323 3.09118e-05 0
5.91202 3.10778e-05 0
5.92082 3.12632e-05 0
5.92962 3.14585e-05 0
5.93842 3.15661e-05 0
5.94721 3.16804e-05 0
5.95601 3.18089e-05 0
5.96481 3.19499e-05 0
5.97361 3.19937e-05 0
5.9824 3.20548e-05 0
5.9912 3.22128e-05 0
6 3.21785e-05 0
