-3 4.37499e-10 0
-2.9912 5.21521e-10 0
-2.9824 6.21645e-10 0
-2.97361 7.40963e-10 0
-2.96481 8.83095e-10 0
-2.95601 1.0524e-09 0
-2.94721 1.25403e-09 0
-2.93842 1.49409e-09 0
-2.92962 1.77984e-09 0
-2.92082 2.11987e-09 0
-2.91202 2.52436e-09 0
-2.90323 3.00519e-09 0
-2.89443 3.57653e-09 0
-2.88563 4.25494e-09 0
-2.87683 5.05984e-09 0
-2.86803 6.01398e-09 0
-2.85924 7.14361e-09 0
-2.85044 8.47927e-09 0
-2.84164 1.0056e-08 0
-2.83284 1.19139e-08 0
-2.82405 1.40978e-08 0
-2.81525 1.66581e-08 0
-2.80645 1.96504e-08 0
-2.79765 2.31338e-08 0
-2.78886 2.71706e-08 0
-2.78006 3.18237e-08 0
-2.77126 3.71536e-08 0
-2.76246 4.32119e-08 0
-2.75367 5.00369e-08 0
-2.74487 5.76449e-08 0
-2.73607 6.60178e-08 0
-2.72727 7.50954e-08 0
-2.71848 8.47603e-08 0
-2.70968 9.48291e-08 0
-2.70088 1.05041e-07 0
-2.69208 1.15056e-07 0
-2.68328 1.24463e-07 0
-2.67449 1.32785e-07 0
-2.66569 1.39512e-07 0
-2.65689 1.44129e-07 0
-2.64809 1.46157e-07 0
-2.6393 1.45197e-07 0
-2.6305 1.40958e-07 0
-2.6217 1.33286e-07 0
-2.6129 1.22175e-07 0
-2.60411 1.07755e-07 0
-2.59531 9.02748e-08 0
-2.58651 7.00705e-08 0
-2.57771 4.75411e-08 0
-2.56891 2.31099e-08 0
-2.56012 -2.79526e-09 0
-2.55132 -2.97516e-08 0
-2.54252 -5.73572e-08 0
-2.53372 -8.52245e-08 0
-2.52493 -1.12979e-07 0
-2.51613 -1.40243e-07 0
-2.50733 -1.66637e-07 0
-2.49853 -1.91767e-07 0
-2.48974 -2.15213e-07 0
-2.48094 -2.36536e-07 0
-2.47214 -2.55266e-07 0
-2.46334 -2.7091e-07 0
-2.45455 -2.82942e-07 0
-2.44575 -2.90802e-07 0
-2.43695 -2.93891e-07 0
-2.42815 -2.91549e-07 0
-2.41935 -2.83031e-07 0
-2.41056 -2.67479e-07 0
-2.40176 -2.4388e-07 0
-2.39296 -2.11025e-07 0
-2.38416 -1.67455e-07 0
-2.37537 -1.11401e-07 0
-2.36657 -4.07419e-08 0
-2.35777 4.70875e-08 0
-2.34897 1.55165e-07 0
-2.34018 2.87182e-07 0
-2.33138 4.47533e-07 0
-2.32258 6.4149e-07 0
-2.31378 8.75367e-07 0
-2.30499 1.15667e-06 0
-2.29619 1.4944e-06 0
-2.28739 1.89934e-06 0
-2.27859 2.38439e-06 0
-2.26979 2.96489e-06 0
-2.261 3.65925e-06 0
-2.2522 4.48948e-06 0
-2.2434 5.48167e-06 0
-2.2346 6.66707e-06 0
-2.22581 8.08284e-06 0
-2.21701 9.77331e-06 0
-2.20821 1.17909e-05 0
-2.19941 1.41982e-05 0
-2.19062 1.70697e-05 0
-2.18182 2.04933e-05 0
-2.17302 2.4574e-05 0
-2.16422 2.94361e-05 0
-2.15542 3.52272e-05 0
-2.14663 4.21212e-05 0
-2.13783 5.03249e-05 0
-2.12903 6.00828e-05 0
-2.12023 7.16812e-05 0
-2.11144 8.5459e-05 0
-2.10264 0.000101813 0
-2.09384 0.000121209 0
-2.08504 0.000144186 0
-2.07625 0.000171372 0
-2.06745 0.000203496 0
-2.05865 0.000241385 0
-2.04985 0.00028599 0
-2.04106 0.000338381 0
-2.03226 0.000399761 0
-2.02346 0.000471447 0
-2.01466 0.000554889 0
-2.00586 0.000651644 0
-1.99707 0.000763336 0
-1.98827 0.000891654 0
-1.97947 0.00103829 0
-1.97067 0.00120491 0
-1.96188 0.00139303 0
-1.95308 0.00160407 0
-1.94428 0.00183919 0
-1.93548 0.00209928 0
-1.92669 0.00238496 0
-1.91789 0.00269648 0
-1.90909 0.00303379 0
-1.90029 0.00339644 0
-1.8915 0.00378372 0
-1.8827 0.00419462 0
-1.8739 0.00462796 0
-1.8651 0.00508234 0
-1.85631 0.00555643 0
-1.84751 0.00604899 0
-1.83871 0.00655894 0
-1.82991 0.00708565 0
-1.82111 0.00762891 0
-1.81232 0.00818899 0
-1.80352 0.00876651 0
-1.79472 0.00936249 0
-1.78592 0.00997802 0
-1.77713 0.0106141 0
-1.76833 0.0112715 0
-1.75953 0.0119506 0
-1.75073 0.0126517 0
-1.74194 0.0133746 0
-1.73314 0.014119 0
-1.72434 0.0148852 0
-1.71554 0.0156735 0
-1.70674 0.0164849 0
-1.69795 0.017321 0
-1.68915 0.0181836 0
-1.68035 0.0190752 0
-1.67155 0.0199979 0
-1.66276 0.0209544 0
-1.65396 0.0219465 0
-1.64516 0.0229762 0
-1.63636 0.0240449 0
-1.62757 0.0251539 0
-1.61877 0.026304 0
-1.60997 0.0274958 0
-1.60117 0.0287301 0
-1.59238 0.0300075 0
-1.58358 0.0313295 0
-1.57478 0.0326979 0
-1.56598 0.0341158 0
-1.55718 0.0355871 0
-1.54839 0.0371172 0
-1.53959 0.0387128 0
-1.53079 0.0403813 0
-1.52199 0.0421311 0
-1.5132 0.0439715 0
-1.5044 0.0459123 0
-1.4956 0.0479634 0
-1.4868 0.0501357 0
-1.47801 0.0524404 0
-1.46921 0.0548894 0
-1.46041 0.0574955 0
-1.45161 0.0602724 0
-1.44281 0.0632344 0
-1.43402 0.0663963 0
-1.42522 0.0697745 0
-1.41642 0.0733863 0
-1.40762 0.0772502 0
-1.39883 0.0813875 0
-1.39003 0.0858233 0
-1.38123 0.0905867 0
-1.37243 0.0957116 0
-1.36364 0.101239 0
-1.35484 0.107216 0
-1.34604 0.113698 0
-1.33724 0.120745 0
-1.32845 0.128426 0
-1.31965 0.136818 0
-1.31085 0.146002 0
-1.30205 0.156069 0
-1.29325 0.167117 0
-1.28446 0.179246 0
-1.27566 0.192568 0
-1.26686 0.207199 0
-1.25806 0.223261 0
-1.24927 0.240876 0
-1.24047 0.260169 0
-1.23167 0.281264 0
-1.22287 0.304271 0
-1.21408 0.329292 0
-1.20528 0.35641 0
-1.19648 0.385678 0
-1.18768 0.417111 0
-1.17889 0.450682 0
-1.17009 0.486315 0
-1.16129 0.523863 0
-1.15249 0.56312 0
-1.1437 0.603809 0
-1.1349 0.645588 0
-1.1261 0.688044 0
-1.1173 0.730716 0
-1.1085 0.773109 0
-1.09971 0.814692 0
-1.09091 0.854951 0
-1.08211 0.893383 0
-1.07331 0.92954 0
-1.06452 0.963021 0
-1.05572 0.993517 0
-1.04692 1.0208 0
-1.03812 1.04474 0
-1.02933 1.06527 0
-1.02053 1.08245 0
-1.01173 1.09638 0
-1.00293 1.10722 0
-0.994135 1.11518 0
-0.985337 1.1205 0
-0.976539 1.12344 0
-0.967742 1.12427 0
-0.958944 1.12326 0
-0.950146 1.12065 0
-0.941349 1.11668 0
-0.932551 1.1116 0
-0.923753 1.10558 0
-0.914956 1.09883 0
-0.906158 1.09149 0
-0.897361 1.08372 0
-0.888563 1.07563 0
-0.879765 1.06734 0
-0.870968 1.05893 0
-0.86217 1.05049 0
-0.853372 1.04207 0
-0.844575 1.03374 0
-0.835777 1.02554 0
-0.826979 1.01751 0
-0.818182 1.00969 0
-0.809384 1.00209 0
-0.800586 0.994743 0
-0.791789 0.987652 0
-0.782991 0.980825 0
-0.774194 0.97426 0
-0.765396 0.967952 0
-0.756598 0.961892 0
-0.747801 0.956069 0
-0.739003 0.950464 0
-0.730205 0.945067 0
-0.721408 0.939862 0
-0.71261 0.934834 0
-0.703812 0.929974 0
-0.695014 0.925272 0
-0.686217 0.920723 0
-0.677419 0.916321 0
-0.668621 0.912062 0
-0.659824 0.907941 0
-0.651026 0.903954 0
-0.642228 0.900093 0
-0.633431 0.896351 0
-0.624633 0.892714 0
-0.615835 0.889171 0
-0.607038 0.885707 0
-0.59824 0.882309 0
-0.589443 0.878966 0
-0.580645 0.875667 0
-0.571847 0.872405 0
-0.56305 0.869176 0
-0.554252 0.865983 0
-0.545454 0.862829 0
-0.536657 0.85972 0
-0.527859 0.856665 0
-0.519061 0.853672 0
-0.510264 0.850748 0
-0.501466 0.847902 0
-0.492668 0.845139 0
-0.483871 0.842461 0
-0.475073 0.839868 0
-0.466276 0.837357 0
-0.457478 0.834927 0
-0.44868 0.832572 0
-0.439883 0.830288 0
-0.431085 0.828071 0
-0.422287 0.825917 0
-0.41349 0.823829 0
-0.404692 0.821804 0
-0.395894 0.819846 0
-0.387097 0.817959 0
-0.378299 0.816149 0
-0.369501 0.814417 0
-0.360704 0.812771 0
-0.351906 0.811212 0
-0.343109 0.809747 0
-0.334311 0.808372 0
-0.325513 0.807092 0
-0.316716 0.805905 0
-0.307917 0.804812 0
-0.29912 0.803811 0
-0.290322 0.802896 0
-0.281525 0.802064 0
-0.272727 0.801309 0
-0.263929 0.800619 0
-0.255132 0.799985 0
-0.246334 0.799394 0
-0.237536 0.798832 0
-0.228739 0.798285 0
-0.219941 0.797738 0
-0.211143 0.797175 0
-0.202346 0.796587 0
-0.193548 0.795958 0
-0.18475 0.79528 0
-0.175953 0.794542 0
-0.167155 0.793737 0
-0.158358 0.792852 0
-0.14956 0.791874 0
-0.140762 0.790787 0
-0.131965 0.789563 0
-0.123167 0.788168 0
-0.114369 0.786561 0
-0.105572 0.784683 0
-0.0967742 0.782465 0
-0.0879762 0.779824 0
-0.0791787 0.776667 0
-0.0703812 0.772883 0
-0.0615832 0.768351 0
-0.0527857 0.762942 0
-0.0439882 0.756513 0
-0.0351907 0.748919 0
-0.0263926 0.74001 0
-0.0175951 0.729635 0
-0.00879762 0.717654 0
4.17233e-07 0.703931 0
0.00879792 0.688355 0
0.0175954 0.670839 0
0.0263929 0.65133 0
0.035191 0.629814 0
0.0439885 0.60633 0
0.052786 0.580967 0
0.061584 0.55387 0
0.0703815 0.525243 0
0.079179 0.495335 0
0.0879765 0.464444 0
0.0967745 0.432895 0
0.105572 0.401039 0
0.11437 0.369225 0
0.123168 0.337793 0
0.131965 0.307061 0
0.140763 0.277311 0
0.14956 0.248783 0
0.158358 0.221666 0
0.167156 0.196105 0
0.175953 0.172193 0
0.184751 0.149979 0
0.193549 0.129472 0
0.202346 0.110649 0
0.211144 0.0934535 0
0.219942 0.0778107 0
0.228739 0.0636317 0
0.237537 0.0508132 0
0.246335 0.0392462 0
0.255132 0.0288226 0
0.26393 0.0194335 0
0.272727 0.0109757 0
0.281525 0.00335093 0
0.290323 -0.00352807 0
0.29912 -0.00974328 0
0.307918 -0.0153658 0
0.316716 -0.0204573 0
0.325513 -0.0250726 0
0.334311 -0.029258 0
0.343109 -0.0330547 0
0.351906 -0.0364958 0
0.360704 -0.0396112 0
0.369502 -0.0424292 0
0.378299 -0.0449719 0
0.387097 -0.0472603 0
0.395894 -0.0493143 0
0.404692 -0.0511516 0
0.41349 -0.0527877 0
0.422287 -0.0542388 0
0.431085 -0.0555179 0
0.439883 -0.056638 0
0.44868 -0.0576102 0
0.457478 -0.0584459 0
0.466276 -0.0591543 0
0.475074 -0.0597455 0
0.483871 -0.0602286 0
0.492669 -0.0606125 0
0.501467 -0.0609054 0
0.510264 -0.0611163 0
0.519062 -0.0612525 0
0.52786 -0.061322 0
0.536657 -0.0613326 0
0.545455 -0.061292 0
0.554252 -0.0612077 0
0.56305 -0.0610872 0
0.571848 -0.0609367 0
0.580645 -0.060762 0
0.589443 -0.0605669 0
0.598241 -0.0603534 0
0.607038 -0.0601223 0
0.615836 -0.0598714 0
0.624634 -0.0595976 0
0.633431 -0.0592968 0
0.642229 -0.0589639 0
0.651027 -0.0585942 0
0.659824 -0.058183 0
0.668622 -0.0577269 0
0.677419 -0.0572241 0
0.686217 -0.0566741 0
0.695015 -0.0560781 0
0.703812 -0.055439 0
0.71261 -0.0547601 0
0.721408 -0.0540467 0
0.730205 -0.0533025 0
0.739003 -0.0525324 0
0.747801 -0.0517403 0
0.756598 -0.0509298 0
0.765396 -0.0501036 0
0.774194 -0.049264 0
0.782991 -0.0484126 0
0.791789 -0.0475503 0
0.800586 -0.0466777 0
0.809384 -0.045795 0
0.818182 -0.0449027 0
0.826979 -0.0440011 0
0.835777 -0.0430911 0
0.844575 -0.0421743 0
0.853372 -0.041253 0
0.86217 -0.0403307 0
0.870968 -0.0394118 0
0.879766 -0.0385018 0
0.888563 -0.0376069 0
0.897361 -0.0367335 0
0.906159 -0.035889 0
0.914956 -0.0350792 0
0.923754 -0.03431 0
0.932552 -0.0335861 0
0.941349 -0.032911 0
0.950147 -0.0322865 0
0.958945 -0.0317131 0
0.967742 -0.0311897 0
0.97654 -0.0307144 0
0.985337 -0.0302837 0
0.994135 -0.0298935 0
1.00293 -0.0295391 0
1.01173 -0.0292151 0
1.02053 -0.0289161 0
1.02933 -0.0286362 0
1.03812 -0.0283697 0
1.04692 -0.0281104 0
1.05572 -0.0278524 0
1.06452 -0.0275892 0
1.07331 -0.0273147 0
1.08211 -0.0270223 0
1.09091 -0.0267053 0
1.09971 -0.0263569 0
1.1085 -0.02597 0
1.1173 -0.0255376 0
1.1261 -0.0250528 0
1.1349 -0.0245087 0
1.1437 -0.023899 0
1.15249 -0.0232179 0
1.16129 -0.0224608 0
1.17009 -0.0216239 0
1.17889 -0.0207054 0
1.18768 -0.0197047 0
1.19648 -0.0186232 0
1.20528 -0.0174639 0
1.21408 -0.0162315 0
1.22287 -0.0149321 0
1.23167 -0.0135726 0
1.24047 -0.0121607 0
1.24927 -0.0107039 0
1.25806 -0.00920952 0
1.26686 -0.00768367 0
1.27566 -0.00613188 0
1.28446 -0.00455819 0
1.29326 -0.00296574 0
1.30205 -0.00135685 0
1.31085 0.000266142 0
1.31965 0.0019009 0
1.32845 0.00354479 0
1.33724 0.00519365 0
1.34604 0.00684304 0
1.35484 0.00848723 0
1.36364 0.0101201 0
1.37243 0.0117346 0
1.38123 0.0133236 0
1.39003 0.0148805 0
1.39883 0.0163985 0
1.40762 0.0178719 0
1.41642 0.0192961 0
1.42522 0.0206674 0
1.43402 0.0219836 0
1.44282 0.0232442 0
1.45161 0.0244504 0
1.46041 0.0256047 0
1.46921 0.0267115 0
1.47801 0.0277761 0
1.4868 0.0288052 0
1.4956 0.0298053 0
1.5044 0.0307834 0
1.5132 0.0317457 0
1.52199 0.0326974 0
1.53079 0.0336424 0
1.53959 0.0345829 0
1.54839 0.0355198 0
1.55718 0.0364519 0
1.56598 0.0373771 0
1.57478 0.0382922 0
1.58358 0.0391933 0
1.59238 0.0400763 0
1.60117 0.0409375 0
1.60997 0.0417735 0
1.61877 0.042582 0
1.62757 0.0433613 0
1.63636 0.0441112 0
1.64516 0.0448325 0
1.65396 0.045527 0
1.66276 0.046198 0
1.67155 0.0468498 0
1.68035 0.0474874 0
1.68915 0.0481167 0
1.69795 0.0487437 0
1.70675 0.0493744 0
1.71554 0.0500139 0
1.72434 0.0506657 0
1.73314 0.0513316 0
1.74194 0.0520112 0
1.75073 0.0527011 0
1.75953 0.0533959 0
1.76833 0.0540882 0
1.77713 0.0547697 0
1.78592 0.0554315 0
1.79472 0.0560663 0
1.80352 0.0566686 0
1.81232 0.0572357 0
1.82111 0.0577686 0
1.82991 0.0582715 0
1.83871 0.0587516 0
1.84751 0.0592181 0
1.85631 0.0596813 0
1.8651 0.0601511 0
1.8739 0.0606357 0
1.8827 0.0611409 0
1.8915 0.0616694 0
1.90029 0.0622207 0
1.90909 0.0627913 0
1.91789 0.0633751 0
1.92669 0.0639647 0
1.93548 0.0645517 0
1.94428 0.0651277 0
1.95308 0.0656847 0
1.96188 0.0662157 0
1.97067 0.0667147 0
1.97947 0.0671764 0
1.98827 0.0675968 0
1.99707 0.0679724 0
2.00587 0.0683008 0
2.01466 0.0685809 0
2.02346 0.0688125 0
2.03226 0.0689969 0
2.04106 0.0691371 0
2.04985 0.0692371 0
2.05865 0.0693026 0
2.06745 0.0693402 0
2.07625 0.0693572 0
2.08504 0.0693614 0
2.09384 0.0693603 0
2.10264 0.0693604 0
2.11144 0.0693672 0
2.12023 0.0693841 0
2.12903 0.069412 0
2.13783 0.0694496 0
2.14663 0.0694933 0
2.15543 0.0695374 0
2.16422 0.0695749 0
2.17302 0.0695991 0
2.18182 0.0696033 0
2.19062 0.0695824 0
2.19941 0.0695334 0
2.20821 0.0694556 0
2.21701 0.0693503 0
2.22581 0.0692212 0
2.2346 0.0690732 0
2.2434 0.0689121 0
2.2522 0.0687437 0
2.261 0.0685735 0
2.26979 0.0684059 0
2.27859 0.0682437 0
2.28739 0.068088 0
2.29619 0.067938 0
2.30499 0.0677915 0
2.31378 0.0676447 0
2.32258 0.0674939 0
2.33138 0.0673345 0
2.34018 0.0671631 0
2.34897 0.0669769 0
2.35777 0.0667744 0
2.36657 0.0665555 0
2.37537 0.0663213 0
2.38416 0.0660739 0
2.39296 0.0658168 0
2.40176 0.065554 0
2.41056 0.0652899 0
2.41935 0.0650295 0
2.42815 0.0647785 0
2.43695 0.0645419 0
2.44575 0.0643249 0
2.45455 0.0641316 0
2.46334 0.0639653 0
2.47214 0.0638271 0
2.48094 0.0637164 0
2.48974 0.0636306 0
2.49853 0.0635651 0
2.50733 0.0635136 0
2.51613 0.0634692 0
2.52493 0.0634237 0
2.53372 0.063369 0
2.54252 0.0632974 0
2.55132 0.0632017 0
2.56012 0.0630751 0
2.56892 0.0629123 0
2.57771 0.0627091 0
2.58651 0.0624627 0
2.59531 0.0621718 0
2.60411 0.0618376 0
2.6129 0.0614631 0
2.6217 0.0610532 0
2.6305 0.0606153 0
2.6393 0.0601579 0
2.64809 0.0596903 0
2.65689 0.0592225 0
2.66569 0.0587637 0
2.67449 0.0583218 0
2.68328 0.0579033 0
2.69208 0.0575119 0
2.70088 0.0571501 0
2.70968 0.0568169 0
2.71848 0.0565096 0
2.72727 0.0562233 0
2.73607 0.0559515 0
2.74487 0.0556863 0
2.75367 0.0554198 0
2.76246 0.0551433 0
2.77126 0.0548489 0
2.78006 0.0545295 0
2.78886 0.0541791 0
2.79765 0.053793 0
2.80645 0.0533674 0
2.81525 0.0529 0
2.82405 0.0523896 0
2.83284 0.0518358 0
2.84164 0.0512394 0
2.85044 0.0506019 0
2.85924 0.0499252 0
2.86804 0.0492121 0
2.87683 0.048465 0
2.88563 0.0476869 0
2.89443 0.0468803 0
2.90323 0.0460473 0
2.91202 0.0451898 0
2.92082 0.0443096 0
2.92962 0.0434081 0
2.93842 0.0424873 0
2.94721 0.0415491 0
2.95601 0.0405963 0
2.96481 0.0396325 0
2.97361 0.0386617 0
2.9824 0.0376881 0
2.9912 0.0367166 0
3 0.0357513 0
3.0088 0.0347957 0
3.0176 0.0338521 0
3.02639 0.0329216 0
3.03519 0.032004 0
3.04399 0.0310979 0
3.05279 0.0302008 0
3.06158 0.0293098 0
3.07038 0.0284213 0
3.07918 0.0275316 0
3.08798 0.0266367 0
3.09677 0.0257328 0
3.10557 0.0248164 0
3.11437 0.023884 0
3.12317 0.0229324 0
3.13196 0.0219594 0
3.14076 0.0209632 0
3.14956 0.0199431 0
3.15836 0.0189 0
3.16716 0.0178361 0
3.17595 0.0167556 0
3.18475 0.015664 0
3.19355 0.0145685 0
3.20235 0.0134769 0
3.21114 0.0123974 0
3.21994 0.0113377 0
3.22874 0.0103044 0
3.23754 0.00930245 0
3.24633 0.00833521 0
3.25513 0.0074046 0
3.26393 0.00651147 0
3.27273 0.00565634 0
3.28153 0.00483959 0
3.29032 0.00406267 0
3.29912 0.00332771 0
3.30792 0.00263812 0
3.31672 0.00199775 0
3.32551 0.00141078 0
3.33431 0.000880707 0
3.34311 0.000409733 0
3.35191 -1.86905e-06 0
3.3607 -0.000356157 0
3.3695 -0.000657773 0
3.3783 -0.000913686 0
3.3871 -0.00113287 0
3.39589 -0.00132536 0
3.40469 -0.00150181 0
3.41349 -0.00167246 0
3.42229 -0.00184632 0
3.43109 -0.00203043 0
3.43988 -0.00222982 0
3.44868 -0.00244703 0
3.45748 -0.00268255 0
3.46628 -0.00293526 0
3.47507 -0.00320288 0
3.48387 -0.00348267 0
3.49267 -0.00377205 0
3.50147 -0.00406891 0
3.51026 -0.00437174 0
3.51906 -0.00467978 0
3.52786 -0.00499259 0
3.53666 -0.00531022 0
3.54545 -0.00563268 0
3.55425 -0.00596005 0
3.56305 -0.0062925 0
3.57185 -0.00663038 0
3.58065 -0.00697454 0
3.58944 -0.00732653 0
3.59824 -0.0076888 0
3.60704 -0.00806466 0
3.61584 -0.00845825 0
3.62463 -0.00887425 0
3.63343 -0.00931733 0
3.64223 -0.00979207 0
3.65103 -0.0103023 0
3.65982 -0.0108511 0
3.66862 -0.0114404 0
3.67742 -0.0120711 0
3.68622 -0.0127428 0
3.69501 -0.0134539 0
3.70381 -0.0142015 0
3.71261 -0.014981 0
3.72141 -0.0157861 0
3.73021 -0.0166087 0
3.739 -0.0174388 0
3.7478 -0.0182648 0
3.7566 -0.0190734 0
3.7654 -0.0198506 0
3.77419 -0.0205823 0
3.78299 -0.0212549 0
3.79179 -0.0218565 0
3.80059 -0.0223773 0
3.80938 -0.0228107 0
3.81818 -0.0231531 0
3.82698 -0.023404 0
3.83578 -0.0235658 0
3.84457 -0.023643 0
3.85337 -0.0236414 0
3.86217 -0.0235676 0
3.87097 -0.0234283 0
3.87977 -0.0232302 0
3.88856 -0.0229798 0
3.89736 -0.0226836 0
3.90616 -0.0223489 0
3.91496 -0.0219837 0
3.92375 -0.0215967 0
3.93255 -0.021198 0
3.94135 -0.0207975 0
3.95015 -0.0204058 0
3.95894 -0.0200324 0
3.96774 -0.019686 0
3.97654 -0.019374 0
3.98534 -0.0191023 0
3.99413 -0.0188749 0
4.00293 -0.0186949 0
4.01173 -0.0185641 0
4.02053 -0.0184835 0
4.02933 -0.0184534 0
4.03812 -0.0184736 0
4.04692 -0.0185432 0
4.05572 -0.0186606 0
4.06452 -0.0188228 0
4.07331 -0.0190253 0
4.08211 -0.0192617 0
4.09091 -0.0195237 0
4.09971 -0.0198012 0
4.1085 -0.0200827 0
4.1173 -0.0203561 0
4.1261 -0.0206097 0
4.1349 -0.0208331 0
4.1437 -0.0210175 0
4.15249 -0.0211567 0
4.16129 -0.0212466 0
4.17009 -0.0212858 0
4.17889 -0.0212744 0
4.18768 -0.0212139 0
4.19648 -0.0211069 0
4.20528 -0.0209565 0
4.21408 -0.0207662 0
4.22287 -0.0205403 0
4.23167 -0.0202835 0
4.24047 -0.0200017 0
4.24927 -0.0197014 0
4.25806 -0.01939 0
4.26686 -0.0190758 0
4.27566 -0.0187669 0
4.28446 -0.0184715 0
4.29326 -0.0181966 0
4.30205 -0.0179485 0
4.31085 -0.0177316 0
4.31965 -0.0175489 0
4.32845 -0.0174019 0
4.33724 -0.0172906 0
4.34604 -0.0172137 0
4.35484 -0.017169 0
4.36364 -0.0171531 0
4.37243 -0.0171623 0
4.38123 -0.0171919 0
4.39003 -0.0172364 0
4.39883 -0.0172897 0
4.40762 -0.0173448 0
4.41642 -0.0173943 0
4.42522 -0.0174307 0
4.43402 -0.0174467 0
4.44282 -0.0174357 0
4.45161 -0.0173925 0
4.46041 -0.0173133 0
4.46921 -0.0171968 0
4.47801 -0.0170435 0
4.4868 -0.0168561 0
4.4956 -0.0166393 0
4.5044 -0.0163988 0
4.5132 -0.0161414 0
4.52199 -0.0158737 0
4.53079 -0.0156018 0
4.53959 -0.0153308 0
4.54839 -0.0150647 0
4.55718 -0.0148056 0
4.56598 -0.0145546 0
4.57478 -0.0143114 0
4.58358 -0.0140747 0
4.59238 -0.0138423 0
4.60117 -0.0136118 0
4.60997 -0.0133803 0
4.61877 -0.0131454 0
4.62757 -0.0129048 0
4.63636 -0.0126569 0
4.64516 -0.0124011 0
4.65396 -0.0121376 0
4.66276 -0.0118682 0
4.67155 -0.0115955 0
4.68035 -0.0113238 0
4.68915 -0.0110581 0
4.69795 -0.0108045 0
4.70674 -0.010569 0
4.71554 -0.0103578 0
4.72434 -0.0101758 0
4.73314 -0.0100269 0
4.74194 -0.00991266 0
4.75073 -0.00983256 0
4.75953 -0.00978334 0
4.76833 -0.00975924 0
4.77713 -0.00975215 0
4.78592 -0.00975214 0
4.79472 -0.00974816 0
4.80352 -0.00972888 0
4.81232 -0.00968365 0
4.82111 -0.00960302 0
4.82991 -0.00947976 0
4.83871 -0.00930904 0
4.84751 -0.00908885 0
4.85631 -0.00881976 0
4.8651 -0.00850483 0
4.8739 -0.00814916 0
4.8827 -0.00775947 0
4.8915 -0.00734369 0
4.90029 -0.0069104 0
4.90909 -0.0064685 0
4.91789 -0.00602697 0
4.92669 -0.00559468 0
4.93548 -0.00518006 0
4.94428 -0.00479104 0
4.95308 -0.00443479 0
4.96188 -0.00411738 0
4.97067 -0.00384349 0
4.97947 -0.00361601 0
4.98827 -0.00343575 0
4.99707 -0.00330124 0
5.00587 -0.00320862 0
5.01466 -0.0031518 0
5.02346 -0.0031229 0
5.03226 -0.00311269 0
5.04106 -0.00311135 0
5.04985 -0.00310923 0
5.05865 -0.00309754 0
5.06745 -0.003069 0
5.07625 -0.00301823 0
5.08504 -0.002942 0
5.09384 -0.0028392 0
5.10264 -0.00271085 0
5.11144 -0.00255958 0
5.12023 -0.00238951 0
5.12903 -0.00220554 0
5.13783 -0.00201306 0
5.14663 -0.00181746 0
5.15543 -0.00162367 0
5.16422 -0.00143602 0
5.17302 -0.00125798 0
5.18182 -0.00109212 0
5.19062 -0.000940144 0
5.19941 -0.000802931 0
5.20821 -0.000680699 0
5.21701 -0.000573135 0
5.22581 -0.000479456 0
5.2346 -0.000398673 0
5.2434 -0.000329553 0
5.2522 -0.000270834 0
5.261 -0.000221222 0
5.26979 -0.000179501 0
5.27859 -0.000144526 0
5.28739 -0.000115299 0
5.29619 -9.0898e-05 0
5.30499 -7.05482e-05 0
5.31378 -5.3598e-05 0
5.32258 -3.94752e-05 0
5.33138 -2.77186e-05 0
5.34018 -1.78942e-05 0
5.34897 -9.72041e-06 0
5.35777 -2.89277e-06 0
5.36657 2.78504e-06 0
5.37537 7.53812e-06 0
5.38416 1.15056e-05 0
5.39296 1.48193e-05 0
5.40176 1.75851e-05 0
5.41056 1.98977e-05 0
5.41935 2.18301e-05 0
5.42815 2.34368e-05 0
5.43695 2.47882e-05 0
5.44575 2.59213e-05 0
5.45455 2.68588e-05 0
5.46334 2.76488e-05 0
5.47214 2.831e-05 0
5.48094 2.88526e-05 0
5.48974 2.93073e-05 0
5.49853 2.97043e-05 0
5.50733 3.00325e-05 0
5.51613 3.02981e-05 0
5.52493 3.0529e-05 0
5.53372 3.07173e-05 0
5.54252 3.08716e-05 0
5.55132 3.1006e-05 0
5.56012 3.11151e-05 0
5.56891 3.1211e-05 0
5.57771 3.12852e-05 0
5.58651 3.13521e-05 0
5.59531 3.1402e-05 0
5.60411 3.14488e-05 0
5.6129 3.14874e-05 0
5.6217 3.15172e-05 0
5.6305 3.15415e-05 0
5.6393 3.15682e-05 0
5.64809 3.15837e-05 0
5.65689 3.16037e-05 0
5.66569 3.16204e-05 0
5.67449 3.16313e-05 0
5.68328 3.16502e-05 0
5.69208 3.16612e-05 0
5.70088 3.16719e-05 0
5.70968 3.16871e-05 0
5.71848 3.16981e-05 0
5.72727 3.17069e-05 0
5.73607 3.17202e-05 0
5.74487 3.17395e-05 0
5.75367 3.17498e-05 0
5.76246 3.17638e-05 0
5.77126 3.17801e-05 0
5.78006 3.179e-05 0
5.78886 3.17974e-05 0
5.79765 3.1809e-05 0
5.80645 3.18187e-05 0
5.81525 3.18272e-05 0
5.82405 3.18326e-05 0
5.83284 3.18378e-05 0
5.84164 3.18405e-05 0
5.85044 3.18414e-05 0
5.85924 3.18404e-05 0
5.86804 3.18383e-05 0
5.87683 3.1832e-05 0
5.88563 3.18257e-05 0
5.89443 3.18166e-05 0
5.90323 3.18045e-05 0
5.91202 3.17963e-05 0
5.92082 3.17844e-05 0
5.92962 3.17741e-05 0
5.93842 3.1766e-05 0
5.94721 3.1759e-05 0
5.95601 3.17539e-05 0
5.96481 3.17524e-05 0
5.97361 3.1755e-05 0
5.9824 3.17624e-05 0
5.9912 3.17761e-05 0
6 3.17956e-05 0
