-3 -8.66419e-11 0
-2.9912 -1.0331e-10 0
-2.9824 -1.23184e-10 0
-2.97361 -1.46881e-10 0
-2.96481 -1.75139e-10 0
-2.95601 -2.0883e-10 0
-2.94721 -2.49006e-10 0
-2.93842 -2.96905e-10 0
-2.92962 -3.54019e-10 0
-2.92082 -4.22124e-10 0
-2.91202 -5.03322e-10 0
-2.90323 -6.00137e-10 0
-2.89443 -7.15586e-10 0
-2.88563 -8.53223e-10 0
-2.87683 -1.01733e-09 0
-2.86804 -1.21302e-09 0
-2.85924 -1.4463e-09 0
-2.85044 -1.72447e-09 0
-2.84164 -2.05608e-09 0
-2.83284 -2.45143e-09 0
-2.82405 -2.92281e-09 0
-2.81525 -3.4847e-09 0
-2.80645 -4.15453e-09 0
-2.79765 -4.95309e-09 0
-2.78886 -5.90484e-09 0
-2.78006 -7.03922e-09 0
-2.77126 -8.39137e-09 0
-2.76246 -1.00025e-08 0
-2.75367 -1.19223e-08 0
-2.74487 -1.42098e-08 0
-2.73607 -1.69345e-08 0
-2.72727 -2.01799e-08 0
-2.71848 -2.4044e-08 0
-2.70968 -2.86437e-08 0
-2.70088 -3.41184e-08 0
-2.69208 -4.06304e-08 0
-2.68328 -4.83735e-08 0
-2.67449 -5.7577e-08 0
-2.66569 -6.85068e-08 0
-2.65689 -8.14785e-08 0
-2.64809 -9.68618e-08 0
-2.6393 -1.15082e-07 0
-2.6305 -1.36641e-07 0
-2.6217 -1.62106e-07 0
-2.6129 -1.92138e-07 0
-2.60411 -2.27489e-07 0
-2.59531 -2.68992e-07 0
-2.58651 -3.17588e-07 0
-2.57771 -3.74314e-07 0
-2.56892 -4.40265e-07 0
-2.56012 -5.16621e-07 0
-2.55132 -6.04591e-07 0
-2.54252 -7.05347e-07 0
-2.53372 -8.2003e-07 0
-2.52493 -9.49594e-07 0
-2.51613 -1.0948e-06 0
-2.50733 -1.25613e-06 0
-2.49853 -1.43357e-06 0
-2.48974 -1.62674e-06 0
-2.48094 -1.83466e-06 0
-2.47214 -2.05586e-06 0
-2.46334 -2.28833e-06 0
-2.45455 -2.52959e-06 0
-2.44575 -2.77678e-06 0
-2.43695 -3.02687e-06 0
-2.42815 -3.27664e-06 0
-2.41936 -3.52291e-06 0
-2.41056 -3.76267e-06 0
-2.40176 -3.99306e-06 0
-2.39296 -4.21147e-06 0
-2.38416 -4.41558e-06 0
-2.37537 -4.60332e-06 0
-2.36657 -4.77275e-06 0
-2.35777 -4.92209e-06 0
-2.34897 -5.04957e-06 0
-2.34018 -5.15326e-06 0
-2.33138 -5.23098e-06 0
-2.32258 -5.28013e-06 0
-2.31378 -5.29742e-06 0
-2.30499 -5.27872e-06 0
-2.29619 -5.21874e-06 0
-2.28739 -5.11074e-06 0
-2.27859 -4.94619e-06 0
-2.26979 -4.71442e-06 0
-2.261 -4.4022e-06 0
-2.2522 -3.99318e-06 0
-2.2434 -3.46755e-06 0
-2.2346 -2.80125e-06 0
-2.22581 -1.96542e-06 0
-2.21701 -9.25384e-07 0
-2.20821 3.60181e-07 0
-2.19941 1.94039e-06 0
-2.19062 3.8741e-06 0
-2.18182 6.23098e-06 0
-2.17302 9.09406e-06 0
-2.16422 1.25619e-05 0
-2.15543 1.67523e-05 0
-2.14663 2.18047e-05 0
-2.13783 2.78849e-05 0
-2.12903 3.5189e-05 0
-2.12023 4.39507e-05 0
-2.11144 5.44453e-05 0
-2.10264 6.69969e-05 0
-2.09384 8.19903e-05 0
-2.08504 9.98746e-05 0
-2.07625 0.000121177 0
-2.06745 0.000146512 0
-2.05865 0.000176598 0
-2.04985 0.00021226 0
-2.04106 0.000254448 0
-2.03226 0.000304255 0
-2.02346 0.000362907 0
-2.01466 0.000431787 0
-2.00587 0.000512421 0
-1.99707 0.000606494 0
-1.98827 0.00071581 0
-1.97947 0.000842284 0
-1.97067 0.000987895 0
-1.96188 0.00115468 0
-1.95308 0.00134465 0
-1.94428 0.0015597 0
-1.93548 0.00180167 0
-1.92669 0.00207219 0
-1.91789 0.00237269 0
-1.90909 0.00270436 0
-1.90029 0.00306821 0
-1.8915 0.003465 0
-1.8827 0.00389527 0
-1.8739 0.00435948 0
-1.8651 0.0048579 0
-1.8563 0.00539072 0
-1.84751 0.00595807 0
-1.83871 0.00656018 0
-1.82991 0.00719717 0
-1.82111 0.00786926 0
-1.81232 0.00857659 0
-1.80352 0.00931934 0
-1.79472 0.0100974 0
-1.78592 0.0109106 0
-1.77713 0.0117583 0
-1.76833 0.0126395 0
-1.75953 0.0135528 0
-1.75073 0.0144966 0
-1.74194 0.015469 0
-1.73314 0.0164679 0
-1.72434 0.0174915 0
-1.71554 0.0185379 0
-1.70674 0.019606 0
-1.69795 0.0206945 0
-1.68915 0.0218029 0
-1.68035 0.0229313 0
-1.67155 0.0240797 0
-1.66276 0.0252492 0
-1.65396 0.0264409 0
-1.64516 0.027657 0
-1.63636 0.0288996 0
-1.62757 0.030172 0
-1.61877 0.031478 0
-1.60997 0.0328217 0
-1.60117 0.0342077 0
-1.59238 0.0356409 0
-1.58358 0.0371266 0
-1.57478 0.0386703 0
-1.56598 0.0402773 0
-1.55718 0.0419534 0
-1.54839 0.0437045 0
-1.53959 0.0455367 0
-1.53079 0.0474564 0
-1.52199 0.0494706 0
-1.5132 0.0515866 0
-1.5044 0.0538118 0
-1.4956 0.0561543 0
-1.4868 0.0586229 0
-1.47801 0.0612265 0
-1.46921 0.0639746 0
-1.46041 0.066878 0
-1.45161 0.069948 0
-1.44282 0.0731976 0
-1.43402 0.0766417 0
-1.42522 0.0802983 0
-1.41642 0.0841884 0
-1.40762 0.0883366 0
-1.39883 0.0927722 0
-1.39003 0.0975297 0
-1.38123 0.102649 0
-1.37243 0.108175 0
-1.36364 0.11416 0
-1.35484 0.120663 0
-1.34604 0.127749 0
-1.33724 0.135492 0
-1.32845 0.143973 0
-1.31965 0.153286 0
-1.31085 0.163529 0
-1.30205 0.17482 0
-1.29326 0.18728 0
-1.28446 0.20105 0
-1.27566 0.216277 0
-1.26686 0.233125 0
-1.25806 0.25177 0
-1.24927 0.272393 0
-1.24047 0.295183 0
-1.23167 0.320332 0
-1.22287 0.348024 0
-1.21408 0.378426 0
-1.20528 0.411684 0
-1.19648 0.447896 0
-1.18768 0.487099 0
-1.17889 0.529251 0
-1.17009 0.574216 0
-1.16129 0.621735 0
-1.15249 0.671416 0
-1.1437 0.722744 0
-1.1349 0.77506 0
-1.1261 0.827602 0
-1.1173 0.879517 0
-1.1085 0.929925 0
-1.09971 0.977946 0
-1.09091 1.02277 0
-1.08211 1.0637 0
-1.07331 1.1002 0
-1.06452 1.13189 0
-1.05572 1.1586 0
-1.04692 1.18033 0
-1.03812 1.19722 0
-1.02933 1.20958 0
-1.02053 1.21779 0
-1.01173 1.22227 0
-1.00293 1.22351 0
-0.994135 1.22198 0
-0.985337 1.21813 0
-0.97654 1.21239 0
-0.967742 1.20514 0
-0.958945 1.19671 0
-0.950147 1.1874 0
-0.941349 1.17745 0
-0.932551 1.16706 0
-0.923754 1.15642 0
-0.914956 1.14564 0
-0.906158 1.13484 0
-0.897361 1.12411 0
-0.888563 1.11351 0
-0.879765 1.10309 0
-0.870968 1.0929 0
-0.86217 1.08295 0
-0.853373 1.07327 0
-0.844575 1.06386 0
-0.835777 1.05474 0
-0.82698 1.04589 0
-0.818182 1.03733 0
-0.809384 1.02903 0
-0.800587 1.02099 0
-0.791789 1.01321 0
-0.782991 1.00568 0
-0.774193 0.998381 0
-0.765396 0.991317 0
-0.756598 0.984472 0
-0.747801 0.977839 0
-0.739003 0.971407 0
-0.730205 0.965167 0
-0.721408 0.959106 0
-0.71261 0.953219 0
-0.703813 0.947494 0
-0.695015 0.941928 0
-0.686217 0.936518 0
-0.677419 0.931267 0
-0.668622 0.926172 0
-0.659824 0.92124 0
-0.651026 0.916474 0
-0.642229 0.911875 0
-0.633431 0.907439 0
-0.624633 0.903162 0
-0.615836 0.899039 0
-0.607038 0.895058 0
-0.598241 0.891207 0
-0.589443 0.887475 0
-0.580645 0.883852 0
-0.571848 0.880323 0
-0.56305 0.87689 0
-0.554252 0.873541 0
-0.545455 0.870281 0
-0.536657 0.867103 0
-0.527859 0.864012 0
-0.519061 0.861011 0
-0.510264 0.858098 0
-0.501466 0.855281 0
-0.492669 0.85256 0
-0.483871 0.849936 0
-0.475073 0.847409 0
-0.466276 0.844979 0
-0.457478 0.842644 0
-0.448681 0.840398 0
-0.439883 0.838233 0
-0.431085 0.836144 0
-0.422288 0.834118 0
-0.41349 0.832152 0
-0.404692 0.830232 0
-0.395894 0.828356 0
-0.387097 0.82652 0
-0.378299 0.824727 0
-0.369501 0.822976 0
-0.360704 0.821277 0
-0.351906 0.819638 0
-0.343109 0.818068 0
-0.334311 0.816579 0
-0.325513 0.815179 0
-0.316716 0.813873 0
-0.307918 0.812666 0
-0.29912 0.811558 0
-0.290323 0.810549 0
-0.281525 0.809635 0
-0.272727 0.808809 0
-0.26393 0.808067 0
-0.255132 0.807403 0
-0.246334 0.806811 0
-0.237537 0.806288 0
-0.228739 0.805825 0
-0.219941 0.805416 0
-0.211144 0.805055 0
-0.202346 0.804732 0
-0.193549 0.804441 0
-0.184751 0.804169 0
-0.175953 0.803902 0
-0.167156 0.80363 0
-0.158358 0.803335 0
-0.14956 0.803 0
-0.140762 0.802601 0
-0.131965 0.802115 0
-0.123167 0.801511 0
-0.114369 0.800752 0
-0.105572 0.799797 0
-0.0967744 0.798594 0
-0.0879766 0.797083 0
-0.0791788 0.79519 0
-0.0703815 0.792828 0
-0.0615837 0.789891 0
-0.0527859 0.786256 0
-0.0439881 0.781778 0
-0.0351908 0.776293 0
-0.026393 0.769614 0
-0.0175952 0.761537 0
-0.00879794 0.751846 0
-1.49012e-07 0.740316 0
0.00879765 0.726725 0
0.0175954 0.710864 0
0.0263927 0.692555 0
0.0351905 0.671662 0
0.0439883 0.648113 0
0.0527856 0.621916 0
0.0615834 0.593162 0
0.0703812 0.56205 0
0.079179 0.528873 0
0.0879763 0.494018 0
0.0967741 0.457942 0
0.105572 0.421154 0
0.11437 0.384189 0
0.123167 0.347573 0
0.131965 0.311788 0
0.140763 0.277262 0
0.14956 0.244351 0
0.158358 0.213317 0
0.167155 0.184344 0
0.175953 0.157534 0
0.18475 0.13292 0
0.193548 0.110476 0
0.202346 0.0901298 0
0.211143 0.0717801 0
0.219941 0.0552995 0
0.228739 0.0405493 0
0.237537 0.027383 0
0.246334 0.0156544 0
0.255132 0.00521902 0
0.26393 -0.00406168 0
0.272727 -0.0123162 0
0.281525 -0.0196644 0
0.290323 -0.0262162 0
0.29912 -0.032067 0
0.307918 -0.0373014 0
0.316715 -0.0419931 0
0.325513 -0.0462038 0
0.334311 -0.0499858 0
0.343108 -0.0533818 0
0.351906 -0.0564307 0
0.360704 -0.0591618 0
0.369502 -0.061603 0
0.378299 -0.0637776 0
0.387097 -0.0657064 0
0.395895 -0.0674078 0
0.404692 -0.0688981 0
0.41349 -0.0701917 0
0.422287 -0.0713016 0
0.431085 -0.0722384 0
0.439882 -0.0730126 0
0.44868 -0.0736332 0
0.457478 -0.0741093 0
0.466275 -0.0744523 0
0.475073 -0.0746714 0
0.483871 -0.0747794 0
0.492669 -0.0747883 0
0.501466 -0.0747108 0
0.510264 -0.0745603 0
0.519062 -0.0743485 0
0.527859 -0.0740864 0
0.536657 -0.0737827 0
0.545455 -0.0734445 0
0.554252 -0.0730739 0
0.56305 -0.0726738 0
0.571847 -0.0722428 0
0.580645 -0.0717779 0
0.589443 -0.0712757 0
0.59824 -0.0707315 0
0.607038 -0.07014 0
0.615836 -0.0694978 0
0.624633 -0.0688011 0
0.633431 -0.0680474 0
0.642229 -0.0672345 0
0.651026 -0.0663626 0
0.659824 -0.0654317 0
0.668622 -0.0644431 0
0.677419 -0.0633997 0
0.686217 -0.0623046 0
0.695014 -0.0611637 0
0.703812 -0.0599825 0
0.71261 -0.0587679 0
0.721407 -0.0575281 0
0.730205 -0.0562715 0
0.739003 -0.0550063 0
0.747801 -0.0537402 0
0.756598 -0.0524804 0
0.765396 -0.0512322 0
0.774194 -0.0499991 0
0.782991 -0.0487841 0
0.791789 -0.047588 0
0.800586 -0.0464114 0
0.809384 -0.045254 0
0.818182 -0.0441159 0
0.826979 -0.0429971 0
0.835777 -0.0418992 0
0.844575 -0.040824 0
0.853372 -0.0397744 0
0.86217 -0.0387539 0
0.870968 -0.0377669 0
0.879765 -0.0368177 0
0.888563 -0.0359106 0
0.897361 -0.0350496 0
0.906159 -0.0342383 0
0.914956 -0.033479 0
0.923754 -0.0327738 0
0.932551 -0.032123 0
0.941349 -0.0315267 0
0.950146 -0.0309833 0
0.958944 -0.0304909 0
0.967742 -0.0300466 0
0.976539 -0.0296468 0
0.985337 -0.0292874 0
0.994135 -0.0289642 0
1.00293 -0.0286724 0
1.01173 -0.0284076 0
1.02053 -0.0281647 0
1.02933 -0.027939 0
1.03812 -0.0277259 0
1.04692 -0.0275203 0
1.05572 -0.0273175 0
1.06452 -0.0271127 0
1.07331 -0.0269006 0
1.08211 -0.0266761 0
1.09091 -0.0264339 0
1.09971 -0.026168 0
1.1085 -0.0258723 0
1.1173 -0.0255405 0
1.1261 -0.0251656 0
1.1349 -0.0247409 0
1.14369 -0.0242588 0
1.15249 -0.0237124 0
1.16129 -0.0230946 0
1.17009 -0.0223991 0
1.17889 -0.0216203 0
1.18768 -0.0207538 0
1.19648 -0.0197965 0
1.20528 -0.0187474 0
1.21408 -0.0176071 0
1.22287 -0.0163782 0
1.23167 -0.0150653 0
1.24047 -0.0136745 0
1.24927 -0.0122139 0
1.25806 -0.0106925 0
1.26686 -0.0091202 0
1.27566 -0.00750743 0
1.28446 -0.00586464 0
1.29325 -0.00420206 0
1.30205 -0.00252867 0
1.31085 -0.000852886 0
1.31965 0.000818406 0
1.32845 0.0024795 0
1.33724 0.00412624 0
1.34604 0.00575537 0
1.35484 0.00736469 0
1.36364 0.00895304 0
1.37243 0.0105197 0
1.38123 0.0120644 0
1.39003 0.0135875 0
1.39883 0.0150898 0
1.40762 0.0165722 0
1.41642 0.0180356 0
1.42522 0.0194816 0
1.43402 0.0209109 0
1.44282 0.0223244 0
1.45161 0.0237221 0
1.46041 0.0251039 0
1.46921 0.0264688 0
1.47801 0.0278152 0
1.4868 0.0291415 0
1.4956 0.0304458 0
1.5044 0.0317271 0
1.5132 0.0329846 0
1.52199 0.0342192 0
1.53079 0.0354331 0
1.53959 0.0366299 0
1.54839 0.0378146 0
1.55718 0.0389935 0
1.56598 0.0401727 0
1.57478 0.0413583 0
1.58358 0.0425547 0
1.59238 0.0437641 0
1.60117 0.0449863 0
1.60997 0.0462175 0
1.61877 0.0474516 0
1.62757 0.04868 0
1.63636 0.0498929 0
1.64516 0.0510798 0
1.65396 0.0522316 0
1.66276 0.0533399 0
1.67155 0.0543984 0
1.68035 0.0554036 0
1.68915 0.0563532 0
1.69795 0.0572473 0
1.70674 0.0580868 0
1.71554 0.0588739 0
1.72434 0.0596109 0
1.73314 0.0603006 0
1.74194 0.0609462 0
1.75073 0.0615509 0
1.75953 0.0621182 0
1.76833 0.0626522 0
1.77713 0.0631575 0
1.78592 0.0636382 0
1.79472 0.0640987 0
1.80352 0.0645433 0
1.81232 0.0649751 0
1.82111 0.0653964 0
1.82991 0.0658086 0
1.83871 0.0662117 0
1.84751 0.066605 0
1.8563 0.0669863 0
1.8651 0.0673536 0
1.8739 0.0677039 0
1.8827 0.0680346 0
1.8915 0.0683438 0
1.90029 0.0686297 0
1.90909 0.068892 0
1.91789 0.0691315 0
1.92669 0.06935 0
1.93548 0.0695504 0
1.94428 0.0697371 0
1.95308 0.0699147 0
1.96188 0.0700888 0
1.97067 0.0702648 0
1.97947 0.070448 0
1.98827 0.0706428 0
1.99707 0.0708529 0
2.00587 0.0710799 0
2.01466 0.071324 0
2.02346 0.071583 0
2.03226 0.0718523 0
2.04106 0.0721253 0
2.04985 0.0723936 0
2.05865 0.0726476 0
2.06745 0.0728778 0
2.07625 0.0730756 0
2.08504 0.0732343 0
2.09384 0.0733496 0
2.10264 0.0734209 0
2.11144 0.0734502 0
2.12023 0.073443 0
2.12903 0.0734071 0
2.13783 0.0733521 0
2.14663 0.0732887 0
2.15543 0.0732275 0
2.16422 0.0731787 0
2.17302 0.073151 0
2.18182 0.0731517 0
2.19062 0.0731854 0
2.19941 0.0732549 0
2.20821 0.0733607 0
2.21701 0.0735015 0
2.22581 0.0736741 0
2.2346 0.0738744 0
2.2434 0.0740972 0
2.2522 0.0743373 0
2.261 0.0745888 0
2.26979 0.0748463 0
2.27859 0.0751045 0
2.28739 0.0753584 0
2.29619 0.0756031 0
2.30499 0.0758346 0
2.31378 0.0760493 0
2.32258 0.076244 0
2.33138 0.0764169 0
2.34018 0.0765669 0
2.34897 0.0766936 0
2.35777 0.0767979 0
2.36657 0.0768812 0
2.37537 0.0769457 0
2.38416 0.076994 0
2.39296 0.077029 0
2.40176 0.0770535 0
2.41056 0.0770698 0
2.41935 0.0770799 0
2.42815 0.0770848 0
2.43695 0.0770849 0
2.44575 0.0770791 0
2.45455 0.0770655 0
2.46334 0.0770416 0
2.47214 0.0770039 0
2.48094 0.0769486 0
2.48974 0.0768719 0
2.49853 0.0767702 0
2.50733 0.0766408 0
2.51613 0.0764814 0
2.52493 0.0762909 0
2.53372 0.0760693 0
2.54252 0.0758172 0
2.55132 0.0755363 0
2.56012 0.0752283 0
2.56891 0.0748955 0
2.57771 0.0745396 0
2.58651 0.0741623 0
2.59531 0.0737647 0
2.60411 0.0733479 0
2.6129 0.0729124 0
2.6217 0.0724589 0
2.6305 0.0719875 0
2.6393 0.0714986 0
2.64809 0.070992 0
2.65689 0.0704672 0
2.66569 0.0699232 0
2.67449 0.0693592 0
2.68328 0.0687741 0
2.69208 0.068168 0
2.70088 0.0675413 0
2.70968 0.066896 0
2.71848 0.066235 0
2.72727 0.0655624 0
2.73607 0.0648828 0
2.74487 0.0642014 0
2.75367 0.0635227 0
2.76246 0.062851 0
2.77126 0.0621892 0
2.78006 0.0615394 0
2.78886 0.0609019 0
2.79765 0.0602765 0
2.80645 0.0596619 0
2.81525 0.0590561 0
2.82405 0.0584571 0
2.83284 0.0578628 0
2.84164 0.0572715 0
2.85044 0.0566815 0
2.85924 0.0560914 0
2.86804 0.0555005 0
2.87683 0.0549071 0
2.88563 0.0543101 0
2.89443 0.0537078 0
2.90323 0.0530984 0
2.91202 0.0524798 0
2.92082 0.0518502 0
2.92962 0.0512072 0
2.93842 0.0505488 0
2.94721 0.0498727 0
2.95601 0.0491765 0
2.96481 0.0484576 0
2.97361 0.0477129 0
2.9824 0.0469397 0
2.9912 0.0461345 0
3 0.0452945 0
3.0088 0.0444167 0
3.0176 0.043499 0
3.02639 0.0425399 0
3.03519 0.0415389 0
3.04399 0.040496 0
3.05279 0.0394116 0
3.06158 0.0382868 0
3.07038 0.037122 0
3.07918 0.0359173 0
3.08798 0.0346722 0
3.09677 0.0333856 0
3.10557 0.0320559 0
3.11437 0.0306816 0
3.12317 0.0292615 0
3.13196 0.0277951 0
3.14076 0.0262837 0
3.14956 0.0247295 0
3.15836 0.0231367 0
3.16716 0.021511 0
3.17595 0.0198599 0
3.18475 0.0181919 0
3.19355 0.0165169 0
3.20235 0.0148454 0
3.21114 0.0131882 0
3.21994 0.0115561 0
3.22874 0.00995923 0
3.23754 0.00840653 0
3.24633 0.00690493 0
3.25513 0.00545972 0
3.26393 0.00407347 0
3.27273 0.00274653 0
3.28152 0.00147723 0
3.29032 0.000262245 0
3.29912 -0.000902638 0
3.30792 -0.00202244 0
3.31672 -0.00310194 0
3.32551 -0.00414575 0
3.33431 -0.00515768 0
3.34311 -0.0061412 0
3.35191 -0.00709872 0
3.3607 -0.00803231 0
3.3695 -0.00894349 0
3.3783 -0.0098334 0
3.3871 -0.0107031 0
3.39589 -0.0115536 0
3.40469 -0.0123863 0
3.41349 -0.0132029 0
3.42229 -0.0140054 0
3.43109 -0.0147958 0
3.43988 -0.0155759 0
3.44868 -0.0163469 0
3.45748 -0.017109 0
3.46628 -0.0178615 0
3.47507 -0.0186025 0
3.48387 -0.0193294 0
3.49267 -0.0200391 0
3.50147 -0.0207279 0
3.51026 -0.0213925 0
3.51906 -0.0220297 0
3.52786 -0.0226364 0
3.53666 -0.0232102 0
3.54545 -0.0237489 0
3.55425 -0.0242505 0
3.56305 -0.024714 0
3.57185 -0.0251384 0
3.58065 -0.0255238 0
3.58944 -0.0258706 0
3.59824 -0.0261799 0
3.60704 -0.0264532 0
3.61584 -0.026692 0
3.62463 -0.0268978 0
3.63343 -0.0270721 0
3.64223 -0.0272163 0
3.65103 -0.0273315 0
3.65982 -0.0274194 0
3.66862 -0.0274818 0
3.67742 -0.0275215 0
3.68622 -0.0275418 0
3.69501 -0.0275473 0
3.70381 -0.0275429 0
3.71261 -0.0275343 0
3.72141 -0.027527 0
3.73021 -0.027526 0
3.739 -0.0275352 0
3.7478 -0.0275572 0
3.7566 -0.0275926 0
3.7654 -0.0276404 0
3.77419 -0.027698 0
3.78299 -0.0277617 0
3.79179 -0.0278268 0
3.80059 -0.0278883 0
3.80938 -0.0279413 0
3.81818 -0.0279814 0
3.82698 -0.0280049 0
3.83578 -0.0280089 0
3.84457 -0.0279923 0
3.85337 -0.0279553 0
3.86217 -0.0278994 0
3.87097 -0.027828 0
3.87977 -0.0277457 0
3.88856 -0.0276578 0
3.89736 -0.0275705 0
3.90616 -0.0274895 0
3.91496 -0.0274203 0
3.92375 -0.0273676 0
3.93255 -0.027335 0
3.94135 -0.0273244 0
3.95015 -0.0273367 0
3.95894 -0.027371 0
3.96774 -0.027425 0
3.97654 -0.0274953 0
3.98534 -0.0275773 0
3.99413 -0.0276653 0
4.00293 -0.0277536 0
4.01173 -0.0278357 0
4.02053 -0.0279058 0
4.02933 -0.0279582 0
4.03812 -0.0279884 0
4.04692 -0.0279927 0
4.05572 -0.0279697 0
4.06452 -0.0279193 0
4.07331 -0.0278436 0
4.08211 -0.0277466 0
4.09091 -0.0276337 0
4.09971 -0.0275115 0
4.1085 -0.0273869 0
4.1173 -0.0272668 0
4.1261 -0.027157 0
4.1349 -0.0270623 0
4.14369 -0.0269857 0
4.15249 -0.0269285 0
4.16129 -0.0268903 0
4.17009 -0.0268691 0
4.17889 -0.0268618 0
4.18768 -0.0268643 0
4.19648 -0.0268719 0
4.20528 -0.0268799 0
4.21408 -0.0268832 0
4.22287 -0.0268776 0
4.23167 -0.026859 0
4.24047 -0.0268245 0
4.24927 -0.0267716 0
4.25806 -0.0266991 0
4.26686 -0.0266065 0
4.27566 -0.0264945 0
4.28446 -0.0263641 0
4.29326 -0.0262178 0
4.30205 -0.0260579 0
4.31085 -0.0258875 0
4.31965 -0.0257093 0
4.32845 -0.0255261 0
4.33724 -0.0253397 0
4.34604 -0.0251513 0
4.35484 -0.0249615 0
4.36364 -0.0247701 0
4.37243 -0.0245765 0
4.38123 -0.0243797 0
4.39003 -0.024179 0
4.39883 -0.0239739 0
4.40762 -0.0237639 0
4.41642 -0.023549 0
4.42522 -0.0233294 0
4.43402 -0.023105 0
4.44282 -0.0228762 0
4.45161 -0.0226429 0
4.46041 -0.0224055 0
4.46921 -0.022164 0
4.47801 -0.0219189 0
4.4868 -0.0216703 0
4.4956 -0.0214188 0
4.5044 -0.0211644 0
4.5132 -0.0209075 0
4.52199 -0.0206479 0
4.53079 -0.020386 0
4.53959 -0.0201218 0
4.54839 -0.0198559 0
4.55718 -0.0195892 0
4.56598 -0.0193226 0
4.57478 -0.0190577 0
4.58358 -0.0187955 0
4.59238 -0.0185372 0
4.60117 -0.0182836 0
4.60997 -0.0180346 0
4.61877 -0.0177898 0
4.62757 -0.0175479 0
4.63636 -0.0173075 0
4.64516 -0.0170665 0
4.65396 -0.016823 0
4.66276 -0.0165755 0
4.67155 -0.0163225 0
4.68035 -0.0160633 0
4.68915 -0.0157974 0
4.69795 -0.0155251 0
4.70675 -0.0152467 0
4.71554 -0.0149631 0
4.72434 -0.014675 0
4.73314 -0.0143834 0
4.74194 -0.0140887 0
4.75073 -0.0137917 0
4.75953 -0.0134926 0
4.76833 -0.0131918 0
4.77713 -0.0128897 0
4.78592 -0.0125867 0
4.79472 -0.0122835 0
4.80352 -0.0119814 0
4.81232 -0.0116818 0
4.82111 -0.0113867 0
4.82991 -0.0110981 0
4.83871 -0.0108181 0
4.84751 -0.0105485 0
4.85631 -0.0102907 0
4.8651 -0.0100451 0
4.8739 -0.00981131 0
4.8827 -0.00958786 0
4.8915 -0.00937234 0
4.90029 -0.00916153 0
4.90909 -0.00895183 0
4.91789 -0.00873928 0
4.92669 -0.00852036 0
4.93548 -0.00829204 0
4.94428 -0.00805221 0
4.95308 -0.00779976 0
4.96188 -0.00753485 0
4.97067 -0.00725859 0
4.97947 -0.00697312 0
4.98827 -0.00668127 0
4.99707 -0.00638629 0
5.00587 -0.00609169 0
5.01466 -0.00580074 0
5.02346 -0.00551653 0
5.03226 -0.00524149 0
5.04106 -0.00497742 0
5.04985 -0.0047253 0
5.05865 -0.00448542 0
5.06745 -0.00425724 0
5.07625 -0.00403975 0
5.08504 -0.00383145 0
5.09384 -0.00363076 0
5.10264 -0.00343604 0
5.11144 -0.00324582 0
5.12023 -0.00305905 0
5.12903 -0.00287501 0
5.13783 -0.00269346 0
5.14663 -0.00251436 0
5.15543 -0.00233806 0
5.16422 -0.00216506 0
5.17302 -0.00199596 0
5.18182 -0.00183144 0
5.19062 -0.00167226 0
5.19941 -0.00151921 0
5.20821 -0.00137302 0
5.21701 -0.00123443 0
5.22581 -0.00110415 0
5.2346 -0.000982717 0
5.2434 -0.000870531 0
5.2522 -0.000767794 0
5.261 -0.00067454 0
5.26979 -0.000590595 0
5.27859 -0.000515633 0
5.28739 -0.000449199 0
5.29619 -0.000390682 0
5.30499 -0.000339449 0
5.31378 -0.00029483 0
5.32258 -0.000256159 0
5.33138 -0.00022274 0
5.34018 -0.000193996 0
5.34897 -0.000169328 0
5.35777 -0.000148194 0
5.36657 -0.000130132 0
5.37537 -0.000114714 0
5.38416 -0.000101587 0
5.39296 -9.03941e-05 0
5.40176 -8.08494e-05 0
5.41056 -7.2729e-05 0
5.41935 -6.58008e-05 0
5.42815 -5.99184e-05 0
5.43695 -5.48935e-05 0
5.44575 -5.06265e-05 0
5.45455 -4.6975e-05 0
5.46334 -4.38467e-05 0
5.47214 -4.11825e-05 0
5.48094 -3.88849e-05 0
5.48974 -3.69113e-05 0
5.49853 -3.52214e-05 0
5.50733 -3.37608e-05 0
5.51613 -3.24983e-05 0
5.52493 -3.14121e-05 0
5.53372 -3.04483e-05 0
5.54252 -2.9624e-05 0
5.55132 -2.89061e-05 0
5.56012 -2.82737e-05 0
5.56891 -2.77255e-05 0
5.57771 -2.72392e-05 0
5.58651 -2.68008e-05 0
5.59531 -2.64332e-05 0
5.60411 -2.60963e-05 0
5.6129 -2.58025e-05 0
5.6217 -2.55353e-05 0
5.6305 -2.52962e-05 0
5.6393 -2.50852e-05 0
5.64809 -2.48912e-05 0
5.65689 -2.47167e-05 0
5.66569 -2.45561e-05 0
5.67449 -2.44147e-05 0
5.68328 -2.42794e-05 0
5.69208 -2.41646e-05 0
5.70088 -2.40455e-05 0
5.70968 -2.39359e-05 0
5.71848 -2.40322e-05 0
5.72727 -2.39372e-05 0
5.73607 -2.38428e-05 0
5.74487 -2.37553e-05 0
5.75367 -2.3874e-05 0
5.76246 -2.37869e-05 0
5.77126 -2.37018e-05 0
5.78006 -2.3822e-05 0
5.78886 -2.39368e-05 0
5.79765 -2.38441e-05 0
5.80645 -2.39459e-05 0
5.81525 -2.40406e-05 0
5.82405 -2.41219e-05 0
5.83284 -2.43914e-05 0
5.84164 -2.44338e-05 0
5.85044 -2.46677e-05 0
5.85924 -2.48702e-05 0
5.86804 -2.50453e-05 0
5.87683 -2.53979e-05 0
5.88563 -2.57198e-05 0
5.89443 -2.6009e-05 0
5.90323 -2.64745e-05 0
5.91202 -2.69083e-05 0
5.92082 -2.73227e-05 0
5.92962 -2.79196e-05 0
5.93842 -2.82978e-05 0
5.94721 -2.88749e-05 0
5.95601 -2.94527e-05 0
5.96481 -3.00355e-05 0
5.97361 -3.06301e-05 0
5.9824 -3.12453e-05 0
5.9912 -3.16783e-05 0
6 -3.23415e-05 0
