-3 -3.8594e-07 0
-2.99022 -4.54202e-07 0
-2.98045 -5.31876e-07 0
-2.97067 -6.1946e-07 0
-2.9609 -7.17282e-07 0
-2.95112 -8.25472e-07 0
-2.94135 -9.43951e-07 0
-2.93157 -1.07243e-06 0
-2.9218 -1.21045e-06 0
-2.91202 -1.35737e-06 0
-2.90225 -1.51248e-06 0
-2.89247 -1.67498e-06 0
-2.8827 -1.84403e-06 0
-2.87292 -2.01882e-06 0
-2.86315 -2.19855e-06 0
-2.85337 -2.38247e-06 0
-2.8436 -2.56987e-06 0
-2.83382 -2.76011e-06 0
-2.82405 -2.95262e-06 0
-2.81427 -3.14684e-06 0
-2.8045 -3.34232e-06 0
-2.79472 -3.53861e-06 0
-2.78495 -3.73527e-06 0
-2.77517 -3.93192e-06 0
-2.7654 -4.12814e-06 0
-2.75562 -4.32348e-06 0
-2.74585 -4.51745e-06 0
-2.73607 -4.70946e-06 0
-2.7263 -4.89875e-06 0
-2.71652 -5.08444e-06 0
-2.70674 -5.26533e-06 0
-2.69697 -5.43996e-06 0
-2.68719 -5.60641e-06 0
-2.67742 -5.76228e-06 0
-2.66764 -5.90453e-06 0
-2.65787 -6.02938e-06 0
-2.64809 -6.13211e-06 0
-2.63832 -6.20693e-06 0
-2.62854 -6.24667e-06 0
-2.61877 -6.24258e-06 0
-2.60899 -6.18395e-06 0
-2.59922 -6.05768e-06 0
-2.58944 -5.84781e-06 0
-2.57967 -5.53493e-06 0
-2.56989 -5.09537e-06 0
-2.56012 -4.50032e-06 0
-2.55034 -3.71477e-06 0
-2.54057 -2.69621e-06 0
-2.53079 -1.39295e-06 0
-2.52102 2.57735e-07 0
-2.51124 2.33186e-06 0
-2.50147 4.92147e-06 0
-2.49169 8.13784e-06 0
-2.48192 1.21153e-05 0
-2.47214 1.70155e-05 0
-2.46237 2.30329e-05 0
-2.45259 3.04001e-05 0
-2.44282 3.93949e-05 0
-2.43304 5.03472e-05 0
-2.42326 6.3647e-05 0
-2.41349 7.97523e-05 0
-2.40371 9.91969e-05 0
-2.39394 0.000122597 0
-2.38416 0.000150657 0
-2.37439 0.00018417 0
-2.36461 0.000224017 0
-2.35484 0.000271159 0
-2.34506 0.000326616 0
-2.33529 0.000391449 0
-2.32551 0.000466724 0
-2.31574 0.000553471 0
-2.30596 0.000652638 0
-2.29619 0.000765052 0
-2.28641 0.000891374 0
-2.27664 0.00103208 0
-2.26686 0.00118748 0
-2.25709 0.00135767 0
-2.24731 0.00154267 0
-2.23754 0.0017424 0
-2.22776 0.00195678 0
-2.21799 0.00218578 0
-2.20821 0.00242953 0
-2.19844 0.00268834 0
-2.18866 0.00296279 0
-2.17889 0.0032538 0
-2.16911 0.00356266 0
-2.15934 0.00389102 0
-2.14956 0.00424096 0
-2.13978 0.00461485 0
-2.13001 0.00501527 0
-2.12023 0.00544486 0
-2.11046 0.00590614 0
-2.10068 0.00640136 0
-2.09091 0.00693237 0
-2.08113 0.00750052 0
-2.07136 0.00810659 0
-2.06158 0.00875091 0
-2.05181 0.00943334 0
-2.04203 0.0101535 0
-2.03226 0.0109107 0
-2.02248 0.0117047 0
-2.01271 0.0125351 0
-2.00293 0.0134019 0
-1.99316 0.0143057 0
-1.98338 0.015247 0
-1.97361 0.0162269 0
-1.96383 0.0172464 0
-1.95406 0.0183068 0
-1.94428 0.0194099 0
-1.93451 0.0205577 0
-1.92473 0.0217534 0
-1.91496 0.0230013 0
-1.90518 0.0243063 0
-1.89541 0.0256747 0
-1.88563 0.0271133 0
-1.87586 0.0286293 0
-1.86608 0.0302304 0
-1.8563 0.0319245 0
-1.84653 0.0337198 0
-1.83675 0.0356255 0
-1.82698 0.0376517 0
-1.8172 0.0398098 0
-1.80743 0.0421131 0
-1.79765 0.0445771 0
-1.78788 0.0472191 0
-1.7781 0.0500591 0
-1.76833 0.0531188 0
-1.75855 0.0564226 0
-1.74878 0.0599971 0
-1.739 0.0638715 0
-1.72923 0.0680778 0
-1.71945 0.0726511 0
-1.70968 0.07763 0
-1.6999 0.0830571 0
-1.69013 0.0889796 0
-1.68035 0.095449 0
-1.67058 0.102522 0
-1.6608 0.110262 0
-1.65103 0.118736 0
-1.64125 0.128016 0
-1.63148 0.138182 0
-1.6217 0.149313 0
-1.61193 0.16149 0
-1.60215 0.174791 0
-1.59238 0.189286 0
-1.5826 0.205028 0
-1.57283 0.22205 0
-1.56305 0.240357 0
-1.55327 0.259917 0
-1.5435 0.280656 0
-1.53372 0.302459 0
-1.52395 0.325168 0
-1.51417 0.348586 0
-1.5044 0.372487 0
-1.49462 0.396629 0
-1.48485 0.420766 0
-1.47507 0.444661 0
-1.4653 0.468098 0
-1.45552 0.490893 0
-1.44575 0.512899 0
-1.43597 0.534006 0
-1.4262 0.554144 0
-1.41642 0.573277 0
-1.40665 0.591399 0
-1.39687 0.608525 0
-1.3871 0.624695 0
-1.37732 0.639954 0
-1.36755 0.654358 0
-1.35777 0.667968 0
-1.348 0.680842 0
-1.33822 0.693036 0
-1.32845 0.704601 0
-1.31867 0.715586 0
-1.3089 0.726029 0
-1.29912 0.735965 0
-1.28934 0.74542 0
-1.27957 0.754416 0
-1.26979 0.762968 0
-1.26002 0.771082 0
-1.25024 0.778761 0
-1.24047 0.786001 0
-1.23069 0.792793 0
-1.22092 0.799127 0
-1.21114 0.804986 0
-1.20137 0.810358 0
-1.19159 0.815231 0
-1.18182 0.819596 0
-1.17204 0.82345 0
-1.16227 0.826794 0
-1.15249 0.829636 0
-1.14272 0.831989 0
-1.13294 0.83387 0
-1.12317 0.8353 0
-1.11339 0.836302 0
-1.10362 0.836901 0
-1.09384 0.837121 0
-1.08407 0.836988 0
-1.07429 0.836526 0
-1.06452 0.835762 0
-1.05474 0.834716 0
-1.04497 0.83341 0
-1.03519 0.831864 0
-1.02542 0.830093 0
-1.01564 0.828111 0
-1.00587 0.825929 0
-0.99609 0.823554 0
-0.986315 0.820991 0
-0.97654 0.818243 0
-0.966765 0.815312 0
-0.956989 0.812199 0
-0.947214 0.808906 0
-0.937439 0.805435 0
-0.927664 0.801793 0
-0.917889 0.797989 0
-0.908114 0.794032 0
-0.898338 0.78994 0
-0.888563 0.785728 0
-0.878788 0.781415 0
-0.869013 0.777021 0
-0.859237 0.772565 0
-0.849462 0.768067 0
-0.839687 0.763545 0
-0.829912 0.759019 0
-0.820137 0.754507 0
-0.810362 0.750027 0
-0.800587 0.745598 0
-0.790811 0.74124 0
-0.781036 0.736973 0
-0.771261 0.732813 0
-0.761486 0.728781 0
-0.751711 0.724892 0
-0.741936 0.721157 0
-0.73216 0.717585 0
-0.722385 0.714177 0
-0.71261 0.710924 0
-0.702835 0.707813 0
-0.693059 0.704818 0
-0.683284 0.701912 0
-0.673509 0.699063 0
-0.663734 0.696238 0
-0.653959 0.693408 0
-0.644184 0.690546 0
-0.634408 0.687635 0
-0.624633 0.68466 0
-0.614858 0.681616 0
-0.605083 0.678502 0
-0.595308 0.675325 0
-0.585533 0.672095 0
-0.575758 0.668825 0
-0.565982 0.665535 0
-0.556207 0.662241 0
-0.546432 0.658964 0
-0.536657 0.65572 0
-0.526882 0.652523 0
-0.517107 0.649382 0
-0.507331 0.6463 0
-0.497556 0.643269 0
-0.487781 0.640278 0
-0.478006 0.637308 0
-0.468231 0.634334 0
-0.458456 0.63133 0
-0.44868 0.628262 0
-0.438905 0.625097 0
-0.42913 0.621801 0
-0.419355 0.618333 0
-0.40958 0.614657 0
-0.399805 0.61073 0
-0.390029 0.606508 0
-0.380254 0.601947 0
-0.370479 0.597 0
-0.360704 0.591624 0
-0.350929 0.58578 0
-0.341154 0.579435 0
-0.331378 0.572568 0
-0.321603 0.565173 0
-0.311828 0.557255 0
-0.302053 0.548839 0
-0.292278 0.539963 0
-0.282502 0.530678 0
-0.272727 0.521047 0
-0.262952 0.511138 0
-0.253177 0.501022 0
-0.243402 0.490766 0
-0.233627 0.480435 0
-0.223851 0.470085 0
-0.214076 0.459765 0
-0.204301 0.449516 0
-0.194526 0.439373 0
-0.184751 0.429362 0
-0.174976 0.419501 0
-0.1652 0.409807 0
-0.155425 0.40029 0
-0.14565 0.390959 0
-0.135875 0.381817 0
-0.1261 0.372868 0
-0.116325 0.364113 0
-0.106549 0.355554 0
-0.0967743 0.347191 0
-0.0869991 0.339028 0
-0.077224 0.331068 0
-0.0674488 0.323312 0
-0.0576736 0.315764 0
-0.0478985 0.308422 0
-0.0381233 0.301282 0
-0.0283478 0.294336 0
-0.0185727 0.28757 0
-0.00879753 0.280969 0
0.000977635 0.274515 0
0.0107528 0.268186 0
0.020528 0.261965 0
0.0303031 0.255834 0
0.0400783 0.249778 0
0.0498534 0.243787 0
0.0596286 0.237852 0
0.0694038 0.231968 0
0.0791789 0.226133 0
0.0889541 0.220346 0
0.0987293 0.214608 0
0.108504 0.208918 0
0.11828 0.20328 0
0.128055 0.197694 0
0.13783 0.192161 0
0.147605 0.186682 0
0.15738 0.181259 0
0.167155 0.175892 0
0.176931 0.170581 0
0.186706 0.165327 0
0.196481 0.160128 0
0.206256 0.154981 0
0.216031 0.149882 0
0.225806 0.144826 0
0.235582 0.139809 0
0.245357 0.134824 0
0.255132 0.129868 0
0.264907 0.124935 0
0.274682 0.120022 0
0.284457 0.115121 0
0.294233 0.110226 0
0.304008 0.105327 0
0.313783 0.100413 0
0.323558 0.0954707 0
0.333333 0.0904839 0
0.343109 0.0854371 0
0.352884 0.0803162 0
0.362659 0.0751083 0
0.372434 0.0698059 0
0.382209 0.0644058 0
0.391984 0.0589133 0
0.40176 0.0533413 0
0.411535 0.0477114 0
0.42131 0.0420543 0
0.431085 0.0364073 0
0.44086 0.0308139 0
0.450635 0.0253212 0
0.460411 0.0199782 0
0.470186 0.0148321 0
0.479961 0.00992805 0
0.489736 0.00530549 0
0.499511 0.000998233 0
0.509286 -0.00296911 0
0.519062 -0.00657865 0
0.528837 -0.00982188 0
0.538612 -0.0126977 0
0.548387 -0.0152114 0
0.558162 -0.0173735 0
0.567937 -0.0191981 0
0.577712 -0.020702 0
0.587488 -0.0219039 0
0.597263 -0.0228236 0
0.607038 -0.023482 0
0.616813 -0.0239022 0
0.626589 -0.0241077 0
0.636364 -0.0241235 0
0.646139 -0.0239755 0
0.655914 -0.0236887 0
0.665689 -0.0232879 0
0.675464 -0.0227959 0
0.68524 -0.0222335 0
0.695015 -0.0216193 0
0.70479 -0.0209691 0
0.714565 -0.0202959 0
0.72434 -0.0196104 0
0.734115 -0.0189204 0
0.743891 -0.0182314 0
0.753666 -0.0175467 0
0.763441 -0.0168678 0
0.773216 -0.0161949 0
0.782991 -0.0155273 0
0.792766 -0.0148637 0
0.802541 -0.0142029 0
0.812317 -0.0135441 0
0.822092 -0.012887 0
0.831867 -0.0122316 0
0.841642 -0.0115787 0
0.851417 -0.0109286 0
0.861192 -0.0102816 0
0.870968 -0.00963737 0
0.880743 -0.00899404 0
0.890518 -0.0083486 0
0.900293 -0.00769619 0
0.910068 -0.00703086 0
0.919844 -0.00634563 0
0.929619 -0.00563339 0
0.939394 -0.00488747 0
0.949169 -0.00410263 0
0.958944 -0.00327561 0
0.96872 -0.00240564 0
0.978495 -0.00149422 0
0.98827 -0.000545483 0
0.998045 0.000434815 0
1.00782 0.00143939 0
1.0176 0.00246042 0
1.02737 0.00349007 0
1.03715 0.00452121 0
1.04692 0.00554758 0
1.0567 0.00656432 0
1.06647 0.00756764 0
1.07625 0.00855494 0
1.08602 0.00952417 0
1.0958 0.0104734 0
1.10557 0.0114003 0
1.11535 0.0123024 0
1.12512 0.0131761 0
1.1349 0.0140178 0
1.14467 0.0148236 0
1.15445 0.0155901 0
1.16422 0.016315 0
1.174 0.0169972 0
1.18377 0.0176369 0
1.19355 0.0182357 0
1.20332 0.0187966 0
1.2131 0.0193231 0
1.22287 0.0198192 0
1.23265 0.0202891 0
1.24242 0.0207366 0
1.2522 0.0211651 0
1.26197 0.0215775 0
1.27175 0.0219761 0
1.28153 0.0223627 0
1.2913 0.0227384 0
1.30108 0.0231042 0
1.31085 0.023461 0
1.32063 0.0238098 0
1.3304 0.0241518 0
1.34018 0.0244886 0
1.34995 0.0248221 0
1.35973 0.025154 0
1.3695 0.0254859 0
1.37928 0.0258184 0
1.38905 0.0261513 0
1.39883 0.0264834 0
1.4086 0.0268128 0
1.41838 0.0271369 0
1.42815 0.0274536 0
1.43793 0.0277614 0
1.4477 0.02806 0
1.45748 0.0283503 0
1.46725 0.0286342 0
1.47703 0.0289149 0
1.4868 0.0291955 0
1.49658 0.029479 0
1.50635 0.0297678 0
1.51613 0.0300637 0
1.5259 0.0303678 0
1.53568 0.0306808 0
1.54545 0.0310035 0
1.55523 0.0313364 0
1.56501 0.0316804 0
1.57478 0.032036 0
1.58456 0.0324034 0
1.59433 0.032782 0
1.60411 0.0331699 0
1.61388 0.0335638 0
1.62366 0.0339595 0
1.63343 0.0343519 0
1.64321 0.034735 0
1.65298 0.0351033 0
1.66276 0.0354516 0
1.67253 0.0357761 0
1.68231 0.036074 0
1.69208 0.0363441 0
1.70186 0.0365867 0
1.71163 0.0368031 0
1.72141 0.0369957 0
1.73118 0.0371676 0
1.74096 0.0373225 0
1.75073 0.0374642 0
1.76051 0.0375967 0
1.77028 0.0377237 0
1.78006 0.0378483 0
1.78983 0.0379731 0
1.79961 0.0381001 0
1.80938 0.0382307 0
1.81916 0.0383657 0
1.82893 0.0385062 0
1.83871 0.038653 0
1.84848 0.0388071 0
1.85826 0.0389694 0
1.86804 0.0391409 0
1.87781 0.0393222 0
1.88759 0.0395135 0
1.89736 0.0397145 0
1.90714 0.0399246 0
1.91691 0.040143 0
1.92669 0.0403688 0
1.93646 0.0406005 0
1.94624 0.0408362 0
1.95601 0.0410736 0
1.96579 0.041309 0
1.97556 0.0415384 0
1.98534 0.0417569 0
1.99511 0.0419596 0
2.00489 0.042142 0
2.01466 0.0423007 0
2.02444 0.0424333 0
2.03421 0.042539 0
2.04399 0.0426184 0
2.05376 0.0426729 0
2.06354 0.0427045 0
2.07331 0.0427155 0
2.08309 0.0427082 0
2.09286 0.0426846 0
2.10264 0.0426466 0
2.11241 0.0425962 0
2.12219 0.0425353 0
2.13196 0.0424666 0
2.14174 0.0423927 0
2.15152 0.0423173 0
2.16129 0.0422442 0
2.17107 0.0421782 0
2.18084 0.0421242 0
2.19062 0.0420875 0
2.20039 0.0420728 0
2.21017 0.0420846 0
2.21994 0.0421258 0
2.22972 0.0421983 0
2.23949 0.0423023 0
2.24927 0.0424362 0
2.25904 0.0425971 0
2.26882 0.0427805 0
2.27859 0.0429815 0
2.28837 0.043194 0
2.29814 0.0434121 0
2.30792 0.0436296 0
2.31769 0.0438407 0
2.32747 0.0440397 0
2.33724 0.0442217 0
2.34702 0.0443823 0
2.35679 0.0445184 0
2.36657 0.0446277 0
2.37634 0.0447094 0
2.38612 0.0447638 0
2.39589 0.0447926 0
2.40567 0.0447988 0
2.41544 0.0447864 0
2.42522 0.0447604 0
2.435 0.0447264 0
2.44477 0.0446899 0
2.45455 0.0446564 0
2.46432 0.0446309 0
2.4741 0.0446173 0
2.48387 0.0446182 0
2.49365 0.0446345 0
2.50342 0.0446649 0
2.5132 0.0447062 0
2.52297 0.0447532 0
2.53275 0.0447991 0
2.54252 0.0448363 0
2.5523 0.0448571 0
2.56207 0.0448547 0
2.57185 0.0448242 0
2.58162 0.0447631 0
2.5914 0.0446716 0
2.60117 0.0445531 0
2.61095 0.0444123 0
2.62072 0.0442557 0
2.6305 0.0440898 0
2.64027 0.0439204 0
2.65005 0.0437517 0
2.65982 0.043586 0
2.6696 0.0434243 0
2.67937 0.0432663 0
2.68915 0.0431113 0
2.69892 0.0429588 0
2.7087 0.0428086 0
2.71847 0.0426618 0
2.72825 0.0425199 0
2.73803 0.0423846 0
2.7478 0.0422575 0
2.75758 0.0421397 0
2.76735 0.0420306 0
2.77713 0.0419286 0
2.7869 0.04183 0
2.79668 0.0417292 0
2.80645 0.0416195 0
2.81623 0.0414929 0
2.826 0.0413413 0
2.83578 0.0411569 0
2.84555 0.0409333 0
2.85533 0.040666 0
2.8651 0.0403531 0
2.87488 0.0399951 0
2.88465 0.0395957 0
2.89443 0.0391607 0
2.9042 0.0386983 0
2.91398 0.0382179 0
2.92375 0.0377294 0
2.93353 0.0372423 0
2.9433 0.0367647 0
2.95308 0.0363032 0
2.96285 0.0358621 0
2.97263 0.0354441 0
2.9824 0.0350504 0
2.99218 0.0346814 0
3.00196 0.0343367 0
3.01173 0.034016 0
3.02151 0.0337188 0
3.03128 0.0334444 0
3.04106 0.0331914 0
3.05083 0.0329584 0
3.06061 0.0327434 0
3.07038 0.0325439 0
3.08016 0.032357 0
3.08993 0.0321797 0
3.09971 0.0320088 0
3.10948 0.0318408 0
3.11926 0.0316723 0
3.12903 0.0314998 0
3.13881 0.03132 0
3.14858 0.0311297 0
3.15836 0.0309263 0
3.16813 0.0307074 0
3.17791 0.0304718 0
3.18768 0.0302186 0
3.19746 0.0299483 0
3.20723 0.0296618 0
3.21701 0.0293609 0
3.22678 0.029048 0
3.23656 0.028726 0
3.24633 0.0283986 0
3.25611 0.0280698 0
3.26588 0.0277441 0
3.27566 0.0274257 0
3.28543 0.0271186 0
3.29521 0.0268257 0
3.30499 0.0265486 0
3.31476 0.0262873 0
3.32454 0.0260402 0
3.33431 0.0258045 0
3.34409 0.0255766 0
3.35386 0.0253527 0
3.36364 0.0251291 0
3.37341 0.0249024 0
3.38319 0.0246698 0
3.39296 0.0244284 0
3.40274 0.0241762 0
3.41251 0.023911 0
3.42229 0.0236318 0
3.43206 0.0233382 0
3.44184 0.0230315 0
3.45161 0.0227144 0
3.46139 0.0223911 0
3.47116 0.0220667 0
3.48094 0.0217465 0
3.49071 0.0214355 0
3.50049 0.0211377 0
3.51026 0.0208558 0
3.52004 0.0205912 0
3.52981 0.0203443 0
3.53959 0.0201138 0
3.54936 0.0198977 0
3.55914 0.0196926 0
3.56891 0.0194943 0
3.57869 0.0192978 0
3.58847 0.0190982 0
3.59824 0.0188907 0
3.60802 0.0186717 0
3.61779 0.0184392 0
3.62757 0.0181933 0
3.63734 0.0179358 0
3.64712 0.0176703 0
3.65689 0.0174013 0
3.66667 0.0171332 0
3.67644 0.0168697 0
3.68622 0.0166122 0
3.69599 0.0163594 0
3.70577 0.0161069 0
3.71554 0.015847 0
3.72532 0.0155697 0
3.73509 0.0152637 0
3.74487 0.0149177 0
3.75464 0.0145223 0
3.76442 0.0140711 0
3.77419 0.0135616 0
3.78397 0.0129955 0
3.79374 0.0123782 0
3.80352 0.0117174 0
3.81329 0.0110224 0
3.82307 0.0103022 0
3.83284 0.00956474 0
3.84262 0.00881643 0
3.8524 0.0080622 0
3.86217 0.00730584 0
3.87195 0.00655077 0
3.88172 0.00580082 0
3.8915 0.00506076 0
3.90127 0.00433651 0
3.91105 0.00363484 0
3.92082 0.0029629 0
3.9306 0.00232716 0
3.94037 0.00173274 0
3.95015 0.0011825 0
3.95992 0.000676881 0
3.9697 0.000213867 0
3.97947 -0.000210668 0
3.98925 -0.00060234 0
3.99902 -0.000967561 0
4.0088 -0.00131307 0
4.01857 -0.00164535 0
4.02835 -0.00197033 0
4.03812 -0.00229296 0
4.0479 -0.00261701 0
4.05767 -0.00294471 0
4.06745 -0.00327664 0
4.07722 -0.0036117 0
4.087 -0.00394712 0
4.09677 -0.00427881 0
4.10655 -0.00460193 0
4.11632 -0.00491138 0
4.1261 -0.00520276 0
4.13587 -0.00547288 0
4.14565 -0.00572022 0
4.15543 -0.00594504 0
4.1652 -0.00614898 0
4.17498 -0.00633455 0
4.18475 -0.00650419 0
4.19453 -0.00665981 0
4.2043 -0.00680214 0
4.21408 -0.0069307 0
4.22385 -0.00704398 0
4.23363 -0.00713982 0
4.2434 -0.00721591 0
4.25318 -0.0072703 0
4.26295 -0.00730168 0
4.27273 -0.00730987 0
4.2825 -0.00729584 0
4.29228 -0.0072621 0
4.30205 -0.00721268 0
4.31183 -0.00715347 0
4.3216 -0.00709202 0
4.33138 -0.00703746 0
4.34115 -0.00700003 0
4.35093 -0.00699032 0
4.3607 -0.00701837 0
4.37048 -0.00709259 0
4.38025 -0.0072188 0
4.39003 -0.00739939 0
4.3998 -0.0076329 0
4.40958 -0.00791397 0
4.41935 -0.00823371 0
4.42913 -0.00858046 0
4.43891 -0.0089408 0
4.44868 -0.00930066 0
4.45846 -0.00964651 0
4.46823 -0.0099663 0
4.47801 -0.0102503 0
4.48778 -0.0104917 0
4.49756 -0.0106865 0
4.50733 -0.0108338 0
4.51711 -0.0109352 0
4.52688 -0.0109946 0
4.53666 -0.0110169 0
4.54643 -0.0110084 0
4.55621 -0.0109753 0
4.56598 -0.0109237 0
4.57576 -0.0108594 0
4.58553 -0.0107872 0
4.59531 -0.010711 0
4.60508 -0.0106343 0
4.61486 -0.0105595 0
4.62463 -0.0104887 0
4.63441 -0.0104238 0
4.64418 -0.0103665 0
4.65396 -0.0103188 0
4.66373 -0.0102828 0
4.67351 -0.0102608 0
4.68328 -0.0102555 0
4.69306 -0.010269 0
4.70283 -0.0103028 0
4.71261 -0.0103568 0
4.72238 -0.0104291 0
4.73216 -0.0105155 0
4.74194 -0.0106095 0
4.75171 -0.010703 0
4.76149 -0.0107865 0
4.77126 -0.01085 0
4.78104 -0.0108844 0
4.79081 -0.0108816 0
4.80059 -0.0108357 0
4.81036 -0.0107438 0
4.82014 -0.0106058 0
4.82991 -0.0104246 0
4.83969 -0.0102061 0
4.84946 -0.00995808 0
4.85924 -0.00968946 0
4.86901 -0.00940965 0
4.87879 -0.00912744 0
4.88856 -0.00885045 0
4.89834 -0.00858486 0
4.90811 -0.00833533 0
4.91789 -0.00810518 0
4.92766 -0.0078968 0
4.93744 -0.00771196 0
4.94721 -0.00755209 0
4.95699 -0.00741831 0
4.96676 -0.00731159 0
4.97654 -0.0072325 0
4.98631 -0.00718113 0
4.99609 -0.00715693 0
5.00587 -0.00715862 0
5.01564 -0.00718398 0
5.02542 -0.00723005 0
5.03519 -0.0072931 0
5.04497 -0.00736874 0
5.05474 -0.00745214 0
5.06452 -0.00753835 0
5.07429 -0.00762236 0
5.08407 -0.00769955 0
5.09384 -0.0077658 0
5.10362 -0.00781783 0
5.11339 -0.00785331 0
5.12317 -0.00787115 0
5.13294 -0.00787138 0
5.14272 -0.0078552 0
5.15249 -0.00782453 0
5.16227 -0.00778169 0
5.17204 -0.00772882 0
5.18182 -0.00766752 0
5.19159 -0.00759855 0
5.20137 -0.00752184 0
5.21114 -0.0074367 0
5.22092 -0.0073423 0
5.23069 -0.00723809 0
5.24047 -0.00712422 0
5.25024 -0.0070019 0
5.26002 -0.00687328 0
5.26979 -0.00674147 0
5.27957 -0.00661004 0
5.28934 -0.00648264 0
5.29912 -0.0063626 0
5.3089 -0.00625263 0
5.31867 -0.0061546 0
5.32845 -0.00606945 0
5.33822 -0.00599728 0
5.348 -0.00593737 0
5.35777 -0.00588841 0
5.36755 -0.00584866 0
5.37732 -0.00581614 0
5.3871 -0.00578882 0
5.39687 -0.0057648 0
5.40665 -0.00574248 0
5.41642 -0.00572052 0
5.4262 -0.00569793 0
5.43597 -0.00567399 0
5.44575 -0.00564802 0
5.45552 -0.00561942 0
5.4653 -0.0055875 0
5.47507 -0.00555153 0
5.48485 -0.00551076 0
5.49462 -0.00546459 0
5.5044 -0.00541257 0
5.51417 -0.00535459 0
5.52395 -0.00529093 0
5.53372 -0.00522231 0
5.5435 -0.00514983 0
5.55328 -0.00507495 0
5.56305 -0.00499933 0
5.57283 -0.00492464 0
5.5826 -0.0048523 0
5.59238 -0.00478338 0
5.60215 -0.00471828 0
5.61193 -0.00465667 0
5.6217 -0.00459749 0
5.63148 -0.00453891 0
5.64125 -0.00447864 0
5.65103 -0.00441419 0
5.6608 -0.00434322 0
5.67058 -0.004264 0
5.68035 -0.00417558 0
5.69013 -0.00407809 0
5.6999 -0.00397259 0
5.70968 -0.00386093 0
5.71945 -0.0037454 0
5.72923 -0.00362825 0
5.739 -0.00351142 0
5.74878 -0.00339612 0
5.75855 -0.00328271 0
5.76833 -0.00317076 0
5.7781 -0.00305916 0
5.78788 -0.00294637 0
5.79765 -0.00283074 0
5.80743 -0.00271064 0
5.8172 -0.00258471 0
5.82698 -0.00245201 0
5.83675 -0.00231212 0
5.84653 -0.00216527 0
5.85631 -0.00201232 0
5.86608 -0.00185485 0
5.87586 -0.00169514 0
5.88563 -0.00153595 0
5.89541 -0.00138038 0
5.90518 -0.00123162 0
5.91496 -0.00109263 0
5.92473 -0.00096596 0
5.93451 -0.000853547 0
5.94428 -0.000756604 0
5.95406 -0.000675597 0
5.96383 -0.000610312 0
5.97361 -0.000559886 0
5.98338 -0.000522962 0
5.99316 -0.000497777 0
6.00293 -0.000482266 0
6.01271 -0.000474183 0
6.02248 -0.000471188 0
6.03226 -0.000470983 0
6.04203 -0.00047142 0
6.05181 -0.000470603 0
6.06158 -0.000466979 0
6.07136 -0.000459458 0
6.08113 -0.000447392 0
6.09091 -0.000430607 0
6.10068 -0.000409338 0
6.11046 -0.00038418 0
6.12023 -0.000355977 0
6.13001 -0.00032574 0
6.13979 -0.000294541 0
6.14956 -0.000263409 0
6.15934 -0.000233266 0
6.16911 -0.000204883 0
6.17889 -0.000178812 0
6.18866 -0.000155397 0
6.19844 -0.000134795 0
6.20821 -0.000116999 0
6.21799 -0.000101863 0
6.22776 -8.91673e-05 0
6.23754 -7.86447e-05 0
6.24731 -6.99924e-05 0
6.25709 -6.29257e-05 0
6.26686 -5.7199e-05 0
6.27664 -5.25645e-05 0
6.28641 -4.88257e-05 0
6.29619 -4.58074e-05 0
6.30596 -4.3378e-05 0
6.31574 -4.14198e-05 0
6.32551 -3.98418e-05 0
6.33529 -3.85653e-05 0
6.34506 -3.75328e-05 0
6.35484 -3.66935e-05 0
6.36461 -3.60147e-05 0
6.37439 -3.5466e-05 0
6.38416 -3.50162e-05 0
6.39394 -3.46496e-05 0
6.40371 -3.43506e-05 0
6.41349 -3.41079e-05 0
6.42326 -3.39022e-05 0
6.43304 -3.37402e-05 0
6.44282 -3.35998e-05 0
6.45259 -3.34861e-05 0
6.46237 -3.33874e-05 0
6.47214 -3.33098e-05 0
6.48192 -3.32391e-05 0
6.49169 -3.31786e-05 0
6.50147 -3.31292e-05 0
6.51124 -3.30869e-05 0
6.52102 -3.3048e-05 0
6.53079 -3.30109e-05 0
6.54057 -3.29789e-05 0
6.55034 -3.30498e-05 0
6.56012 -3.30212e-05 0
6.56989 -3.29975e-05 0
6.57967 -3.29698e-05 0
6.58944 -3.29456e-05 0
6.59922 -3.29219e-05 0
6.60899 -3.28978e-05 0
6.61877 -3.28728e-05 0
6.62854 -3.28485e-05 0
6.63832 -3.28266e-05 0
6.64809 -3.27998e-05 0
6.65787 -3.27759e-05 0
6.66764 -3.27512e-05 0
6.67742 -3.27272e-05 0
6.68719 -3.27009e-05 0
6.69697 -3.26756e-05 0
6.70675 -3.26499e-05 0
6.71652 -3.26251e-05 0
6.7263 -3.2598e-05 0
6.73607 -3.25692e-05 0
6.74585 -3.25414e-05 0
6.75562 -3.2513e-05 0
6.7654 -3.24843e-05 0
6.77517 -3.24563e-05 0
6.78495 -3.24279e-05 0
6.79472 -3.23978e-05 0
6.8045 -3.23687e-05 0
6.81427 -3.23397e-05 0
6.82405 -3.23106e-05 0
6.83382 -3.23834e-05 0
6.8436 -3.23556e-05 0
6.85337 -3.23289e-05 0
6.86315 -3.23038e-05 0
6.87292 -3.23797e-05 0
6.8827 -3.23549e-05 0
6.89247 -3.24337e-05 0
6.90225 -3.241e-05 0
6.91202 -3.24897e-05 0
6.9218 -3.24684e-05 0
6.93157 -3.25488e-05 0
6.94135 -3.25285e-05 0
6.95112 -3.26105e-05 0
6.9609 -3.25919e-05 0
6.97067 -3.26756e-05 0
6.98045 -3.2761e-05 0
6.99022 -3.27463e-05 0
7 -3.28342e-05 0
