-4 7.17368e-05 0
-3.98925 7.25242e-05 0
-3.97849 7.33206e-05 0
-3.96774 7.41268e-05 0
-3.95699 7.49427e-05 0
-3.94624 7.57681e-05 0
-3.93548 7.66027e-05 0
-3.92473 7.74464e-05 0
-3.91398 7.82986e-05 0
-3.90323 7.91588e-05 0
-3.89247 8.00272e-05 0
-3.88172 8.0904e-05 0
-3.87097 8.17895e-05 0
-3.86022 8.26842e-05 0
-3.84946 8.35891e-05 0
-3.83871 8.45051e-05 0
-3.82796 8.54335e-05 0
-3.8172 8.63745e-05 0
-3.80645 8.73306e-05 0
-3.7957 8.83017e-05 0
-3.78495 8.92892e-05 0
-3.77419 9.02929e-05 0
-3.76344 9.13127e-05 0
-3.75269 9.23491e-05 0
-3.74194 9.34014e-05 0
-3.73118 9.44681e-05 0
-3.72043 9.55498e-05 0
-3.70968 9.66443e-05 0
-3.69892 9.77518e-05 0
-3.68817 9.88719e-05 0
-3.67742 0.000100005 0
-3.66667 0.000101152 0
-3.65591 0.000102314 0
-3.64516 0.000103493 0
-3.63441 0.000104692 0
-3.62366 0.000105913 0
-3.6129 0.00010716 0
-3.60215 0.000108435 0
-3.5914 0.000109743 0
-3.58065 0.000111089 0
-3.56989 0.000112478 0
-3.55914 0.000113918 0
-3.54839 0.000115417 0
-3.53763 0.000116987 0
-3.52688 0.00011864 0
-3.51613 0.000120392 0
-3.50538 0.000122262 0
-3.49462 0.000124272 0
-3.48387 0.000126448 0
-3.47312 0.000128819 0
-3.46237 0.000131423 0
-3.45161 0.000134298 0
-3.44086 0.000137491 0
-3.43011 0.000141053 0
-3.41936 0.000145042 0
-3.4086 0.000149518 0
-3.39785 0.000154551 0
-3.3871 0.000160213 0
-3.37634 0.000166577 0
-3.36559 0.000173717 0
-3.35484 0.0001817 0
-3.34409 0.000190579 0
-3.33333 0.000200382 0
-3.32258 0.000211096 0
-3.31183 0.000222649 0
-3.30108 0.000234897 0
-3.29032 0.000247609 0
-3.27957 0.000260466 0
-3.26882 0.000273078 0
-3.25806 0.000285016 0
-3.24731 0.000295872 0
-3.23656 0.000305333 0
-3.22581 0.000313264 0
-3.21505 0.000319769 0
-3.2043 0.000325235 0
-3.19355 0.000330312 0
-3.1828 0.000335871 0
-3.17204 0.000342923 0
-3.16129 0.000352548 0
-3.15054 0.000365815 0
-3.13979 0.000383751 0
-3.12903 0.000407328 0
-3.11828 0.00043748 0
-3.10753 0.000475122 0
-3.09677 0.000521199 0
-3.08602 0.000576748 0
-3.07527 0.000642948 0
-3.06452 0.000721195 0
-3.05376 0.000813151 0
-3.04301 0.000920806 0
-3.03226 0.00104645 0
-3.02151 0.00119265 0
-3.01075 0.00136208 0
-3 0.00155736 0
-2.98925 0.00178068 0
-2.97849 0.00203346 0
-2.96774 0.00231587 0
-2.95699 0.00262617 0
-2.94624 0.00296022 0
-2.93548 0.00331097 0
-2.92473 0.00366811 0
-2.91398 0.00401813 0
-2.90323 0.00434495 0
-2.89247 0.00463105 0
-2.88172 0.00485924 0
-2.87097 0.0050147 0
-2.86022 0.00508711 0
-2.84946 0.0050721 0
-2.83871 0.00497204 0
-2.82796 0.00479559 0
-2.8172 0.00455648 0
-2.80645 0.0042715 0
-2.7957 0.00395842 0
-2.78495 0.00363422 0
-2.77419 0.00331366 0
-2.76344 0.00300856 0
-2.75269 0.00272764 0
-2.74194 0.0024767 0
-2.73118 0.00225901 0
-2.72043 0.00207598 0
-2.70968 0.00192744 0
-2.69892 0.00181214 0
-2.68817 0.00172794 0
-2.67742 0.0016719 0
-2.66667 0.00164034 0
-2.65591 0.00162885 0
-2.64516 0.00163242 0
-2.63441 0.0016454 0
-2.62366 0.00166202 0
-2.6129 0.00167651 0
-2.60215 0.0016837 0
-2.5914 0.00167933 0
-2.58065 0.00166057 0
-2.56989 0.00162621 0
-2.55914 0.00157667 0
-2.54839 0.00151391 0
-2.53763 0.00144107 0
-2.52688 0.00136202 0
-2.51613 0.00128086 0
-2.50538 0.00120151 0
-2.49462 0.00112734 0
-2.48387 0.00106098 0
-2.47312 0.00100421 0
-2.46237 0.000957984 0
-2.45161 0.000922503 0
-2.44086 0.000897258 0
-2.43011 0.000881286 0
-2.41935 0.000873305 0
-2.4086 0.000871936 0
-2.39785 0.000875934 0
-2.3871 0.000884456 0
-2.37634 0.000897302 0
-2.36559 0.000914981 0
-2.35484 0.000938879 0
-2.34409 0.000971182 0
-2.33333 0.00101485 0
-2.32258 0.00107355 0
-2.31183 0.00115166 0
-2.30108 0.00125431 0
-2.29032 0.00138755 0
-2.27957 0.00155861 0
-2.26882 0.0017762 0
-2.25806 0.00205093 0
-2.24731 0.00239587 0
-2.23656 0.00282715 0
-2.22581 0.00336468 0
-2.21505 0.00403313 0
-2.2043 0.00486308 0
-2.19355 0.00589242 0
-2.1828 0.00716804 0
-2.17204 0.00874796 0
-2.16129 0.0107039 0
-2.15054 0.0131246 0
-2.13978 0.0161194 0
-2.12903 0.0198233 0
-2.11828 0.0244021 0
-2.10753 0.0300601 0
-2.09677 0.0370472 0
-2.08602 0.0456695 0
-2.07527 0.0562995 0
-2.06452 0.0693898 0
-2.05376 0.0854877 0
-2.04301 0.10525 0
-2.03226 0.129459 0
-2.02151 0.159041 0
-2.01075 0.195077 0
-2 0.238814 0
-1.98925 0.291664 0
-1.97849 0.3552 0
-1.96774 0.431122 0
-1.95699 0.521214 0
-1.94624 0.627285 0
-1.93548 0.75106 0
-1.92473 0.894094 0
-1.91398 1.05764 0
-1.90323 1.24253 0
-1.89247 1.44912 0
-1.88172 1.67724 0
-1.87097 1.92614 0
-1.86022 2.19461 0
-1.84946 2.48102 0
-1.83871 2.78351 0
-1.82796 3.10002 0
-1.8172 3.4285 0
-1.80645 3.76698 0
-1.7957 4.11366 0
-1.78495 4.46692 0
-1.77419 4.82541 0
-1.76344 5.18797 0
-1.75269 5.5537 0
-1.74194 5.9219 0
-1.73118 6.29207 0
-1.72043 6.66377 0
-1.70968 7.03678 0
-1.69892 7.41092 0
-1.68817 7.78608 0
-1.67742 8.16229 0
-1.66667 8.53952 0
-1.65591 8.91783 0
-1.64516 9.29727 0
-1.63441 9.67796 0
-1.62366 10.06 0
-1.6129 10.4435 0
-1.60215 10.8287 0
-1.5914 11.2155 0
-1.58065 11.6043 0
-1.56989 11.9952 0
-1.55914 12.3883 0
-1.54839 12.7839 0
-1.53763 13.1821 0
-1.52688 13.5833 0
-1.51613 13.9877 0
-1.50538 14.3957 0
-1.49462 14.8075 0
-1.48387 15.2236 0
-1.47312 15.6446 0
-1.46237 16.0708 0
-1.45161 16.5027 0
-1.44086 16.9411 0
-1.43011 17.3866 0
-1.41935 17.8398 0
-1.4086 18.3016 0
-1.39785 18.7727 0
-1.3871 19.2541 0
-1.37634 19.7466 0
-1.36559 20.2511 0
-1.35484 20.7685 0
-1.34409 21.2994 0
-1.33333 21.8444 0
-1.32258 22.4039 0
-1.31183 22.9775 0
-1.30108 23.5648 0
-1.29032 24.1649 0
-1.27957 24.7759 0
-1.26882 25.3954 0
-1.25806 26.0203 0
-1.24731 26.6469 0
-1.23656 27.2709 0
-1.22581 27.8872 0
-1.21505 28.4899 0
-1.2043 29.0735 0
-1.19355 29.6314 0
-1.1828 30.1573 0
-1.17204 30.6453 0
-1.16129 31.0896 0
-1.15054 31.4857 0
-1.13979 31.8306 0
-1.12903 32.1226 0
-1.11828 32.3625 0
-1.10753 32.5533 0
-1.09677 32.6997 0
-1.08602 32.8082 0
-1.07527 32.8866 0
-1.06452 32.9433 0
-1.05376 32.9865 0
-1.04301 33.0241 0
-1.03226 33.0628 0
-1.02151 33.1081 0
-1.01075 33.1646 0
-1 33.2353 0
-0.989247 33.3224 0
-0.978495 33.4269 0
-0.967742 33.5493 0
-0.956989 33.6895 0
-0.946237 33.8467 0
-0.935484 34.0204 0
-0.924731 34.2095 0
-0.913979 34.4131 0
-0.903226 34.6299 0
-0.892473 34.859 0
-0.88172 35.0995 0
-0.870968 35.3503 0
-0.860215 35.6108 0
-0.849463 35.8802 0
-0.83871 36.1577 0
-0.827957 36.4429 0
-0.817204 36.7351 0
-0.806452 37.0339 0
-0.795699 37.339 0
-0.784946 37.65 0
-0.774194 37.9664 0
-0.763441 38.2881 0
-0.752688 38.6145 0
-0.741936 38.9454 0
-0.731183 39.2802 0
-0.72043 39.6188 0
-0.709678 39.9603 0
-0.698925 40.3047 0
-0.688172 40.6516 0
-0.677419 41.0006 0
-0.666667 41.3514 0
-0.655914 41.7036 0
-0.645161 42.0568 0
-0.634409 42.4101 0
-0.623656 42.7626 0
-0.612903 43.1138 0
-0.60215 43.4624 0
-0.591398 43.806 0
-0.580645 44.1434 0
-0.569893 44.473 0
-0.55914 44.792 0
-0.548387 45.0982 0
-0.537635 45.389 0
-0.526882 45.6628 0
-0.516129 45.9171 0
-0.505377 46.1505 0
-0.494624 46.3622 0
-0.483871 46.5516 0
-0.473118 46.7186 0
-0.462366 46.8639 0
-0.451613 46.9888 0
-0.44086 47.0946 0
-0.430108 47.1833 0
-0.419355 47.2566 0
-0.408602 47.3162 0
-0.397849 47.3637 0
-0.387097 47.4008 0
-0.376344 47.4287 0
-0.365592 47.4485 0
-0.354839 47.4615 0
-0.344086 47.4684 0
-0.333334 47.4701 0
-0.322581 47.4674 0
-0.311828 47.4603 0
-0.301075 47.4495 0
-0.290323 47.4361 0
-0.27957 47.4199 0
-0.268817 47.4014 0
-0.258065 47.3807 0
-0.247312 47.3584 0
-0.236559 47.3346 0
-0.225807 47.3099 0
-0.215054 47.2843 0
-0.204301 47.2582 0
-0.193548 47.232 0
-0.182796 47.2062 0
-0.172043 47.1812 0
-0.16129 47.1578 0
-0.150538 47.1362 0
-0.139785 47.1176 0
-0.129033 47.1024 0
-0.11828 47.0922 0
-0.107527 47.0874 0
-0.0967744 47.0894 0
-0.0860217 47.0992 0
-0.075269 47.1183 0
-0.0645163 47.1476 0
-0.0537636 47.1885 0
-0.0430109 47.2422 0
-0.0322582 47.3094 0
-0.0215055 47.3908 0
-0.0107528 47.4864 0
-5.96046e-08 47.5957 0
0.0107526 47.7173 0
0.0215054 47.8489 0
0.0322581 47.9868 0
0.0430108 48.1267 0
0.0537635 48.2622 0
0.0645162 48.3866 0
0.0752685 48.4918 0
0.0860212 48.5697 0
0.0967739 48.6123 0
0.107527 48.6118 0
0.118279 48.5616 0
0.129032 48.4569 0
0.139785 48.2943 0
0.150537 48.0725 0
0.16129 47.7921 0
0.172043 47.4545 0
0.182796 47.0636 0
0.193548 46.6232 0
0.204301 46.1389 0
0.215054 45.6157 0
0.225806 45.0597 0
0.236559 44.4763 0
0.247312 43.8712 0
0.258065 43.2497 0
0.268817 42.6165 0
0.27957 41.976 0
0.290323 41.3316 0
0.301075 40.6865 0
0.311828 40.0423 0
0.32258 39.4009 0
0.333333 38.7629 0
0.344086 38.1286 0
0.354838 37.4979 0
0.365591 36.8703 0
0.376344 36.2449 0
0.387097 35.6209 0
0.397849 34.9975 0
0.408602 34.3735 0
0.419355 33.7482 0
0.430107 33.1206 0
0.44086 32.49 0
0.451613 31.8557 0
0.462366 31.2172 0
0.473118 30.5737 0
0.483871 29.925 0
0.494624 29.2706 0
0.505376 28.6101 0
0.516129 27.9436 0
0.526881 27.2706 0
0.537634 26.591 0
0.548387 25.9047 0
0.55914 25.2116 0
0.569892 24.5115 0
0.580645 23.8045 0
0.591398 23.0904 0
0.60215 22.3694 0
0.612903 21.6414 0
0.623656 20.9067 0
0.634408 20.1652 0
0.645161 19.417 0
0.655914 18.6625 0
0.666667 17.902 0
0.677419 17.1357 0
0.688172 16.364 0
0.698925 15.5875 0
0.709677 14.8071 0
0.72043 14.0235 0
0.731183 13.2381 0
0.741935 12.4521 0
0.752688 11.6672 0
0.763441 10.8854 0
0.774193 10.1092 0
0.784946 9.34133 0
0.795699 8.58509 0
0.806451 7.844 0
0.817204 7.12219 0
0.827957 6.42395 0
0.83871 5.75393 0
0.849462 5.1165 0
0.860215 4.51598 0
0.870968 3.95616 0
0.88172 3.44008 0
0.892473 2.96998 0
0.903226 2.54675 0
0.913978 2.17042 0
0.924731 1.83972 0
0.935484 1.55257 0
0.946237 1.30605 0
0.956989 1.09662 0
0.967742 0.920597 0
0.978494 0.774085 0
0.989247 0.653278 0
1 0.554544 0
1.01075 0.474613 0
1.02151 0.410365 0
1.03226 0.359154 0
1.04301 0.318658 0
1.05376 0.286714 0
1.06452 0.261558 0
1.07527 0.241685 0
1.08602 0.225741 0
1.09677 0.212735 0
1.10753 0.201881 0
1.11828 0.19258 0
1.12903 0.184411 0
1.13978 0.177244 0
1.15054 0.170982 0
1.16129 0.165759 0
1.17204 0.161746 0
1.1828 0.159151 0
1.19355 0.158281 0
1.2043 0.15941 0
1.21505 0.162773 0
1.22581 0.168602 0
1.23656 0.177083 0
1.24731 0.18834 0
1.25806 0.20246 0
1.26882 0.219492 0
1.27957 0.239384 0
1.29032 0.262121 0
1.30108 0.287617 0
1.31183 0.315737 0
1.32258 0.346362 0
1.33333 0.37934 0
1.34409 0.414519 0
1.35484 0.451744 0
1.36559 0.490874 0
1.37634 0.531768 0
1.3871 0.574298 0
1.39785 0.618368 0
1.4086 0.663891 0
1.41935 0.710789 0
1.43011 0.759015 0
1.44086 0.808531 0
1.45161 0.859309 0
1.46237 0.911324 0
1.47312 0.964552 0
1.48387 1.01897 0
1.49462 1.07456 0
1.50538 1.13129 0
1.51613 1.18913 0
1.52688 1.24806 0
1.53763 1.30803 0
1.54839 1.36904 0
1.55914 1.43104 0
1.56989 1.49402 0
1.58065 1.55795 0
1.5914 1.6228 0
1.60215 1.68856 0
1.6129 1.75519 0
1.62366 1.82267 0
1.63441 1.89098 0
1.64516 1.9601 0
1.65591 2.03 0
1.66667 2.10068 0
1.67742 2.17213 0
1.68817 2.24434 0
1.69892 2.31731 0
1.70968 2.39104 0
1.72043 2.46552 0
1.73118 2.54078 0
1.74194 2.61681 0
1.75269 2.69363 0
1.76344 2.77121 0
1.77419 2.84962 0
1.78495 2.92883 0
1.7957 3.00886 0
1.80645 3.08972 0
1.8172 3.17143 0
1.82796 3.25398 0
1.83871 3.3374 0
1.84946 3.42169 0
1.86021 3.50686 0
1.87097 3.59288 0
1.88172 3.67978 0
1.89247 3.76755 0
1.90323 3.8562 0
1.91398 3.9457 0
1.92473 4.03607 0
1.93548 4.12728 0
1.94624 4.21936 0
1.95699 4.31228 0
1.96774 4.40604 0
1.97849 4.50066 0
1.98925 4.59611 0
2 4.69239 0
2.01075 4.78947 0
2.02151 4.88734 0
2.03226 4.98599 0
2.04301 5.08542 0
2.05376 5.18559 0
2.06452 5.28648 0
2.07527 5.38812 0
2.08602 5.4905 0
2.09677 5.59359 0
2.10753 5.69747 0
2.11828 5.8021 0
2.12903 5.90755 0
2.13978 6.01383 0
2.15054 6.12096 0
2.16129 6.22899 0
2.17204 6.33798 0
2.1828 6.44788 0
2.19355 6.55877 0
2.2043 6.67071 0
2.21505 6.78366 0
2.22581 6.89768 0
2.23656 7.01277 0
2.24731 7.12896 0
2.25806 7.24626 0
2.26882 7.36471 0
2.27957 7.48434 0
2.29032 7.6051 0
2.30107 7.72711 0
2.31183 7.85027 0
2.32258 7.97462 0
2.33333 8.10009 0
2.34409 8.22666 0
2.35484 8.35433 0
2.36559 8.48298 0
2.37634 8.61259 0
2.3871 8.74307 0
2.39785 8.87443 0
2.4086 9.00663 0
2.41935 9.13966 0
2.43011 9.27353 0
2.44086 9.4083 0
2.45161 9.54402 0
2.46237 9.68075 0
2.47312 9.81859 0
2.48387 9.95766 0
2.49462 10.0981 0
2.50538 10.24 0
2.51613 10.3836 0
2.52688 10.5289 0
2.53763 10.676 0
2.54839 10.8251 0
2.55914 10.9761 0
2.56989 11.129 0
2.58065 11.284 0
2.5914 11.4409 0
2.60215 11.5999 0
2.6129 11.7606 0
2.62366 11.9234 0
2.63441 12.088 0
2.64516 12.2546 0
2.65591 12.4234 0
2.66667 12.5943 0
2.67742 12.7675 0
2.68817 12.9433 0
2.69892 13.1217 0
2.70968 13.303 0
2.72043 13.4873 0
2.73118 13.6748 0
2.74194 13.8656 0
2.75269 14.06 0
2.76344 14.2579 0
2.77419 14.4597 0
2.78495 14.6654 0
2.7957 14.8752 0
2.80645 15.0892 0
2.8172 15.3078 0
2.82796 15.531 0
2.83871 15.7591 0
2.84946 15.9925 0
2.86021 16.2314 0
2.87097 16.4761 0
2.88172 16.7272 0
2.89247 16.9852 0
2.90323 17.2504 0
2.91398 17.5236 0
2.92473 17.8054 0
2.93548 18.0966 0
2.94624 18.3977 0
2.95699 18.7098 0
2.96774 19.0335 0
2.97849 19.3699 0
2.98925 19.7198 0
3 20.084 0
3.01075 20.4637 0
3.02151 20.8595 0
3.03226 21.2724 0
3.04301 21.7029 0
3.05376 22.1518 0
3.06452 22.6191 0
3.07527 23.1048 0
3.08602 23.6082 0
3.09677 24.1285 0
3.10753 24.6634 0
3.11828 25.2105 0
3.12903 25.7663 0
3.13979 26.3262 0
3.15054 26.8853 0
3.16129 27.4371 0
3.17204 27.9754 0
3.1828 28.4937 0
3.19355 28.9854 0
3.2043 29.4453 0
3.21505 29.8686 0
3.22581 30.2521 0
3.23656 30.5938 0
3.24731 30.8934 0
3.25806 31.1515 0
3.26882 31.3702 0
3.27957 31.5521 0
3.29032 31.7005 0
3.30107 31.8187 0
3.31183 31.9101 0
3.32258 31.9778 0
3.33333 32.0255 0
3.34409 32.0556 0
3.35484 32.0707 0
3.36559 32.0729 0
3.37634 32.0642 0
3.3871 32.046 0
3.39785 32.0197 0
3.4086 31.9865 0
3.41935 31.9468 0
3.43011 31.9017 0
3.44086 31.8511 0
3.45161 31.7961 0
3.46237 31.7368 0
3.47312 31.6735 0
3.48387 31.6065 0
3.49462 31.5357 0
3.50538 31.4617 0
3.51613 31.3846 0
3.52688 31.3046 0
3.53763 31.2219 0
3.54839 31.1364 0
3.55914 31.0486 0
3.56989 30.9585 0
3.58065 30.8663 0
3.5914 30.7719 0
3.60215 30.6753 0
3.6129 30.5768 0
3.62366 30.476 0
3.63441 30.3733 0
3.64516 30.2684 0
3.65591 30.1613 0
3.66667 30.052 0
3.67742 29.9404 0
3.68817 29.8266 0
3.69893 29.7107 0
3.70968 29.5924 0
3.72043 29.4719 0
3.73118 29.3494 0
3.74194 29.2247 0
3.75269 29.0981 0
3.76344 28.9695 0
3.77419 28.839 0
3.78495 28.7069 0
3.7957 28.573 0
3.80645 28.4375 0
3.8172 28.3004 0
3.82796 28.1618 0
3.83871 28.0217 0
3.84946 27.88 0
3.86021 27.7366 0
3.87097 27.5921 0
3.88172 27.446 0
3.89247 27.2985 0
3.90323 27.1495 0
3.91398 26.9991 0
3.92473 26.8477 0
3.93548 26.6947 0
3.94624 26.5406 0
3.95699 26.3851 0
3.96774 26.2282 0
3.97849 26.0701 0
3.98925 25.9107 0
4 25.7499 0
4.01075 25.5881 0
4.02151 25.425 0
4.03226 25.2607 0
4.04301 25.0953 0
4.05376 24.9285 0
4.06452 24.7603 0
4.07527 24.5909 0
4.08602 24.42 0
4.09677 24.2477 0
4.10753 24.0738 0
4.11828 23.8985 0
4.12903 23.7219 0
4.13979 23.5438 0
4.15054 23.3643 0
4.16129 23.1837 0
4.17204 23.0018 0
4.1828 22.8189 0
4.19355 22.635 0
4.2043 22.4501 0
4.21505 22.2642 0
4.22581 22.0773 0
4.23656 21.8895 0
4.24731 21.7008 0
4.25806 21.5111 0
4.26882 21.3203 0
4.27957 21.1285 0
4.29032 20.9356 0
4.30107 20.7415 0
4.31183 20.5461 0
4.32258 20.3496 0
4.33333 20.1517 0
4.34409 19.9524 0
4.35484 19.752 0
4.36559 19.5502 0
4.37634 19.3472 0
4.3871 19.1429 0
4.39785 18.9375 0
4.4086 18.7309 0
4.41935 18.5232 0
4.43011 18.3143 0
4.44086 18.1043 0
4.45161 17.8931 0
4.46237 17.6806 0
4.47312 17.4668 0
4.48387 17.2517 0
4.49462 17.0351 0
4.50538 16.8173 0
4.51613 16.598 0
4.52688 16.3773 0
4.53763 16.1554 0
4.54839 15.9323 0
4.55914 15.7082 0
4.56989 15.483 0
4.58065 15.2569 0
4.5914 15.0299 0
4.60215 14.8021 0
4.6129 14.5733 0
4.62366 14.3437 0
4.63441 14.1131 0
4.64516 13.8815 0
4.65591 13.6489 0
4.66667 13.4151 0
4.67742 13.1802 0
4.68817 12.944 0
4.69892 12.7066 0
4.70968 12.468 0
4.72043 12.2281 0
4.73118 11.9869 0
4.74194 11.7444 0
4.75269 11.5006 0
4.76344 11.2554 0
4.77419 11.009 0
4.78495 10.7612 0
4.7957 10.512 0
4.80645 10.2615 0
4.8172 10.0094 0
4.82796 9.75605 0
4.83871 9.50123 0
4.84946 9.24488 0
4.86022 8.98706 0
4.87097 8.72774 0
4.88172 8.46686 0
4.89247 8.20448 0
4.90323 7.94057 0
4.91398 7.67513 0
4.92473 7.40819 0
4.93548 7.13978 0
4.94624 6.86987 0
4.95699 6.59854 0
4.96774 6.32588 0
4.97849 6.05191 0
4.98925 5.77679 0
5 5.50066 0
5.01075 5.22367 0
5.02151 4.94612 0
5.03226 4.66833 0
5.04301 4.39065 0
5.05376 4.11369 0
5.06452 3.838 0
5.07527 3.56438 0
5.08602 3.29378 0
5.09677 3.02725 0
5.10753 2.76605 0
5.11828 2.51153 0
5.12903 2.26516 0
5.13978 2.02854 0
5.15054 1.80323 0
5.16129 1.59073 0
5.17204 1.39237 0
5.1828 1.20928 0
5.19355 1.0422 0
5.2043 0.8915 0
5.21505 0.757171 0
5.22581 0.638799 0
5.23656 0.535642 0
5.24731 0.446625 0
5.25806 0.370583 0
5.26882 0.306141 0
5.27957 0.251958 0
5.29032 0.206681 0
5.30107 0.169088 0
5.31183 0.138026 0
5.32258 0.112449 0
5.33333 0.0914949 0
5.34409 0.0743317 0
5.35484 0.0603516 0
5.36559 0.048952 0
5.37634 0.039694 0
5.3871 0.0321725 0
5.39785 0.0260849 0
5.4086 0.0211381 0
5.41935 0.0171412 0
5.43011 0.0139086 0
5.44086 0.0112815 0
5.45161 0.00916519 0
5.46237 0.00745111 0
5.47312 0.00607226 0
5.48387 0.00495339 0
5.49462 0.00404475 0
5.50538 0.00331446 0
5.51613 0.00272514 0
5.52688 0.00224246 0
5.53763 0.00185307 0
5.54839 0.00153829 0
5.55914 0.00128396 0
5.56989 0.0010751 0
5.58064 0.000904467 0
5.5914 0.00076711 0
5.60215 0.000658138 0
5.6129 0.000570659 0
5.62366 0.000495006 0
5.63441 0.000433374 0
5.64516 0.000383789 0
5.65591 0.000344726 0
5.66667 0.000309996 0
5.67742 0.000282174 0
5.68817 0.000256873 0
5.69892 0.000237132 0
5.70968 0.000220892 0
5.72043 0.000206437 0
5.73118 0.000195079 0
5.74194 0.000183853 0
5.75269 0.000174892 0
5.76344 0.000167818 0
5.77419 0.00016231 0
5.78495 0.000156234 0
5.7957 0.00015177 0
5.80645 0.000146437 0
5.8172 0.000141987 0
5.82796 0.000138356 0
5.83871 0.00013507 0
5.84946 0.000131765 0
5.86022 0.000128577 0
5.87097 0.000125797 0
5.88172 0.000122895 0
5.89247 0.000120053 0
5.90323 0.000117798 0
5.91398 0.000115181 0
5.92473 0.000112979 0
5.93548 0.000110793 0
5.94624 0.000108815 0
5.95699 0.000106484 0
5.96774 0.000104582 0
5.97849 0.000102763 0
5.98925 0.00010098 0
6 9.90928e-05 0
6.01075 9.74035e-05 0
6.0215 9.57518e-05 0
6.03226 9.41353e-05 0
6.04301 9.24698e-05 0
6.05376 9.08958e-05 0
6.06452 8.93572e-05 0
6.07527 8.78589e-05 0
6.08602 8.639e-05 0
6.09677 8.49467e-05 0
6.10753 8.35295e-05 0
6.11828 8.21355e-05 0
6.12903 8.07644e-05 0
6.13978 7.9416e-05 0
6.15054 7.80889e-05 0
6.16129 7.67826e-05 0
6.17204 7.54966e-05 0
6.1828 7.42297e-05 0
6.19355 7.29824e-05 0
6.2043 7.17548e-05 0
6.21505 7.05467e-05 0
6.22581 6.93578e-05 0
6.23656 6.81895e-05 0
6.24731 6.70422e-05 0
6.25806 6.59158e-05 0
6.26882 6.48112e-05 0
6.27957 6.37283e-05 0
6.29032 6.26672e-05 0
6.30108 6.16277e-05 0
6.31183 6.06083e-05 0
6.32258 5.96086e-05 0
6.33333 5.86267e-05 0
6.34409 5.76608e-05 0
6.35484 5.67083e-05 0
6.36559 5.57688e-05 0
6.37634 5.4839e-05 0
6.3871 5.39175e-05 0
6.39785 5.30037e-05 0
6.4086 5.20958e-05 0
6.41935 5.11937e-05 0
6.43011 5.02969e-05 0
6.44086 4.94055e-05 0
6.45161 4.85205e-05 0
6.46237 4.76415e-05 0
6.47312 4.67693e-05 0
6.48387 4.59043e-05 0
6.49462 4.50468e-05 0
6.50538 4.41975e-05 0
6.51613 4.33558e-05 0
6.52688 4.25212e-05 0
6.53763 4.16943e-05 0
6.54839 4.08746e-05 0
6.55914 4.00618e-05 0
6.56989 3.9256e-05 0
6.58065 3.8458e-05 0
6.5914 3.7668e-05 0
6.60215 3.68874e-05 0
6.6129 3.61169e-05 0
6.62366 3.53581e-05 0
6.63441 3.46123e-05 0
6.64516 3.38805e-05 0
6.65591 3.31635e-05 0
6.66667 3.24618e-05 0
6.67742 3.17759e-05 0
6.68817 3.11059e-05 0
6.69893 3.04513e-05 0
6.70968 2.98117e-05 0
6.72043 2.91865e-05 0
6.73118 2.85752e-05 0
6.74194 2.79762e-05 0
6.75269 2.73885e-05 0
6.76344 2.68108e-05 0
6.77419 2.62418e-05 0
6.78495 2.56797e-05 0
6.7957 2.51237e-05 0
6.80645 2.45728e-05 0
6.8172 2.40261e-05 0
6.82796 2.34832e-05 0
6.83871 2.29441e-05 0
6.84946 2.24087e-05 0
6.86021 2.18767e-05 0
6.87097 2.13483e-05 0
6.88172 2.08232e-05 0
6.89247 2.03008e-05 0
6.90323 1.97814e-05 0
6.91398 1.92641e-05 0
6.92473 1.87489e-05 0
6.93548 1.82363e-05 0
6.94624 1.77262e-05 0
6.95699 1.72199e-05 0
6.96774 1.67181e-05 0
6.97849 1.62223e-05 0
6.98925 1.57335e-05 0
7 1.52526e-05 0
