-1 0
-0.995112 1.20976e-05
-0.990225 1.79525e-06
-0.985337 4.33576e-06
-0.98045 1.79395e-06
-0.975562 2.23392e-06
-0.970675 -9.95023e-06
-0.965787 -1.33641e-06
-0.960899 -1.01814e-06
-0.956012 9.49458e-07
-0.951124 2.32866e-06
-0.946237 3.13169e-06
-0.941349 -1.68844e-06
-0.936461 3.02183e-06
-0.931574 1.51164e-06
-0.926686 2.81961e-06
-0.921799 2.47646e-06
-0.916911 1.69698e-06
-0.912023 1.2097e-07
-0.907136 3.72935e-06
-0.902248 -1.70531e-07
-0.897361 1.47454e-06
-0.892473 1.99591e-06
-0.887585 -1.63677e-06
-0.882698 -2.88322e-06
-0.87781 -4.94421e-07
-0.872923 -4.36024e-09
-0.868035 1.50768e-06
-0.863147 -2.17642e-07
-0.85826 1.49171e-06
-0.853372 1.20163e-06
-0.848485 4.03523e-06
-0.843597 -2.51666e-07
-0.83871 1.01102e-06
-0.833822 -9.56827e-07
-0.828934 -5.15245e-08
-0.824047 -9.46097e-07
-0.819159 -1.48975e-06
-0.814272 1.13715e-07
-0.809384 -3.64845e-07
-0.804497 2.64361e-06
-0.799609 6.18253e-07
-0.794721 -8.6004e-07
-0.789834 -2.22527e-07
-0.784946 1.51539e-08
-0.780059 1.36241e-06
-0.775171 -1.53586e-06
-0.770283 1.75976e-06
-0.765396 3.61959e-07
-0.760508 1.34782e-06
-0.755621 -1.34913e-06
-0.750733 -2.20121e-06
-0.745846 1.04984e-09
-0.740958 -1.2459e-06
-0.73607 -1.3134e-07
-0.731183 1.85767e-06
-0.726295 1.75459e-06
-0.721408 -4.5892e-07
-0.71652 -3.49981e-07
-0.711632 -1.13269e-06
-0.706745 -1.75602e-07
-0.701857 -1.0673e-06
-0.69697 9.49223e-07
-0.692082 -4.31935e-07
-0.687195 2.71543e-07
-0.682307 1.65011e-06
-0.677419 7.0696e-07
-0.672532 9.53831e-07
-0.667644 -9.18295e-08
-0.662757 -5.43889e-07
-0.657869 3.62569e-07
-0.652982 1.22272e-06
-0.648094 1.1044e-06
-0.643206 8.95147e-07
-0.638319 1.6924e-06
-0.633431 2.70074e-06
-0.628544 1.06802e-06
-0.623656 4.71419e-06
-0.618768 6.00969e-06
-0.613881 6.67116e-06
-0.608993 1.03204e-05
-0.604106 1.35225e-05
-0.599218 2.22505e-05
-0.594331 3.50805e-05
-0.589443 6.87878e-05
-0.584555 0.00015843
-0.579668 0.000448866
-0.57478 0.00207803
-0.569892 0.156745
-0.565005 0.73404
-0.560117 0.795511
-0.55523 0.841231
-0.550342 0.942777
-0.545455 1.70573
-0.540567 2.4058
-0.535679 1.52037
-0.530792 1.19466
-0.525904 1.01319
-0.521017 0.891214
-0.516129 0.80077
-0.511241 0.731323
-0.506354 0.674286
-0.501466 0.626782
-0.496579 0.586984
-0.491691 0.552821
-0.486804 0.522582
-0.481916 0.496284
-0.477028 0.472412
-0.472141 0.451363
-0.467253 0.432348
-0.462366 0.415028
-0.457478 0.39897
-0.45259 0.384176
-0.447703 0.371062
-0.442815 0.358355
-0.437928 0.346792
-0.43304 0.336332
-0.428152 0.326111
-0.423265 0.316706
-0.418377 0.307806
-0.41349 0.299175
-0.408602 0.291158
-0.403715 0.283972
-0.398827 0.276741
-0.393939 0.269535
-0.389052 0.263425
-0.384164 0.257546
-0.379277 0.251676
-0.374389 0.246281
-0.369501 0.24078
-0.364614 0.235662
-0.359726 0.230768
-0.354839 0.225928
-0.349951 0.221458
-0.345064 0.217184
-0.340176 0.212951
-0.335288 0.208785
-0.330401 0.20513
-0.325513 0.201449
-0.320626 0.197898
-0.315738 0.194368
-0.310851 0.190967
-0.305963 0.187631
-0.301075 0.18455
-0.296188 0.181531
-0.2913 0.17834
-0.286413 0.17535
-0.281525 0.172645
-0.276637 0.170067
-0.27175 0.167558
-0.266862 0.164833
-0.261975 0.162167
-0.257087 0.159784
-0.252199 0.157324
-0.247312 0.154918
-0.242424 0.152715
-0.237537 0.150522
-0.232649 0.148316
-0.227762 0.146222
-0.222874 0.144147
-0.217986 0.142153
-0.213099 0.140315
-0.208211 0.138435
-0.203324 0.136571
-0.198436 0.134741
-0.193548 0.132808
-0.188661 0.130991
-0.183773 0.129273
-0.178886 0.127384
-0.173998 0.125855
-0.16911 0.124207
-0.164223 0.122507
-0.159335 0.121055
-0.154448 0.119571
-0.14956 0.118172
-0.144672 0.116745
-0.139785 0.11523
-0.134897 0.113508
-0.13001 0.112183
-0.125122 0.110823
-0.120234 0.109379
-0.115347 0.108022
-0.110459 0.106891
-0.105572 0.105545
-0.100684 0.1043
-0.0957966 0.103092
-0.090909 0.101912
-0.0860214 0.100722
-0.0811338 0.0995058
-0.0762463 0.0982594
-0.0713587 0.0966814
-0.0664711 0.0845279
-0.0615835 0.0548453
-0.0566959 0.0184284
-0.0518084 0.000822538
-0.0469208 0.000126526
-0.0420332 3.78008e-05
-0.0371456 1.54518e-05
-0.032258 9.44473e-06
-0.0273705 7.1277e-06
-0.0224829 2.94397e-06
-0.0175953 2.52025e-06
-0.0127077 2.03369e-06
-0.00782013 4.32367e-07
-0.00293255 1.06583e-07
0.00195503 1.88626e-07
0.00684261 5.88961e-07
0.0117302 3.13118e-07
0.0166178 -1.65998e-07
0.0215054 1.91558e-07
0.0263929 5.2852e-07
0.0312805 1.31639e-06
0.0361681 4.66155e-07
0.0410557 2.0854e-07
0.0459433 -2.02058e-07
0.0508308 -1.99726e-07
0.0557185 4.7514e-07
0.0606061 6.39205e-07
0.0654937 1.13655e-06
0.0703813 -6.73689e-08
0.0752689 -1.43666e-07
0.0801564 -7.91039e-07
0.085044 -1.97874e-06
0.0899316 -1.14219e-06
0.0948192 6.30109e-08
0.0997068 -1.85592e-07
0.104594 -1.46359e-07
0.109482 -9.6338e-07
0.11437 2.87359e-07
0.119257 1.39998e-06
0.124145 1.217e-06
0.129032 -5.58578e-08
0.13392 -1.50154e-08
0.138808 8.4907e-07
0.143695 4.36988e-07
0.148583 3.60125e-07
0.15347 1.82532e-07
0.158358 -6.45009e-08
0.163245 2.58209e-07
0.168133 1.01893e-06
0.173021 6.10186e-07
0.177908 4.71911e-07
0.182796 -1.0467e-07
0.187683 -4.03373e-07
0.192571 -3.6805e-07
0.197459 -3.97435e-08
0.202346 5.86247e-07
0.207234 1.11681e-06
0.212121 2.00659e-07
0.217009 -2.06831e-07
0.221896 -6.57455e-07
0.226784 1.64593e-07
0.231672 -1.92113e-07
0.236559 -3.98355e-07
0.241447 -2.37835e-08
0.246334 5.00525e-07
0.251222 -2.05111e-07
0.256109 -7.07874e-07
0.260997 -1.40163e-07
0.265885 3.10157e-07
0.270772 4.36101e-07
0.27566 1.16333e-07
0.280547 -6.2068e-08
0.285435 -2.82207e-07
0.290323 -3.44244e-07
0.29521 -4.45709e-07
0.300098 6.91559e-08
0.304985 6.16056e-07
0.309873 -1.77683e-07
0.31476 -1.31738e-07
0.319648 4.75695e-07
0.324536 2.86124e-07
0.329423 4.64732e-07
0.334311 3.20753e-07
0.339198 7.11585e-09
0.344086 -4.35007e-07
0.348974 2.46958e-07
0.353861 3.85769e-07
0.358749 6.96541e-07
0.363636 1.31446e-07
0.368524 8.81604e-07
0.373412 9.46942e-07
0.378299 6.68278e-08
0.383187 6.38031e-07
0.388074 1.0947e-06
0.392962 1.30454e-06
0.397849 9.00193e-07
0.402737 1.22833e-06
0.407625 3.58452e-07
0.412512 6.72333e-07
0.4174 5.68532e-07
0.422287 -2.48862e-07
0.427175 -1.38086e-07
0.432063 4.12944e-07
0.43695 2.94195e-08
0.441838 1.57259e-07
0.446725 2.89133e-07
0.451613 -1.06921e-07
0.4565 -2.60238e-07
0.461388 -3.83941e-07
0.466276 2.39185e-08
0.471163 4.66379e-07
0.476051 2.76078e-07
0.480938 3.10058e-07
0.485826 2.07526e-07
0.490714 2.96898e-07
0.495601 2.13075e-07
0.500489 5.80875e-08
0.505376 -6.05975e-07
0.510264 8.08089e-07
0.515152 3.36112e-08
0.520039 5.19155e-07
0.524927 -3.09157e-07
0.529814 -1.19591e-06
0.534702 -9.02384e-07
0.539589 -2.06327e-07
0.544477 -5.93375e-07
0.549365 -6.2378e-07
0.554252 -6.36621e-09
0.55914 -2.20727e-08
0.564027 2.20305e-07
0.568915 -3.79717e-07
0.573803 -9.28942e-07
0.57869 -4.13655e-07
0.583578 1.882e-07
0.588465 5.6512e-07
0.593353 4.74734e-08
0.59824 -2.73874e-07
0.603128 -5.90438e-07
0.608016 -3.09454e-07
0.612903 -5.94245e-08
0.617791 -9.15818e-08
0.622678 6.49006e-08
0.627566 9.11645e-07
0.632454 1.3472e-06
0.637341 6.88432e-07
0.642229 9.67528e-08
0.647116 -2.32741e-07
0.652004 1.78058e-07
0.656892 -4.73905e-07
0.661779 -4.04863e-07
0.666667 9.20818e-08
0.671554 7.04465e-07
0.676442 3.1918e-07
0.681329 -4.72386e-07
0.686217 -8.96735e-07
0.691105 -6.84108e-07
0.695992 -4.00675e-07
0.70088 -1.22599e-07
0.705767 1.59584e-07
0.710655 3.42478e-07
0.715543 4.9088e-07
0.72043 4.32789e-09
0.725318 -9.44979e-07
0.730205 -6.84762e-07
0.735093 -6.69542e-07
0.73998 -4.82774e-07
0.744868 -2.75869e-07
0.749756 8.9841e-08
0.754643 2.7397e-07
0.759531 1.81546e-07
0.764418 4.05202e-07
0.769306 4.08267e-07
0.774194 4.20714e-07
0.779081 1.73148e-07
0.783969 3.72745e-07
0.788856 5.96192e-07
0.793744 1.66979e-08
0.798632 -5.65796e-07
0.803519 -9.63979e-07
0.808407 -8.17449e-07
0.813294 -4.2805e-07
0.818182 3.37467e-08
0.823069 3.81766e-07
0.827957 4.78835e-07
0.832845 9.32073e-08
0.837732 3.17301e-07
0.84262 3.08544e-07
0.847507 -2.51332e-07
0.852395 1.28219e-08
0.857283 2.33515e-07
0.86217 3.12873e-07
0.867058 -1.49864e-07
0.871945 -7.04663e-07
0.876833 -6.03372e-07
0.88172 -1.47152e-07
0.886608 -1.45647e-07
0.891496 1.65138e-07
0.896383 5.87502e-07
0.901271 3.75125e-07
0.906158 3.6342e-07
0.911046 2.13038e-07
0.915933 4.29356e-07
0.920821 -4.35076e-08
0.925709 -3.53912e-07
0.930596 -1.76041e-07
0.935484 1.67133e-07
0.940371 2.07818e-07
0.945259 3.96281e-07
0.950147 8.47094e-07
0.955034 4.53767e-07
0.959922 -5.4253e-07
0.964809 -6.01858e-07
0.969697 -3.30792e-07
0.974585 -2.73903e-08
0.979472 5.06767e-08
0.98436 -3.44602e-07
0.989247 -3.5046e-07
0.994135 5.09103e-08
0.999022 3.78632e-07
1.00391 2.90413e-07
1.0088 -6.33516e-07
1.01369 -1.27717e-06
1.01857 -8.47594e-07
1.02346 -4.99557e-07
1.02835 -9.46642e-09
1.03324 7.51298e-08
1.03812 1.57109e-07
1.04301 4.75309e-07
1.0479 3.72441e-07
1.05279 -3.96331e-07
1.05767 -6.27516e-07
1.06256 -6.23567e-07
1.06745 -5.88039e-07
1.07234 -2.89206e-07
1.07722 -3.04688e-07
1.08211 3.62815e-07
1.087 5.62752e-07
1.09189 -2.6015e-07
1.09677 5.05295e-09
1.10166 8.31268e-07
1.10655 1.09281e-06
1.11144 7.73094e-07
1.11632 1.36229e-07
1.12121 -2.72197e-07
1.1261 2.59296e-07
1.13099 2.83224e-07
1.13587 -9.6888e-08
1.14076 -1.32119e-08
1.14565 4.14017e-07
1.15054 1.82628e-07
1.15543 5.74538e-07
1.16031 8.50672e-07
1.1652 5.66834e-07
1.17009 -1.8231e-08
1.17498 -7.32385e-07
1.17986 -7.70371e-07
1.18475 -1.88729e-07
1.18964 2.68222e-07
1.19453 -1.71755e-07
1.19941 1.672e-08
1.2043 3.72418e-07
1.20919 2.26201e-07
1.21408 4.65353e-07
1.21896 2.08524e-07
1.22385 3.77303e-07
1.22874 1.82644e-07
1.23363 3.77452e-07
1.23851 3.4675e-07
1.2434 7.799e-08
1.24829 -1.67949e-07
1.25318 -3.44511e-07
1.25806 -7.93535e-07
1.26295 -2.33602e-07
1.26784 2.65585e-08
1.27273 4.04843e-07
1.27761 -3.3956e-07
1.2825 -3.68287e-07
1.28739 3.18958e-07
1.29228 2.19593e-07
1.29717 -3.27304e-07
1.30205 1.00375e-07
1.30694 1.14854e-06
1.31183 1.55835e-06
1.31672 7.34808e-07
1.3216 1.14079e-07
1.32649 5.64029e-07
1.33138 2.18861e-07
1.33627 -1.10162e-07
1.34115 -1.60497e-07
1.34604 5.68673e-07
1.35093 9.94037e-07
1.35582 7.30701e-07
1.3607 -2.91526e-07
1.36559 3.33714e-08
1.37048 5.12919e-07
1.37537 1.1217e-06
1.38025 1.18484e-06
1.38514 6.32045e-07
1.39003 2.63455e-07
1.39492 7.11164e-07
1.3998 9.2586e-07
1.40469 4.46894e-07
1.40958 1.79567e-08
1.41447 7.17687e-07
1.41935 1.30634e-06
1.42424 1.04337e-06
1.42913 6.57505e-07
1.43402 1.48e-07
1.43891 -1.08204e-08
1.44379 2.82965e-07
1.44868 6.79008e-07
1.45357 1.00356e-06
1.45846 3.57095e-07
1.46334 -3.37485e-07
1.46823 -4.10556e-07
1.47312 3.31604e-07
1.47801 -1.13007e-07
1.48289 -1.26988e-07
1.48778 -1.08062e-07
1.49267 -4.39304e-07
1.49756 -6.29894e-08
1.50244 3.45554e-07
1.50733 -6.66726e-08
1.51222 -3.92471e-07
1.51711 -1.66136e-07
1.52199 -3.90956e-08
1.52688 -1.83556e-07
1.53177 7.33019e-07
1.53666 1.26127e-06
1.54154 9.24872e-07
1.54643 2.69394e-07
1.55132 2.45568e-08
1.55621 7.69715e-07
1.56109 2.19477e-06
1.56598 2.77823e-06
1.57087 4.80208e-06
1.57576 1.15314e-05
1.58065 1.81646e-05
1.58553 6.94624e-05
1.59042 0.000506597
1.59531 0.00670457
1.6002 0.0199689
1.60508 0.0272412
1.60997 0.0280733
1.61486 0.0283458
1.61975 0.0285683
1.62463 0.0287893
1.62952 0.0290424
1.63441 0.029254
1.6393 0.0294614
1.64418 0.0296709
1.64907 0.0298868
1.65396 0.0300962
1.65885 0.0303078
1.66373 0.0305257
1.66862 0.0307694
1.67351 0.0310523
1.6784 0.0313732
1.68328 0.0315932
1.68817 0.0317478
1.69306 0.0320162
1.69795 0.0323229
1.70283 0.0325471
1.70772 0.0327835
1.71261 0.033028
1.7175 0.0332458
1.72239 0.0335399
1.72727 0.0338009
1.73216 0.0340438
1.73705 0.0343963
1.74194 0.0347436
1.74682 0.0349891
1.75171 0.0352205
1.7566 0.0354918
1.76149 0.0357762
1.76637 0.036043
1.77126 0.036344
1.77615 0.0367048
1.78104 0.0370653
1.78592 0.0373634
1.79081 0.0376601
1.7957 0.0379411
1.80059 0.0382392
1.80547 0.0386287
1.81036 0.0389834
1.81525 0.0393684
1.82014 0.0397812
1.82502 0.0400958
1.82991 0.0403778
1.8348 0.0407013
1.83969 0.0410826
1.84457 0.0414964
1.84946 0.0419351
1.85435 0.0423682
1.85924 0.0427953
1.86413 0.0431737
1.86901 0.0435459
1.8739 0.0438777
1.87879 0.044257
1.88368 0.0447204
1.88856 0.0452079
1.89345 0.0457398
1.89834 0.0462614
1.90323 0.0466949
1.90811 0.047186
1.913 0.0476993
1.91789 0.0482606
1.92278 0.0488625
1.92766 0.0494193
1.93255 0.0499689
1.93744 0.0505607
1.94233 0.0511962
1.94721 0.0518295
1.9521 0.0523711
1.95699 0.0530307
1.96188 0.0537741
1.96676 0.0544661
1.97165 0.0552284
1.97654 0.0559694
1.98143 0.0566759
1.98631 0.0574976
1.9912 0.0584169
1.99609 0.0593041
2.00098 0.0601585
2.00587 0.0611135
2.01075 0.0621241
2.01564 0.0632192
2.02053 0.0642999
2.02542 0.06528
2.0303 0.066474
2.03519 0.0677725
2.04008 0.0690853
2.04497 0.0705287
2.04985 0.072094
2.05474 0.0736073
2.05963 0.0751339
2.06452 0.0768973
2.0694 0.0788927
2.07429 0.081072
2.07918 0.0833634
2.08407 0.0856571
2.08895 0.0882237
2.09384 0.0911852
2.09873 0.0945215
2.10362 0.0981754
2.1085 0.102366
2.11339 0.107223
2.11828 0.112922
2.12317 0.1198
2.12805 0.128209
2.13294 0.139054
2.13783 0.15495
2.14272 0.181294
2.1476 0.322567
2.15249 0.589364
2.15738 0.589534
2.16227 0.440404
2.16716 0.370187
2.17204 0.330954
2.17693 0.304764
2.18182 0.28517
2.18671 0.269703
2.19159 0.257126
2.19648 0.246555
2.20137 0.237493
2.20626 0.229821
2.21114 0.223014
2.21603 0.216686
2.22092 0.211322
2.22581 0.206603
2.23069 0.202132
2.23558 0.19806
2.24047 0.194339
2.24536 0.190923
2.25024 0.187726
2.25513 0.184705
2.26002 0.181957
2.26491 0.179427
2.26979 0.177024
2.27468 0.174773
2.27957 0.172778
2.28446 0.17076
2.28935 0.168808
2.29423 0.167123
2.29912 0.165537
2.30401 0.164004
2.3089 0.162509
2.31378 0.161095
2.31867 0.159814
2.32356 0.1586
2.32845 0.157314
2.33333 0.156033
2.33822 0.154956
2.34311 0.154068
2.348 0.152999
2.35288 0.151946
2.35777 0.151244
2.36266 0.150498
2.36755 0.149644
2.37243 0.148906
2.37732 0.148199
2.38221 0.14745
2.3871 0.146829
2.39198 0.14628
2.39687 0.145697
2.40176 0.145186
2.40665 0.144535
2.41153 0.143995
2.41642 0.143467
2.42131 0.142949
2.4262 0.142624
2.43109 0.142321
2.43597 0.142085
2.44086 0.141816
2.44575 0.14155
2.45064 0.14125
2.45552 0.140825
2.46041 0.14049
2.4653 0.140351
2.47019 0.140337
2.47507 0.140212
2.47996 0.140018
2.48485 0.139778
2.48974 0.139682
2.49462 0.139616
2.49951 0.139486
2.5044 0.139507
2.50929 0.139642
2.51417 0.139755
2.51906 0.139792
2.52395 0.139772
2.52884 0.139799
2.53372 0.139942
2.53861 0.140192
2.5435 0.140412
2.54839 0.140525
2.55327 0.140945
2.55816 0.141271
2.56305 0.141455
2.56794 0.141764
2.57282 0.142113
2.57771 0.142622
2.5826 0.143148
2.58749 0.143491
2.59238 0.14385
2.59726 0.144464
2.60215 0.145083
2.60704 0.145642
2.61193 0.146397
2.61681 0.147097
2.6217 0.147843
2.62659 0.148582
2.63148 0.149571
2.63636 0.150602
2.64125 0.151534
2.64614 0.152594
2.65103 0.153694
2.65591 0.15488
2.6608 0.156162
2.66569 0.157595
2.67058 0.158971
2.67546 0.160516
2.68035 0.162272
2.68524 0.164223
2.69013 0.166222
2.69501 0.168475
2.6999 0.170956
2.70479 0.173567
2.70968 0.176297
2.71457 0.17923
2.71945 0.182581
2.72434 0.186444
2.72923 0.190477
2.73412 0.195311
2.739 0.201051
2.74389 0.207503
2.74878 0.21489
2.75367 0.224037
2.75855 0.235648
2.76344 0.251053
2.76833 0.273947
2.77322 0.320215
2.7781 0.367704
2.78299 0.32578
2.78788 0.271619
2.79277 0.244032
2.79765 0.225195
2.80254 0.210473
2.80743 0.198321
2.81232 0.187979
2.8172 0.178785
2.82209 0.17062
2.82698 0.163311
2.83187 0.156561
2.83675 0.150073
2.84164 0.144026
2.84653 0.138287
2.85142 0.1329
2.8563 0.127867
2.86119 0.123005
2.86608 0.118455
2.87097 0.113908
2.87586 0.109485
2.88074 0.104788
2.88563 0.0959826
2.89052 0.088159
2.89541 0.086008
2.90029 0.0847004
2.90518 0.083664
2.91007 0.0827095
2.91496 0.0816686
2.91984 0.0805672
2.92473 0.0774761
2.92962 0.066102
2.93451 0.0642187
2.93939 0.0697978
2.94428 0.0731189
2.94917 0.0765223
2.95406 0.0799001
2.95894 0.0832943
2.96383 0.0867051
2.96872 0.0900397
2.97361 0.0935146
2.97849 0.0970854
2.98338 0.100737
2.98827 0.104388
2.99316 0.108098
2.99804 0.112048
3.00293 0.115855
3.00782 0.119836
3.01271 0.123993
3.0176 0.128058
3.02248 0.132396
3.02737 0.137037
3.03226 0.141659
3.03715 0.14647
3.04203 0.151352
3.04692 0.156329
3.05181 0.161627
3.0567 0.167271
3.06158 0.173258
3.06647 0.17938
3.07136 0.185867
3.07625 0.192533
3.08113 0.19999
3.08602 0.208118
3.09091 0.216906
3.0958 0.226567
3.10068 0.237291
3.10557 0.249557
3.11046 0.263974
3.11535 0.282119
3.12023 0.306682
3.12512 0.350315
3.13001 0.411351
3.1349 0.377429
3.13978 0.330797
3.14467 0.310764
3.14956 0.298103
3.15445 0.289306
3.15934 0.282898
3.16422 0.277987
3.16911 0.274027
3.174 0.271323
3.17889 0.269653
3.18377 0.268131
3.18866 0.266843
3.19355 0.266135
3.19844 0.266011
3.20332 0.26598
3.20821 0.266229
3.2131 0.266873
3.21799 0.267795
3.22287 0.269304
3.22776 0.270422
3.23265 0.271926
3.23754 0.273779
3.24242 0.276159
3.24731 0.27864
3.2522 0.281384
3.25709 0.284359
3.26197 0.287434
3.26686 0.29066
3.27175 0.294454
3.27664 0.298473
3.28153 0.303268
3.28641 0.308368
3.2913 0.313677
3.29619 0.319326
3.30108 0.325281
3.30596 0.331858
3.31085 0.339216
3.31574 0.347512
3.32063 0.356535
3.32551 0.366664
3.3304 0.377443
3.33529 0.389748
3.34018 0.403998
3.34506 0.4202
3.34995 0.439518
3.35484 0.463257
3.35973 0.492143
3.36461 0.531235
3.3695 0.592215
3.37439 0.725873
3.37928 0.736869
3.38416 0.618744
3.38905 0.569419
3.39394 0.540355
3.39883 0.520648
3.40371 0.506249
3.4086 0.49529
3.41349 0.486154
3.41838 0.479389
3.42326 0.474174
3.42815 0.470823
3.43304 0.468298
3.43793 0.467291
3.44282 0.465419
3.4477 0.408753
3.45259 0.35095
3.45748 0.355221
3.46237 0.363204
3.46725 0.373501
3.47214 0.387087
3.47703 0.405333
3.48192 0.43054
3.4868 0.387086
3.49169 0.0595128
3.49658 0.00117448
3.50147 0.000247145
3.50635 8.86136e-05
3.51124 4.03893e-05
3.51613 2.11707e-05
3.52102 1.31874e-05
3.5259 8.97536e-06
3.53079 5.61856e-06
3.53568 6.02307e-06
3.54057 2.32771e-06
3.54545 4.6801e-07
3.55034 2.77426e-06
3.55523 1.12001e-06
3.56012 2.14581e-06
3.56501 2.14862e-06
3.56989 2.32021e-06
3.57478 5.9151e-07
3.57967 1.09829e-06
3.58456 -4.98196e-07
3.58944 7.62382e-07
3.59433 1.94285e-07
3.59922 2.13918e-07
3.60411 6.12873e-07
3.60899 6.11292e-07
3.61388 3.12026e-06
3.61877 8.09655e-07
3.62366 1.40594e-06
3.62854 -5.45005e-07
3.63343 9.47374e-08
3.63832 -4.53871e-07
3.64321 1.35672e-06
3.64809 -1.40696e-07
3.65298 -3.42369e-08
3.65787 1.62801e-06
3.66276 -6.28135e-08
3.66764 6.29426e-07
3.67253 1.31146e-06
3.67742 2.09315e-08
3.68231 -1.18428e-06
3.68719 -1.00567e-06
3.69208 -2.2062e-07
3.69697 6.68935e-07
3.70186 1.60154e-06
3.70674 1.44444e-06
3.71163 1.872e-06
3.71652 -3.95013e-07
3.72141 2.57803e-07
3.7263 2.36709e-06
3.73118 1.29518e-06
3.73607 -1.20914e-06
3.74096 5.38178e-07
3.74585 -1.54952e-06
3.75073 3.94852e-07
3.75562 -1.33226e-06
3.76051 -7.33263e-07
3.7654 3.84523e-07
3.77028 1.01877e-07
3.77517 3.92104e-11
3.78006 -9.94085e-07
3.78495 1.06654e-07
3.78983 -8.66451e-07
3.79472 1.88912e-06
3.79961 -1.08221e-06
3.8045 -1.20387e-06
3.80938 3.58715e-06
3.81427 -1.16035e-06
3.81916 1.45011e-08
3.82405 -1.98436e-06
3.82893 6.13005e-07
3.83382 -2.1285e-06
3.83871 -1.57168e-06
3.8436 1.00213e-06
3.84848 -6.04447e-09
3.85337 1.56858e-07
3.85826 -1.12977e-06
3.86315 7.10239e-07
3.86804 4.0227e-07
3.87292 -1.1402e-06
3.87781 -1.14757e-06
3.8827 -2.59652e-06
3.88759 4.57871e-06
3.89247 -6.69305e-07
3.89736 -1.15387e-07
3.90225 -1.03601e-06
3.90714 1.02457e-06
3.91202 -3.50272e-06
3.91691 -2.66834e-06
3.9218 1.10773e-06
3.92669 -2.40698e-06
3.93157 -3.53341e-06
3.93646 2.21175e-06
3.94135 3.50285e-06
3.94624 6.90828e-06
3.95112 -1.19784e-06
3.95601 6.31358e-07
3.9609 7.47862e-06
3.96579 1.09959e-05
3.97067 2.08271e-06
3.97556 3.83931e-06
3.98045 1.32392e-05
3.98534 1.17006e-06
3.99022 8.38765e-05
3.99511 0.000624062
4 0
