-1 0
-0.995112 4.70576e-06
-0.990225 2.31053e-05
-0.985337 0.333339
-0.98045 0.420314
-0.975562 0.43553
-0.970675 0.456487
-0.965787 0.481573
-0.960899 0.512799
-0.956012 0.555885
-0.951124 0.6229
-0.946237 0.777442
-0.941349 0.752367
-0.936461 0.597851
-0.931574 0.527693
-0.926686 0.481985
-0.921799 0.448423
-0.916911 0.422321
-0.912023 0.401077
-0.907136 0.383533
-0.902248 0.368909
-0.897361 0.356404
-0.892473 0.345282
-0.887585 0.335317
-0.882698 0.32655
-0.87781 0.318291
-0.872923 0.311473
-0.868035 0.305578
-0.863147 0.299747
-0.85826 0.294726
-0.853372 0.289344
-0.848485 0.28529
-0.843597 0.281812
-0.83871 0.277921
-0.833822 0.275023
-0.828934 0.271873
-0.824047 0.269527
-0.819159 0.267124
-0.814272 0.264996
-0.809384 0.26367
-0.804497 0.261833
-0.799609 0.260679
-0.794721 0.25986
-0.789834 0.258893
-0.784946 0.258266
-0.780059 0.257901
-0.775171 0.257756
-0.770283 0.2581
-0.765396 0.258932
-0.760508 0.25981
-0.755621 0.260961
-0.750733 0.262147
-0.745846 0.264765
-0.740958 0.267587
-0.73607 0.27066
-0.731183 0.274836
-0.726295 0.280507
-0.721408 0.287394
-0.71652 0.296275
-0.711632 0.30905
-0.706745 0.328519
-0.701857 0.367096
-0.69697 0.446422
-0.692082 0.355148
-0.687195 0.309844
-0.682307 0.283895
-0.677419 0.265158
-0.672532 0.250416
-0.667644 0.238325
-0.662757 0.228349
-0.657869 0.219098
-0.652982 0.211127
-0.648094 0.20389
-0.643206 0.197622
-0.638319 0.191756
-0.633431 0.186315
-0.628544 0.181346
-0.623656 0.176675
-0.618768 0.172334
-0.613881 0.168219
-0.608993 0.163995
-0.604106 0.160479
-0.599218 0.156907
-0.594331 0.15348
-0.589443 0.150568
-0.584555 0.147483
-0.579668 0.144835
-0.57478 0.142029
-0.569892 0.139096
-0.565005 0.136923
-0.560117 0.134549
-0.55523 0.13199
-0.550342 0.129714
-0.545455 0.127712
-0.540567 0.125578
-0.535679 0.123735
-0.530792 0.121738
-0.525904 0.119719
-0.521017 0.118049
-0.516129 0.116204
-0.511241 0.114526
-0.506354 0.112835
-0.501466 0.111407
-0.496579 0.109711
-0.491691 0.107986
-0.486804 0.106542
-0.481916 0.105176
-0.477028 0.104015
-0.472141 0.102425
-0.467253 0.100788
-0.462366 0.0994644
-0.457478 0.0984647
-0.45259 0.0972373
-0.447703 0.0961798
-0.442815 0.0947476
-0.437928 0.0935344
-0.43304 0.0923539
-0.428152 0.0912702
-0.423265 0.090236
-0.418377 0.0891599
-0.41349 0.0881823
-0.408602 0.0870841
-0.403715 0.0860353
-0.398827 0.0852499
-0.393939 0.0840466
-0.389052 0.0832319
-0.384164 0.0823038
-0.379277 0.0813639
-0.374389 0.0804963
-0.369501 0.0796563
-0.364614 0.0788139
-0.359726 0.0778792
-0.354839 0.0770964
-0.349951 0.0763896
-0.345064 0.0753869
-0.340176 0.0745141
-0.335288 0.0738762
-0.330401 0.0732051
-0.325513 0.0724821
-0.320626 0.0715721
-0.315738 0.070829
-0.310851 0.0702674
-0.305963 0.0697382
-0.301075 0.0688867
-0.296188 0.0680933
-0.2913 0.0674005
-0.286413 0.0667542
-0.281525 0.0662046
-0.276637 0.0656254
-0.27175 0.0649322
-0.266862 0.0643441
-0.261975 0.0637629
-0.257087 0.0629621
-0.252199 0.0623257
-0.247312 0.0617672
-0.242424 0.0612074
-0.237537 0.0606466
-0.232649 0.0600753
-0.227762 0.0594877
-0.222874 0.0589065
-0.217986 0.0584507
-0.213099 0.0578979
-0.208211 0.0573734
-0.203324 0.0568857
-0.198436 0.0562707
-0.193548 0.0557595
-0.188661 0.0552828
-0.183773 0.0548141
-0.178886 0.0542044
-0.173998 0.053743
-0.16911 0.0532741
-0.164223 0.0527471
-0.159335 0.0523069
-0.154448 0.0518686
-0.14956 0.0513674
-0.144672 0.0509098
-0.139785 0.0505408
-0.134897 0.0499684
-0.13001 0.0494824
-0.125122 0.0491056
-0.120234 0.0487238
-0.115347 0.0482454
-0.110459 0.0468645
-0.105572 0.0374683
-0.100684 0.0296709
-0.0957966 0.0289615
-0.090909 0.0286588
-0.0860214 0.0283695
-0.0811338 0.028026
-0.0762463 0.0277091
-0.0713587 0.0274344
-0.0664711 0.0271363
-0.0615835 0.0242338
-0.0566959 0.00949333
-0.0518084 0.000456084
-0.0469208 5.64404e-05
-0.0420332 1.43181e-05
-0.0371456 5.20691e-06
-0.032258 2.29505e-06
-0.0273705 1.58417e-06
-0.0224829 1.11068e-06
-0.0175953 1.15142e-06
-0.0127077 4.5996e-08
-0.00782013 8.14571e-08
-0.00293255 1.26225e-06
0.00195503 1.66318e-06
0.00684261 6.49935e-07
0.0117302 1.30795e-06
0.0166178 7.22296e-07
0.0215054 3.27001e-09
0.0263929 1.02989e-06
0.0312805 1.01693e-06
0.0361681 5.27132e-07
0.0410557 9.84054e-08
0.0459433 1.35295e-07
0.0508308 5.81091e-07
0.0557185 6.72359e-07
0.0606061 -4.8828e-07
0.0654937 -1.31305e-07
0.0703813 2.79124e-07
0.0752689 -2.02435e-07
0.0801564 4.48653e-07
0.085044 6.99296e-07
0.0899316 5.40027e-07
0.0948192 9.56481e-07
0.0997068 -3.20884e-07
0.104594 -1.24441e-07
0.109482 1.34866e-07
0.11437 6.67945e-07
0.119257 3.32507e-07
0.124145 -4.40696e-07
0.129032 -6.34811e-07
0.13392 -1.17236e-07
0.138808 -3.11105e-07
0.143695 -1.00774e-06
0.148583 2.73509e-07
0.15347 1.4309e-06
0.158358 5.44205e-07
0.163245 -2.38611e-07
0.168133 2.77235e-07
0.173021 5.79073e-07
0.177908 2.87918e-07
0.182796 -4.34939e-07
0.187683 -4.13931e-07
0.192571 -4.64599e-07
0.197459 -7.98862e-08
0.202346 -5.17403e-07
0.207234 -3.65203e-07
0.212121 4.53494e-07
0.217009 -3.35086e-07
0.221896 -6.09859e-07
0.226784 -3.16883e-07
0.231672 -1.13973e-07
0.236559 -4.47134e-07
0.241447 -5.02521e-07
0.246334 5.94059e-07
0.251222 -4.35806e-07
0.256109 -4.05176e-07
0.260997 4.96156e-08
0.265885 -3.7392e-07
0.270772 1.32032e-07
0.27566 6.13721e-08
0.280547 -5.26183e-07
0.285435 2.78373e-07
0.290323 1.05219e-06
0.29521 6.88533e-07
0.300098 4.27043e-07
0.304985 8.22804e-08
0.309873 -1.59211e-08
0.31476 3.02225e-07
0.319648 -4.99119e-07
0.324536 -8.50861e-07
0.329423 -9.65522e-07
0.334311 -6.18633e-07
0.339198 2.59741e-07
0.344086 4.33345e-07
0.348974 2.96775e-07
0.353861 -3.55258e-07
0.358749 4.64998e-08
0.363636 -2.67747e-07
0.368524 4.47948e-07
0.373412 1.03334e-06
0.378299 5.53345e-07
0.383187 4.64944e-07
0.388074 -1.4735e-07
0.392962 -8.03785e-07
0.397849 -1.8357e-07
0.402737 8.41966e-07
0.407625 9.05814e-07
0.412512 9.31111e-07
0.4174 6.85578e-07
0.422287 7.36149e-07
0.427175 5.80663e-07
0.432063 7.50883e-07
0.43695 5.25623e-07
0.441838 9.59997e-08
0.446725 7.59418e-07
0.451613 8.63916e-07
0.4565 -3.15109e-07
0.461388 -5.68399e-07
0.466276 -3.53031e-07
0.471163 -2.94999e-07
0.476051 -1.13533e-07
0.480938 5.87989e-07
0.485826 8.41492e-07
0.490714 7.54353e-07
0.495601 2.72004e-07
0.500489 3.88062e-08
0.505376 -8.60673e-07
0.510264 1.28682e-06
0.515152 1.53349e-07
0.520039 3.7203e-07
0.524927 -3.59313e-07
0.529814 2.05297e-07
0.534702 5.24686e-07
0.539589 3.7236e-07
0.544477 2.18054e-07
0.549365 5.15133e-07
0.554252 6.1032e-07
0.55914 -1.19396e-07
0.564027 -8.00216e-07
0.568915 -1.33814e-06
0.573803 -9.53421e-07
0.57869 -1.56243e-06
0.583578 -6.05179e-07
0.588465 -4.50757e-07
0.593353 -4.97086e-07
0.59824 4.26396e-08
0.603128 1.6471e-08
0.608016 1.17193e-07
0.612903 -4.0844e-07
0.617791 5.05252e-07
0.622678 2.78239e-07
0.627566 7.72282e-07
0.632454 1.03608e-06
0.637341 8.17185e-07
0.642229 2.48984e-07
0.647116 5.01664e-08
0.652004 6.54101e-07
0.656892 3.20809e-07
0.661779 -5.06401e-07
0.666667 1.39669e-07
0.671554 5.74988e-07
0.676442 -9.66182e-08
0.681329 6.07722e-07
0.686217 3.0608e-07
0.691105 -5.34943e-08
0.695992 -4.39786e-07
0.70088 -3.48936e-07
0.705767 1.77473e-07
0.710655 6.3036e-07
0.715543 6.14769e-07
0.72043 2.18846e-07
0.725318 4.3304e-07
0.730205 3.40827e-07
0.735093 -6.82271e-07
0.73998 -1.20244e-06
0.744868 -5.83705e-07
0.749756 -2.32435e-07
0.754643 3.28887e-07
0.759531 2.53068e-07
0.764418 6.70463e-07
0.769306 5.21837e-07
0.774194 7.98318e-07
0.779081 8.57081e-07
0.783969 7.43114e-07
0.788856 6.95925e-07
0.793744 4.24897e-08
0.798632 4.19473e-07
0.803519 2.67553e-08
0.808407 -2.15825e-07
0.813294 -3.24239e-07
0.818182 6.23121e-07
0.823069 4.14974e-07
0.827957 6.41151e-07
0.832845 2.43556e-07
0.837732 -5.6132e-07
0.84262 -7.37867e-07
0.847507 -5.96154e-07
0.852395 -4.72275e-07
0.857283 -1.06275e-07
0.86217 8.9786e-08
0.867058 1.10204e-07
0.871945 1.21228e-07
0.876833 4.05766e-07
0.88172 2.52793e-07
0.886608 -2.78518e-07
0.891496 -7.98171e-07
0.896383 -1.00284e-07
0.901271 3.15733e-08
0.906158 -1.07785e-07
0.911046 -1.54814e-07
0.915933 -2.28642e-07
0.920821 -4.42218e-07
0.925709 -3.61697e-07
0.930596 3.33171e-09
0.935484 2.94838e-07
0.940371 5.26749e-07
0.945259 2.68916e-07
0.950147 4.63191e-07
0.955034 5.86144e-07
0.959922 8.58697e-07
0.964809 9.11304e-08
0.969697 -1.54052e-07
0.974585 -8.47815e-08
0.979472 2.28932e-07
0.98436 -9.06744e-08
0.989247 4.52678e-07
0.994135 5.40783e-07
0.999022 7.65766e-07
1.00391 7.30898e-07
1.0088 -6.23093e-08
1.01369 -4.87665e-07
1.01857 5.04034e-07
1.02346 6.33584e-07
1.02835 5.26708e-07
1.03324 2.41576e-07
1.03812 1.81457e-07
1.04301 -7.80247e-08
1.0479 -2.08525e-07
1.05279 -5.26856e-07
1.05767 -9.75635e-07
1.06256 -1.1077e-06
1.06745 -2.87393e-07
1.07234 5.20473e-07
1.07722 -1.9631e-07
1.08211 -2.76317e-07
1.087 -4.4322e-09
1.09189 -4.32067e-07
1.09677 -9.76302e-07
1.10166 2.06609e-07
1.10655 -1.45363e-07
1.11144 -4.28875e-07
1.11632 3.61252e-08
1.12121 -1.99935e-07
1.1261 -2.40056e-07
1.13099 -3.70923e-08
1.13587 -2.6923e-07
1.14076 8.48208e-08
1.14565 5.78061e-07
1.15054 -4.51654e-08
1.15543 1.69926e-07
1.16031 6.32286e-07
1.1652 8.5241e-07
1.17009 7.28242e-07
1.17498 1.66739e-07
1.17986 2.2947e-07
1.18475 -5.23511e-07
1.18964 -5.58809e-08
1.19453 5.29654e-08
1.19941 -3.62654e-07
1.2043 -4.45846e-07
1.20919 2.28126e-07
1.21408 8.48025e-07
1.21896 3.23945e-07
1.22385 -1.06296e-08
1.22874 -4.46585e-07
1.23363 -4.75614e-07
1.23851 1.79485e-07
1.2434 4.80312e-07
1.24829 2.17956e-07
1.25318 6.92711e-07
1.25806 3.7909e-07
1.26295 -2.68557e-07
1.26784 -6.64075e-07
1.27273 -2.60041e-07
1.27761 1.76545e-07
1.2825 8.01224e-07
1.28739 8.3498e-07
1.29228 6.28823e-07
1.29717 2.17474e-08
1.30205 -5.43773e-07
1.30694 -1.59327e-07
1.31183 1.3538e-08
1.31672 4.44343e-07
1.3216 6.27385e-07
1.32649 2.97222e-07
1.33138 -7.4219e-07
1.33627 -8.30293e-07
1.34115 -2.18665e-07
1.34604 2.88399e-07
1.35093 6.66544e-08
1.35582 -3.62544e-08
1.3607 -3.77744e-08
1.36559 2.39189e-07
1.37048 2.79459e-07
1.37537 6.62579e-07
1.38025 7.17604e-08
1.38514 1.79291e-08
1.39003 7.00652e-07
1.39492 9.18066e-07
1.3998 -3.10447e-07
1.40469 -8.5571e-07
1.40958 -5.67902e-07
1.41447 -2.28728e-07
1.41935 3.49348e-08
1.42424 6.8922e-07
1.42913 3.99724e-07
1.43402 1.54343e-07
1.43891 3.97735e-07
1.44379 4.20809e-07
1.44868 2.82092e-07
1.45357 -2.941e-07
1.45846 -3.59814e-07
1.46334 -3.45874e-07
1.46823 -4.63217e-07
1.47312 -2.22385e-07
1.47801 1.03062e-06
1.48289 1.17367e-06
1.48778 5.13174e-07
1.49267 -1.86866e-07
1.49756 2.25469e-07
1.50244 9.63546e-07
1.50733 1.13641e-07
1.51222 5.21338e-07
1.51711 8.35313e-07
1.52199 4.44182e-07
1.52688 5.57694e-08
1.53177 2.70531e-07
1.53666 2.33021e-07
1.54154 2.52154e-07
1.54643 4.88751e-07
1.55132 1.06189e-07
1.55621 -7.84877e-08
1.56109 3.36709e-07
1.56598 6.66478e-07
1.57087 6.29989e-07
1.57576 -9.74016e-08
1.58065 -1.84455e-07
1.58553 8.27514e-08
1.59042 1.9353e-07
1.59531 4.05483e-07
1.6002 4.86723e-07
1.60508 4.0303e-07
1.60997 1.10884e-07
1.61486 3.58419e-07
1.61975 1.76417e-07
1.62463 2.23834e-07
1.62952 4.03815e-07
1.63441 5.70115e-07
1.6393 1.20876e-06
1.64418 9.98655e-07
1.64907 3.18771e-07
1.65396 3.09034e-07
1.65885 7.35366e-07
1.66373 5.77636e-07
1.66862 3.91692e-07
1.67351 -1.28976e-07
1.6784 1.32607e-07
1.68328 2.87368e-07
1.68817 4.08125e-07
1.69306 1.02167e-06
1.69795 9.06733e-07
1.70283 4.30057e-07
1.70772 1.28597e-06
1.71261 2.38901e-06
1.7175 3.45487e-06
1.72239 3.96682e-06
1.72727 1.01862e-05
1.73216 2.24046e-05
1.73705 5.11024e-05
1.74194 0.000979782
1.74682 0.00745331
1.75171 0.0165017
1.7566 0.0196634
1.76149 0.0198855
1.76637 0.0200267
1.77126 0.0201446
1.77615 0.0202997
1.78104 0.0204503
1.78592 0.0205428
1.79081 0.0206411
1.7957 0.0207103
1.80059 0.02078
1.80547 0.0209351
1.81036 0.0210893
1.81525 0.0211958
1.82014 0.0213134
1.82502 0.0214998
1.82991 0.0216466
1.8348 0.0217613
1.83969 0.0218496
1.84457 0.0219464
1.84946 0.0220873
1.85435 0.0222018
1.85924 0.0223398
1.86413 0.022482
1.86901 0.0225828
1.8739 0.0226872
1.87879 0.0228508
1.88368 0.0230185
1.88856 0.0231546
1.89345 0.0232647
1.89834 0.0233815
1.90323 0.0235424
1.90811 0.0237092
1.913 0.0238078
1.91789 0.0239307
1.92278 0.0241018
1.92766 0.0241657
1.93255 0.0242234
1.93744 0.0243679
1.94233 0.0245945
1.94721 0.0248327
1.9521 0.0249639
1.95699 0.0250472
1.96188 0.0251364
1.96676 0.0252525
1.97165 0.0253984
1.97654 0.0255653
1.98143 0.0257136
1.98631 0.0258567
1.9912 0.0260514
1.99609 0.0261856
2.00098 0.0262659
2.00587 0.0263691
2.01075 0.0265166
2.01564 0.0267074
2.02053 0.0269034
2.02542 0.0270801
2.0303 0.0272393
2.03519 0.0274258
2.04008 0.0275606
2.04497 0.0276433
2.04985 0.027821
2.05474 0.0280256
2.05963 0.0281309
2.06452 0.0282595
2.0694 0.0284386
2.07429 0.0286131
2.07918 0.0288259
2.08407 0.0290556
2.08895 0.0292302
2.09384 0.0293612
2.09873 0.0295202
2.10362 0.0296922
2.1085 0.0298775
2.11339 0.0300656
2.11828 0.0302386
2.12317 0.03042
2.12805 0.0306378
2.13294 0.0308136
2.13783 0.0309297
2.14272 0.0310776
2.1476 0.0313383
2.15249 0.0315325
2.15738 0.0316511
2.16227 0.031789
2.16716 0.0319795
2.17204 0.0322243
2.17693 0.0324701
2.18182 0.0326703
2.18671 0.03284
2.19159 0.0330136
2.19648 0.0331681
2.20137 0.0333851
2.20626 0.0336278
2.21114 0.0338253
2.21603 0.0340415
2.22092 0.0342995
2.22581 0.034564
2.23069 0.034755
2.23558 0.0349832
2.24047 0.0352577
2.24536 0.0354712
2.25024 0.0356805
2.25513 0.0359071
2.26002 0.0361023
2.26491 0.0362918
2.26979 0.0365325
2.27468 0.0367669
2.27957 0.0370119
2.28446 0.0372519
2.28935 0.0375123
2.29423 0.0378593
2.29912 0.0381458
2.30401 0.0384007
2.3089 0.0386486
2.31378 0.0389065
2.31867 0.039159
2.32356 0.0394282
2.32845 0.039755
2.33333 0.0400324
2.33822 0.0403351
2.34311 0.0407237
2.348 0.0410294
2.35288 0.041319
2.35777 0.0416489
2.36266 0.0419211
2.36755 0.0421779
2.37243 0.0425323
2.37732 0.0429474
2.38221 0.0432354
2.3871 0.0434993
2.39198 0.0438313
2.39687 0.0441722
2.40176 0.0445768
2.40665 0.0450205
2.41153 0.0453657
2.41642 0.0457337
2.42131 0.0461673
2.4262 0.0465587
2.43109 0.0469592
2.43597 0.0473478
2.44086 0.0477834
2.44575 0.0482203
2.45064 0.0486582
2.45552 0.0491033
2.46041 0.0496049
2.4653 0.0500962
2.47019 0.0505539
2.47507 0.0510773
2.47996 0.0516168
2.48485 0.0521049
2.48974 0.0525318
2.49462 0.0530795
2.49951 0.0537163
2.5044 0.0543703
2.50929 0.0549445
2.51417 0.0555259
2.51906 0.0561238
2.52395 0.0567941
2.52884 0.0574808
2.53372 0.0582273
2.53861 0.0589406
2.5435 0.0596877
2.54839 0.0605204
2.55327 0.0613697
2.55816 0.0622471
2.56305 0.0631498
2.56794 0.0640258
2.57282 0.0649332
2.57771 0.065901
2.5826 0.0669085
2.58749 0.0679573
2.59238 0.0691221
2.59726 0.0703234
2.60215 0.0714602
2.60704 0.0727518
2.61193 0.0741905
2.61681 0.07568
2.6217 0.0772264
2.62659 0.0788016
2.63148 0.0806058
2.63636 0.0825717
2.64125 0.0845659
2.64614 0.0866509
2.65103 0.0889078
2.65591 0.0914327
2.6608 0.0941272
2.66569 0.0971128
2.67058 0.100476
2.67546 0.104088
2.68035 0.10812
2.68524 0.112723
2.69013 0.117829
2.69501 0.123837
2.6999 0.130758
2.70479 0.138997
2.70968 0.149057
2.71457 0.161557
2.71945 0.177607
2.72434 0.199448
2.72923 0.231868
2.73412 0.286813
2.739 0.420812
2.74389 0.585093
2.74878 0.523919
2.75367 0.421952
2.75855 0.37872
2.76344 0.353032
2.76833 0.335805
2.77322 0.323563
2.7781 0.314629
2.78299 0.307646
2.78788 0.302239
2.79277 0.297852
2.79765 0.294804
2.80254 0.292583
2.80743 0.291083
2.81232 0.290499
2.8172 0.290378
2.82209 0.290877
2.82698 0.292112
2.83187 0.293915
2.83675 0.29595
2.84164 0.298628
2.84653 0.302006
2.85142 0.306145
2.8563 0.310673
2.86119 0.316194
2.86608 0.322629
2.87097 0.329805
2.87586 0.338004
2.88074 0.347707
2.88563 0.359077
2.89052 0.372106
2.89541 0.387901
2.90029 0.406886
2.90518 0.429639
2.91007 0.458495
2.91496 0.496564
2.91984 0.549296
2.92473 0.630449
2.92962 0.801465
2.93451 1.00072
2.93939 0.86515
2.94428 0.687801
2.94917 0.508432
2.95406 0.327439
2.95894 0.2807
2.96383 0.263301
2.96872 0.249366
2.97361 0.237549
2.97849 0.227031
2.98338 0.217838
2.98827 0.20959
2.99316 0.201897
2.99804 0.194773
3.00293 0.188295
3.00782 0.182507
3.01271 0.177114
3.0176 0.171654
3.02248 0.1666
3.02737 0.161809
3.03226 0.157409
3.03715 0.153201
3.04203 0.149178
3.04692 0.145394
3.05181 0.141768
3.0567 0.138261
3.06158 0.13484
3.06647 0.131495
3.07136 0.128397
3.07625 0.125356
3.08113 0.122318
3.08602 0.11938
3.09091 0.116625
3.0958 0.113838
3.10068 0.111273
3.10557 0.108848
3.11046 0.106392
3.11535 0.10386
3.12023 0.101469
3.12512 0.0991926
3.13001 0.0969716
3.1349 0.0947208
3.13978 0.0923031
3.14467 0.0902519
3.14956 0.0883568
3.15445 0.0862387
3.15934 0.0842493
3.16422 0.0820673
3.16911 0.0800938
3.174 0.0781986
3.17889 0.0763848
3.18377 0.0744925
3.18866 0.0726382
3.19355 0.070775
3.19844 0.0689768
3.20332 0.0670781
3.20821 0.0652039
3.2131 0.063414
3.21799 0.0617022
3.22287 0.0600212
3.22776 0.0584468
3.23265 0.0566753
3.23754 0.0548189
3.24242 0.0531648
3.24731 0.0515365
3.2522 0.0498908
3.25709 0.0481559
3.26197 0.0465719
3.26686 0.0448354
3.27175 0.0431235
3.27664 0.0415639
3.28153 0.0399346
3.28641 0.0381768
3.2913 0.0366477
3.29619 0.0350239
3.30108 0.0332638
3.30596 0.0317524
3.31085 0.0328841
3.31574 0.0353548
3.32063 0.03765
3.32551 0.0398357
3.3304 0.0422059
3.33529 0.0445731
3.34018 0.0469923
3.34506 0.0494191
3.34995 0.0519471
3.35484 0.0543176
3.35973 0.0567549
3.36461 0.0593059
3.3695 0.0619447
3.37439 0.0645067
3.37928 0.0670921
3.38416 0.0698574
3.38905 0.072604
3.39394 0.0753071
3.39883 0.0780712
3.40371 0.0810525
3.4086 0.0840065
3.41349 0.08698
3.41838 0.0899586
3.42326 0.0932765
3.42815 0.09635
3.43304 0.0996339
3.43793 0.103091
3.44282 0.106503
3.4477 0.109965
3.45259 0.113571
3.45748 0.11715
3.46237 0.12098
3.46725 0.125045
3.47214 0.129087
3.47703 0.133202
3.48192 0.137488
3.4868 0.141995
3.49169 0.146729
3.49658 0.151633
3.50147 0.156776
3.50635 0.161845
3.51124 0.167143
3.51613 0.172931
3.52102 0.179149
3.5259 0.185387
3.53079 0.191936
3.53568 0.199109
3.54057 0.206728
3.54545 0.214765
3.55034 0.223535
3.55523 0.232733
3.56012 0.243008
3.56501 0.253767
3.56989 0.265533
3.57478 0.279155
3.57967 0.294228
3.58456 0.31252
3.58944 0.349404
3.59433 0.806672
3.59922 0.886712
3.60411 0.896112
3.60899 1.05933
3.61388 1.12718
3.61877 0.889811
3.62366 0.83637
3.62854 0.793077
3.63343 0.689678
3.63832 0.633602
3.64321 0.593086
3.64809 0.56136
3.65298 0.535372
3.65787 0.513139
3.66276 0.49396
3.66764 0.47739
3.67253 0.462446
3.67742 0.449601
3.68231 0.437829
3.68719 0.427274
3.69208 0.417392
3.69697 0.407848
3.70186 0.399792
3.70674 0.392082
3.71163 0.385345
3.71652 0.378221
3.72141 0.371887
3.7263 0.366009
3.73118 0.360545
3.73607 0.356035
3.74096 0.350509
3.74585 0.345792
3.75073 0.341353
3.75562 0.337231
3.76051 0.332927
3.7654 0.329124
3.77028 0.325364
3.77517 0.321868
3.78006 0.31845
3.78495 0.315505
3.78983 0.312852
3.79472 0.309274
3.79961 0.306561
3.8045 0.303768
3.80938 0.300427
3.81427 0.298537
3.81916 0.294059
3.82405 0.114628
3.82893 0.0899916
3.83382 0.0893522
3.83871 0.0886115
3.8436 0.0878883
3.84848 0.0868329
3.85337 0.0862918
3.85826 0.085607
3.86315 0.0850559
3.86804 0.0843322
3.87292 0.0838106
3.87781 0.083237
3.8827 0.0826209
3.88759 0.081977
3.89247 0.0817587
3.89736 0.0809081
3.90225 0.0803603
3.90714 0.080139
3.91202 0.0797666
3.91691 0.0790236
3.9218 0.0785584
3.92669 0.0780929
3.93157 0.0719452
3.93646 8.85268e-05
3.94135 5.43509e-06
3.94624 3.46759e-06
3.95112 2.93614e-06
3.95601 6.69878e-06
3.9609 4.24586e-06
3.96579 5.83875e-06
3.97067 9.79318e-06
3.97556 1.64712e-06
3.98045 1.96199e-05
3.98534 6.44528e-06
3.99022 9.17074e-05
3.99511 0.000615425
4 0
