-1 0
-0.995112 1.05241e-05
-0.990225 2.07695e-06
-0.985337 6.75295e-06
-0.98045 -3.36186e-06
-0.975562 2.5019e-06
-0.970675 -1.24902e-06
-0.965787 5.38418e-06
-0.960899 5.10249e-06
-0.956012 6.44439e-07
-0.951124 3.86593e-06
-0.946237 4.26494e-06
-0.941349 8.23946e-07
-0.936461 3.61425e-06
-0.931574 -4.47695e-06
-0.926686 -1.70625e-06
-0.921799 3.1606e-06
-0.916911 2.27846e-06
-0.912023 9.73447e-07
-0.907136 -7.17378e-07
-0.902248 1.94937e-06
-0.897361 -2.75212e-06
-0.892473 -5.26019e-07
-0.887585 9.28437e-08
-0.882698 -1.23831e-06
-0.87781 1.40913e-06
-0.872923 2.16854e-06
-0.868035 2.06113e-06
-0.863147 2.25124e-06
-0.85826 1.45612e-06
-0.853372 1.81832e-06
-0.848485 1.37723e-06
-0.843597 -3.01282e-06
-0.83871 5.97237e-07
-0.833822 5.56819e-08
-0.828934 1.19573e-06
-0.824047 1.59544e-06
-0.819159 1.9361e-06
-0.814272 -1.42916e-06
-0.809384 -2.00277e-06
-0.804497 -1.67661e-06
-0.799609 -1.17618e-06
-0.794721 2.28342e-06
-0.789834 -3.32956e-07
-0.784946 2.44385e-07
-0.780059 -3.65525e-07
-0.775171 -1.37256e-06
-0.770283 1.83595e-06
-0.765396 -1.16081e-06
-0.760508 9.6884e-07
-0.755621 9.41149e-07
-0.750733 -2.3051e-06
-0.745846 2.45805e-07
-0.740958 6.29477e-07
-0.73607 -2.76864e-08
-0.731183 5.27058e-07
-0.726295 2.72334e-07
-0.721408 -8.19126e-07
-0.71652 4.8351e-07
-0.711632 -3.09087e-07
-0.706745 2.40852e-07
-0.701857 1.05936e-06
-0.69697 -1.01334e-06
-0.692082 1.23676e-06
-0.687195 2.88938e-07
-0.682307 8.55373e-07
-0.677419 7.93121e-07
-0.672532 8.74175e-07
-0.667644 2.86027e-08
-0.662757 -7.01043e-07
-0.657869 -7.0972e-07
-0.652982 -5.89239e-07
-0.648094 -1.79477e-06
-0.643206 -1.28047e-08
-0.638319 7.42974e-08
-0.633431 1.29941e-06
-0.628544 -4.55067e-07
-0.623656 4.73878e-07
-0.618768 -1.02627e-07
-0.613881 -9.65679e-07
-0.608993 2.67027e-07
-0.604106 1.10667e-06
-0.599218 -7.38878e-07
-0.594331 4.60511e-07
-0.589443 1.6146e-06
-0.584555 1.70746e-06
-0.579668 7.49532e-08
-0.57478 5.77941e-07
-0.569892 1.06931e-06
-0.565005 4.10389e-07
-0.560117 1.37195e-06
-0.55523 2.76087e-06
-0.550342 3.74197e-06
-0.545455 3.9066e-06
-0.540567 5.25941e-06
-0.535679 5.32012e-06
-0.530792 6.5164e-06
-0.525904 1.03581e-05
-0.521017 1.16824e-05
-0.516129 1.57497e-05
-0.511241 2.3562e-05
-0.506354 3.13653e-05
-0.501466 4.58445e-05
-0.496579 7.44096e-05
-0.491691 0.000125127
-0.486804 0.000233238
-0.481916 0.00050119
-0.477028 0.0013754
-0.472141 0.0062917
-0.467253 0.453008
-0.462366 2.1537
-0.457478 3.79631
-0.45259 3.5251
-0.447703 2.27449
-0.442815 1.32104
-0.437928 0.922935
-0.43304 0.849935
-0.428152 0.803848
-0.423265 0.7753
-0.418377 0.761546
-0.41349 0.761228
-0.408602 0.779936
-0.403715 0.833883
-0.398827 1.00557
-0.393939 0.97279
-0.389052 0.703128
-0.384164 0.580038
-0.379277 0.503912
-0.374389 0.4485
-0.369501 0.405743
-0.364614 0.371769
-0.359726 0.34335
-0.354839 0.319318
-0.349951 0.298835
-0.345064 0.280835
-0.340176 0.264932
-0.335288 0.250751
-0.330401 0.238163
-0.325513 0.2266
-0.320626 0.216015
-0.315738 0.206844
-0.310851 0.197944
-0.305963 0.189859
-0.301075 0.18275
-0.296188 0.176056
-0.2913 0.169447
-0.286413 0.163321
-0.281525 0.157602
-0.276637 0.152286
-0.27175 0.147435
-0.266862 0.142957
-0.261975 0.138533
-0.257087 0.134238
-0.252199 0.130212
-0.247312 0.126457
-0.242424 0.123103
-0.237537 0.119856
-0.232649 0.116554
-0.227762 0.113419
-0.222874 0.110619
-0.217986 0.107701
-0.213099 0.104985
-0.208211 0.102271
-0.203324 0.0999205
-0.198436 0.0976985
-0.193548 0.0952943
-0.188661 0.0929915
-0.183773 0.0908912
-0.178886 0.0889568
-0.173998 0.0868353
-0.16911 0.084858
-0.164223 0.0830175
-0.159335 0.081372
-0.154448 0.0795685
-0.14956 0.0779285
-0.144672 0.0765096
-0.139785 0.074869
-0.134897 0.073364
-0.13001 0.0719322
-0.125122 0.0703965
-0.120234 0.0688942
-0.115347 0.0675044
-0.110459 0.0662218
-0.105572 0.0649629
-0.100684 0.0637581
-0.0957966 0.0624859
-0.090909 0.0612824
-0.0860214 0.0601651
-0.0811338 0.0590388
-0.0762463 0.0579479
-0.0713587 0.0568802
-0.0664711 0.0557803
-0.0615835 0.0548453
-0.0566959 0.053962
-0.0518084 0.0529895
-0.0469208 0.0519289
-0.0420332 0.0509922
-0.0371456 0.0501365
-0.032258 0.0492841
-0.0273705 0.0484269
-0.0224829 0.0475065
-0.0175953 0.0466111
-0.0127077 0.0458119
-0.00782013 0.045019
-0.00293255 0.0442858
0.00195503 0.0435535
0.00684261 0.0427925
0.0117302 0.0420283
0.0166178 0.041281
0.0215054 0.040554
0.0263929 0.0398579
0.0312805 0.0391578
0.0361681 0.0384868
0.0410557 0.0377995
0.0459433 0.0371922
0.0508308 0.0365692
0.0557185 0.0358904
0.0606061 0.03182
0.0654937 0.0133535
0.0703813 0.000889869
0.0752689 8.48607e-05
0.0801564 1.98393e-05
0.085044 1.01051e-05
0.0899316 6.6377e-06
0.0948192 4.34234e-06
0.0997068 2.49304e-06
0.104594 1.75065e-06
0.109482 1.83524e-06
0.11437 1.02577e-06
0.119257 1.38648e-06
0.124145 8.50545e-07
0.129032 6.83689e-07
0.13392 2.51786e-07
0.138808 -2.35843e-07
0.143695 6.4447e-07
0.148583 7.51538e-07
0.15347 -2.42097e-07
0.158358 -3.8071e-07
0.163245 3.65137e-07
0.168133 -1.47278e-07
0.173021 -1.0511e-07
0.177908 -3.44905e-07
0.182796 -1.48697e-07
0.187683 -4.6243e-07
0.192571 6.90503e-07
0.197459 1.2457e-06
0.202346 4.00215e-07
0.207234 -8.9209e-07
0.212121 -6.43305e-07
0.217009 -5.0085e-07
0.221896 -4.21164e-08
0.226784 -5.1969e-08
0.231672 -6.08658e-07
0.236559 -8.0387e-07
0.241447 -5.98966e-07
0.246334 -6.3185e-07
0.251222 -4.98904e-07
0.256109 -6.42991e-07
0.260997 -4.72341e-07
0.265885 -2.71501e-07
0.270772 7.1815e-07
0.27566 9.64028e-07
0.280547 1.26115e-06
0.285435 4.96291e-07
0.290323 1.48303e-07
0.29521 1.76987e-07
0.300098 2.88036e-08
0.304985 3.12112e-07
0.309873 2.03249e-07
0.31476 -1.9384e-07
0.319648 5.05517e-07
0.324536 1.45073e-06
0.329423 3.69576e-07
0.334311 -2.14775e-07
0.339198 -1.33393e-07
0.344086 -7.86926e-07
0.348974 -8.77267e-07
0.353861 5.77035e-08
0.358749 5.69871e-07
0.363636 6.12075e-07
0.368524 7.8265e-07
0.373412 -4.16359e-08
0.378299 2.51696e-08
0.383187 2.96726e-07
0.388074 -9.10068e-07
0.392962 -8.0824e-07
0.397849 -3.06758e-07
0.402737 8.19636e-07
0.407625 3.08341e-07
0.412512 -5.95172e-07
0.4174 -7.93691e-07
0.422287 2.04828e-07
0.427175 2.04204e-07
0.432063 -2.16021e-07
0.43695 -1.70495e-07
0.441838 4.16732e-08
0.446725 2.84205e-07
0.451613 -4.32139e-08
0.4565 -5.30555e-07
0.461388 -4.08955e-07
0.466276 -6.87612e-09
0.471163 -1.13657e-07
0.476051 5.19178e-07
0.480938 1.07148e-06
0.485826 8.12268e-07
0.490714 7.21919e-08
0.495601 2.65295e-07
0.500489 1.30493e-06
0.505376 -2.45139e-07
0.510264 3.61724e-08
0.515152 -6.0839e-07
0.520039 -4.75282e-07
0.524927 -1.45686e-06
0.529814 6.72994e-08
0.534702 9.64865e-07
0.539589 3.10967e-07
0.544477 6.0528e-07
0.549365 7.39816e-07
0.554252 4.5186e-07
0.55914 7.27719e-07
0.564027 3.24005e-07
0.568915 -2.10979e-07
0.573803 1.41891e-07
0.57869 2.52814e-07
0.583578 4.43217e-07
0.588465 5.62185e-07
0.593353 1.33847e-06
0.59824 1.6035e-06
0.603128 4.76717e-07
0.608016 -3.4348e-07
0.612903 -3.67306e-07
0.617791 -1.51468e-07
0.622678 3.78046e-07
0.627566 6.04996e-07
0.632454 3.9404e-07
0.637341 2.09248e-07
0.642229 6.3543e-07
0.647116 2.93077e-07
0.652004 3.52717e-08
0.656892 1.35984e-07
0.661779 1.26449e-07
0.666667 -2.96664e-07
0.671554 -1.53147e-07
0.676442 4.56401e-07
0.681329 8.35688e-07
0.686217 3.84888e-08
0.691105 -8.71037e-07
0.695992 -1.04789e-06
0.70088 -7.18233e-07
0.705767 -3.85476e-07
0.710655 -5.49075e-07
0.715543 -7.12734e-07
0.72043 -1.30604e-06
0.725318 -8.70507e-07
0.730205 -3.52258e-07
0.735093 -2.80819e-08
0.73998 2.95892e-07
0.744868 2.08204e-07
0.749756 -6.95975e-07
0.754643 -6.91672e-07
0.759531 -9.96719e-07
0.764418 -1.03465e-06
0.769306 -3.11906e-07
0.774194 4.06849e-07
0.779081 5.40199e-07
0.783969 5.48549e-07
0.788856 3.13976e-07
0.793744 3.6432e-07
0.798632 1.17467e-06
0.803519 1.22375e-06
0.808407 5.1776e-07
0.813294 -4.15046e-07
0.818182 -1.60721e-07
0.823069 3.34879e-07
0.827957 6.66755e-07
0.832845 2.25661e-07
0.837732 -9.18912e-08
0.84262 -1.42492e-07
0.847507 -3.00461e-07
0.852395 -1.85636e-07
0.857283 -7.91349e-07
0.86217 -6.99795e-07
0.867058 -1.32007e-07
0.871945 1.64375e-07
0.876833 -4.7359e-07
0.88172 -3.00829e-07
0.886608 -1.07335e-07
0.891496 3.23412e-07
0.896383 8.98809e-07
0.901271 6.87969e-07
0.906158 2.39794e-07
0.911046 -8.69078e-08
0.915933 -3.89853e-07
0.920821 -3.34341e-07
0.925709 -5.03318e-07
0.930596 -4.72346e-07
0.935484 -7.82218e-08
0.940371 1.72837e-07
0.945259 -2.01338e-07
0.950147 -4.04332e-07
0.955034 2.45951e-07
0.959922 1.389e-07
0.964809 -4.90182e-08
0.969697 -4.31712e-07
0.974585 -2.66215e-07
0.979472 4.15404e-08
0.98436 -3.82924e-07
0.989247 -3.46626e-07
0.994135 -2.35424e-09
0.999022 9.07146e-08
1.00391 -4.82525e-07
1.0088 -1.79945e-07
1.01369 -1.87128e-07
1.01857 3.9445e-07
1.02346 2.09136e-07
1.02835 4.60484e-08
1.03324 -1.46726e-07
1.03812 -4.6361e-07
1.04301 -7.61368e-07
1.0479 1.84605e-07
1.05279 2.86836e-07
1.05767 3.24888e-07
1.06256 2.19167e-07
1.06745 9.52512e-07
1.07234 1.29543e-06
1.07722 1.87963e-06
1.08211 1.85008e-06
1.087 1.45963e-06
1.09189 1.28691e-06
1.09677 2.20226e-06
1.10166 4.43295e-06
1.10655 6.12866e-06
1.11144 1.27797e-05
1.11632 3.98814e-05
1.12121 8.47839e-05
1.1261 0.00227842
1.13099 0.0121435
1.13587 0.0221494
1.14076 0.0245743
1.14565 0.0248599
1.15054 0.0251103
1.15543 0.0253585
1.16031 0.0256311
1.1652 0.0258577
1.17009 0.0260235
1.17498 0.0262423
1.17986 0.0265632
1.18475 0.0268126
1.18964 0.0270149
1.19453 0.0272404
1.19941 0.0274553
1.2043 0.0276968
1.20919 0.0279657
1.21408 0.0281595
1.21896 0.0283822
1.22385 0.0286505
1.22874 0.0288944
1.23363 0.029167
1.23851 0.0293973
1.2434 0.0296387
1.24829 0.0299056
1.25318 0.0301306
1.25806 0.0304021
1.26295 0.0306976
1.26784 0.0309455
1.27273 0.0311889
1.27761 0.0314838
1.2825 0.0317954
1.28739 0.0320681
1.29228 0.0322651
1.29717 0.0324914
1.30205 0.0328134
1.30694 0.0331315
1.31183 0.033437
1.31672 0.0337044
1.3216 0.0339814
1.32649 0.0343684
1.33138 0.0346918
1.33627 0.0349545
1.34115 0.0352343
1.34604 0.0355424
1.35093 0.0358736
1.35582 0.0361599
1.3607 0.0364648
1.36559 0.0368386
1.37048 0.0372149
1.37537 0.0375244
1.38025 0.0378396
1.38514 0.0381848
1.39003 0.0384943
1.39492 0.0388138
1.3998 0.0391995
1.40469 0.039584
1.40958 0.0399504
1.41447 0.0403153
1.41935 0.0407257
1.42424 0.0411563
1.42913 0.0415162
1.43402 0.0419467
1.43891 0.0423933
1.44379 0.0427633
1.44868 0.0431547
1.45357 0.0435955
1.45846 0.0440479
1.46334 0.0445473
1.46823 0.044984
1.47312 0.0454327
1.47801 0.0460102
1.48289 0.0465301
1.48778 0.0469298
1.49267 0.0473411
1.49756 0.047822
1.50244 0.0483302
1.50733 0.0488914
1.51222 0.0495033
1.51711 0.0500703
1.52199 0.0505787
1.52688 0.051126
1.53177 0.0517776
1.53666 0.0524231
1.54154 0.0530444
1.54643 0.0537014
1.55132 0.0543845
1.55621 0.0550783
1.56109 0.055781
1.56598 0.0565209
1.57087 0.0572922
1.57576 0.0580591
1.58065 0.0588237
1.58553 0.0595681
1.59042 0.0604553
1.59531 0.0614688
1.6002 0.0624676
1.60508 0.0634241
1.60997 0.0644374
1.61486 0.065474
1.61975 0.0665492
1.62463 0.0677252
1.62952 0.0689064
1.63441 0.0701845
1.6393 0.0714959
1.64418 0.0728007
1.64907 0.0742932
1.65396 0.0759431
1.65885 0.0776338
1.66373 0.0793219
1.66862 0.0811036
1.67351 0.0830549
1.6784 0.0851937
1.68328 0.0876161
1.68817 0.0901154
1.69306 0.0928079
1.69795 0.0958923
1.70283 0.0992941
1.70772 0.103053
1.71261 0.107269
1.7175 0.111978
1.72239 0.117295
1.72727 0.123523
1.73216 0.131051
1.73705 0.140427
1.74194 0.152516
1.74682 0.168707
1.75171 0.192741
1.7566 0.238606
1.76149 0.334337
1.76637 0.38778
1.77126 0.328534
1.77615 0.270961
1.78104 0.243212
1.78592 0.22467
1.79081 0.211019
1.7957 0.200305
1.80059 0.191566
1.80547 0.184358
1.81036 0.178046
1.81525 0.172506
1.82014 0.167671
1.82502 0.163352
1.82991 0.159246
1.8348 0.155587
1.83969 0.152445
1.84457 0.149529
1.84946 0.146732
1.85435 0.144151
1.85924 0.141712
1.86413 0.139299
1.86901 0.137111
1.8739 0.135206
1.87879 0.133336
1.88368 0.131568
1.88856 0.129969
1.89345 0.128307
1.89834 0.126653
1.90323 0.125211
1.90811 0.123886
1.913 0.122532
1.91789 0.121183
1.92278 0.11994
1.92766 0.118831
1.93255 0.117753
1.93744 0.11662
1.94233 0.115543
1.94721 0.114545
1.9521 0.11357
1.95699 0.112712
1.96188 0.11192
1.96676 0.110995
1.97165 0.110097
1.97654 0.109329
1.98143 0.108511
1.98631 0.107652
1.9912 0.106975
1.99609 0.106301
2.00098 0.105597
2.00587 0.104869
2.01075 0.104105
2.01564 0.103393
2.02053 0.102813
2.02542 0.102299
2.0303 0.101682
2.03519 0.101022
2.04008 0.100388
2.04497 0.0998841
2.04985 0.0994696
2.05474 0.0989549
2.05963 0.0984441
2.06452 0.0980146
2.0694 0.0975108
2.07429 0.0969446
2.07918 0.0964618
2.08407 0.0960821
2.08895 0.0956101
2.09384 0.0950847
2.09873 0.0945008
2.10362 0.0940319
2.1085 0.0937091
2.11339 0.0933668
2.11828 0.0930787
2.12317 0.0928059
2.12805 0.0924302
2.13294 0.0919633
2.13783 0.0915934
2.14272 0.0912915
2.1476 0.0909362
2.15249 0.0905144
2.15738 0.0901887
2.16227 0.0899269
2.16716 0.0896233
2.17204 0.0892752
2.17693 0.0890146
2.18182 0.0887236
2.18671 0.0883901
2.19159 0.0880861
2.19648 0.0877367
2.20137 0.0875365
2.20626 0.0873374
2.21114 0.0869693
2.21603 0.0866635
2.22092 0.0864674
2.22581 0.0862846
2.23069 0.0861221
2.23558 0.085938
2.24047 0.085613
2.24536 0.0852452
2.25024 0.0850367
2.25513 0.084889
2.26002 0.0846136
2.26491 0.0843404
2.26979 0.0841171
2.27468 0.0838567
2.27957 0.0837294
2.28446 0.0836408
2.28935 0.0833985
2.29423 0.0830639
2.29912 0.0829171
2.30401 0.0829277
2.3089 0.0828031
2.31378 0.0824616
2.31867 0.0823009
2.32356 0.0822391
2.32845 0.0821257
2.33333 0.0821061
2.33822 0.0819583
2.34311 0.0817103
2.348 0.0815148
2.35288 0.0813993
2.35777 0.0812777
2.36266 0.0811463
2.36755 0.0809188
2.37243 0.0808468
2.37732 0.0808412
2.38221 0.0807105
2.3871 0.0805494
2.39198 0.0805094
2.39687 0.0805187
2.40176 0.0803998
2.40665 0.0802778
2.41153 0.0801975
2.41642 0.0801623
2.42131 0.0800233
2.4262 0.0799778
2.43109 0.079971
2.43597 0.079798
2.44086 0.0796838
2.44575 0.0796306
2.45064 0.0795946
2.45552 0.0796323
2.46041 0.0796044
2.4653 0.0795344
2.47019 0.0794265
2.47507 0.0793983
2.47996 0.0793899
2.48485 0.0794027
2.48974 0.0794027
2.49462 0.0793786
2.49951 0.0793191
2.5044 0.0792669
2.50929 0.0792939
2.51417 0.0793533
2.51906 0.0793076
2.52395 0.0792863
2.52884 0.0794498
2.53372 0.0795737
2.53861 0.0794408
2.5435 0.0794251
2.54839 0.0794705
2.55327 0.0794956
2.55816 0.0795715
2.56305 0.0797529
2.56794 0.0798057
2.57282 0.079812
2.57771 0.0798057
2.5826 0.0798465
2.58749 0.0798304
2.59238 0.0799788
2.59726 0.0801843
2.60215 0.0801639
2.60704 0.0801106
2.61193 0.0801082
2.61681 0.0802455
2.6217 0.08027
2.62659 0.0802387
2.63148 0.0801975
2.63636 0.0800387
2.64125 0.0799699
2.64614 0.0799117
2.65103 0.0797651
2.65591 0.0796162
2.6608 0.0794566
2.66569 0.0793152
2.67058 0.0791392
2.67546 0.0788287
2.68035 0.0785164
2.68524 0.0782317
2.69013 0.077972
2.69501 0.0776061
2.6999 0.0771136
2.70479 0.0766673
2.70968 0.0762663
2.71457 0.0758298
2.71945 0.0757344
2.72434 0.0878497
2.72923 0.166713
2.73412 0.244871
2.739 0.262094
2.74389 0.270637
2.74878 0.27945
2.75367 0.288693
2.75855 0.29861
2.76344 0.309172
2.76833 0.320681
2.77322 0.333579
2.7781 0.347701
2.78299 0.363347
2.78788 0.380693
2.79277 0.400307
2.79765 0.422507
2.80254 0.448284
2.80743 0.478724
2.81232 0.515668
2.8172 0.56188
2.82209 0.623016
2.82698 0.713828
2.83187 0.894304
2.83675 1.06509
2.84164 0.930665
2.84653 0.78389
2.85142 0.715805
2.8563 0.672261
2.86119 0.64076
2.86608 0.599964
2.87097 0.478075
2.87586 0.382817
2.88074 0.370796
2.88563 0.368507
2.89052 0.367735
2.89541 0.368498
2.90029 0.370476
2.90518 0.374095
2.91007 0.379005
2.91496 0.385326
2.91984 0.393983
2.92473 0.406006
2.92962 0.423181
2.93451 0.44931
2.93939 0.50256
2.94428 0.574578
2.94917 0.522482
2.95406 0.442635
2.95894 0.402903
2.96383 0.376336
2.96872 0.356433
2.97361 0.340055
2.97849 0.326551
2.98338 0.315083
2.98827 0.304945
2.99316 0.296139
2.99804 0.288424
3.00293 0.281588
3.00782 0.275043
3.01271 0.269051
3.0176 0.263781
3.02248 0.258996
3.02737 0.254273
3.03226 0.250012
3.03715 0.2462
3.04203 0.242566
3.04692 0.238872
3.05181 0.235811
3.0567 0.233246
3.06158 0.230352
3.06647 0.2275
3.07136 0.225127
3.07625 0.222686
3.08113 0.220266
3.08602 0.218237
3.09091 0.216196
3.0958 0.214469
3.10068 0.212509
3.10557 0.210897
3.11046 0.209421
3.11535 0.207695
3.12023 0.206349
3.12512 0.205085
3.13001 0.203805
3.1349 0.202612
3.13978 0.201549
3.14467 0.200361
3.14956 0.199376
3.15445 0.19852
3.15934 0.197508
3.16422 0.196849
3.16911 0.196179
3.174 0.195479
3.17889 0.194789
3.18377 0.193923
3.18866 0.193327
3.19355 0.192903
3.19844 0.192713
3.20332 0.192354
3.20821 0.191796
3.2131 0.191435
3.21799 0.191063
3.22287 0.191255
3.22776 0.191192
3.23265 0.191211
3.23754 0.191057
3.24242 0.19106
3.24731 0.191365
3.2522 0.191421
3.25709 0.191407
3.26197 0.191648
3.26686 0.192276
3.27175 0.192807
3.27664 0.193188
3.28153 0.193854
3.28641 0.194558
3.2913 0.195491
3.29619 0.196342
3.30108 0.197334
3.30596 0.198463
3.31085 0.199616
3.31574 0.20107
3.32063 0.202573
3.32551 0.204562
3.3304 0.206618
3.33529 0.209158
3.34018 0.211532
3.34506 0.213993
3.34995 0.217324
3.35484 0.220951
3.35973 0.224975
3.36461 0.228984
3.3695 0.169474
3.37439 0.0205397
3.37928 0.000588181
3.38416 0.000126808
3.38905 4.60413e-05
3.39394 2.23696e-05
3.39883 1.27797e-05
3.40371 7.06852e-06
3.4086 4.04441e-06
3.41349 3.7356e-06
3.41838 1.83582e-06
3.42326 9.04403e-07
3.42815 1.12322e-06
3.43304 1.84351e-07
3.43793 8.61248e-07
3.44282 4.49848e-07
3.4477 -4.15988e-07
3.45259 -5.74316e-07
3.45748 1.39533e-07
3.46237 -2.36688e-07
3.46725 -1.37757e-06
3.47214 1.00685e-06
3.47703 2.11118e-06
3.48192 6.626e-07
3.4868 -2.38927e-07
3.49169 2.21483e-07
3.49658 1.45889e-06
3.50147 1.472e-06
3.50635 8.3158e-07
3.51124 5.43595e-07
3.51613 -1.06564e-06
3.52102 -6.9726e-07
3.5259 3.47309e-07
3.53079 4.94912e-07
3.53568 1.01018e-06
3.54057 1.1726e-06
3.54545 8.3158e-07
3.55034 7.96719e-07
3.55523 1.69311e-06
3.56012 1.13625e-07
3.56501 -9.89738e-07
3.56989 -5.98178e-07
3.57478 -6.80046e-07
3.57967 -9.54341e-07
3.58456 2.72906e-08
3.58944 1.02978e-06
3.59433 6.46549e-07
3.59922 -1.11202e-06
3.60411 1.23444e-06
3.60899 2.26436e-07
3.61388 1.31502e-06
3.61877 -8.69447e-07
3.62366 6.37666e-07
3.62854 5.51618e-07
3.63343 -1.12376e-06
3.63832 -6.77341e-07
3.64321 -8.91358e-07
3.64809 -5.10938e-07
3.65298 -2.49579e-07
3.65787 2.3499e-07
3.66276 1.15758e-06
3.66764 -2.18041e-07
3.67253 1.82745e-06
3.67742 1.45309e-06
3.68231 -2.30635e-08
3.68719 1.33849e-06
3.69208 1.18344e-06
3.69697 -5.4121e-07
3.70186 5.91657e-07
3.70674 2.86995e-07
3.71163 4.73659e-07
3.71652 -2.30833e-07
3.72141 -1.22556e-06
3.7263 -2.13592e-06
3.73118 -2.47816e-06
3.73607 -4.56999e-07
3.74096 -7.49858e-07
3.74585 -8.21239e-07
3.75073 3.73603e-07
3.75562 1.55923e-06
3.76051 -2.88814e-07
3.7654 -1.23781e-06
3.77028 8.52758e-08
3.77517 -6.02353e-07
3.78006 -8.44522e-07
3.78495 6.02737e-07
3.78983 7.10332e-08
3.79472 1.19202e-06
3.79961 -9.35389e-07
3.8045 -5.26526e-07
3.80938 4.99079e-07
3.81427 -1.23027e-06
3.81916 -1.80876e-06
3.82405 -1.22705e-06
3.82893 1.81661e-06
3.83382 -6.578e-08
3.83871 -2.20172e-06
3.8436 2.43559e-07
3.84848 -4.71428e-07
3.85337 -9.64614e-08
3.85826 1.44985e-06
3.86315 -1.41184e-06
3.86804 -2.73267e-07
3.87292 -2.92075e-06
3.87781 -2.13848e-07
3.8827 -8.82144e-07
3.88759 -9.89904e-07
3.89247 1.80451e-06
3.89736 2.78361e-06
3.90225 6.79282e-07
3.90714 -6.60546e-07
3.91202 3.19929e-06
3.91691 3.03266e-07
3.9218 1.08888e-06
3.92669 -5.59733e-07
3.93157 1.15208e-06
3.93646 -9.27436e-08
3.94135 3.07265e-06
3.94624 3.35999e-06
3.95112 1.37779e-06
3.95601 -1.92142e-06
3.9609 4.92794e-06
3.96579 1.03548e-05
3.97067 -2.99608e-09
3.97556 -2.74479e-06
3.98045 1.98721e-05
3.98534 1.68678e-05
3.99022 6.12919e-05
3.99511 0.000629602
4 0
