-3 0.000229639 0
-2.9912 0.000236479 0
-2.9824 0.00024346 0
-2.97361 0.000250581 0
-2.96481 0.000257842 0
-2.95601 0.000265245 0
-2.94721 0.000272788 0
-2.93842 0.000280475 0
-2.92962 0.000288307 0
-2.92082 0.000296289 0
-2.91202 0.000304424 0
-2.90323 0.000312717 0
-2.89443 0.000321174 0
-2.88563 0.000329801 0
-2.87683 0.000338604 0
-2.86804 0.000347593 0
-2.85924 0.000356772 0
-2.85044 0.000366148 0
-2.84164 0.000375733 0
-2.83284 0.000385529 0
-2.82405 0.000395547 0
-2.81525 0.000405791 0
-2.80645 0.000416269 0
-2.79765 0.000426992 0
-2.78886 0.000437966 0
-2.78006 0.000449195 0
-2.77126 0.000460688 0
-2.76246 0.000472456 0
-2.75367 0.000484505 0
-2.74487 0.000496845 0
-2.73607 0.000509489 0
-2.72727 0.000522446 0
-2.71848 0.000535729 0
-2.70968 0.000549354 0
-2.70088 0.000563333 0
-2.69208 0.000577684 0
-2.68328 0.000592427 0
-2.67449 0.000607585 0
-2.66569 0.000623179 0
-2.65689 0.000639234 0
-2.64809 0.000655783 0
-2.6393 0.000672854 0
-2.6305 0.000690488 0
-2.6217 0.000708725 0
-2.6129 0.000727613 0
-2.60411 0.000747204 0
-2.59531 0.00076756 0
-2.58651 0.000788755 0
-2.57771 0.000810872 0
-2.56891 0.000834004 0
-2.56012 0.00085826 0
-2.55132 0.000883775 0
-2.54252 0.000910705 0
-2.53372 0.000939226 0
-2.52493 0.000969545 0
-2.51613 0.00100192 0
-2.50733 0.00103663 0
-2.49853 0.00107402 0
-2.48974 0.00111451 0
-2.48094 0.00115857 0
-2.47214 0.00120676 0
-2.46334 0.00125978 0
-2.45455 0.0013184 0
-2.44575 0.00138357 0
-2.43695 0.00145642 0
-2.42815 0.00153826 0
-2.41935 0.00163069 0
-2.41056 0.00173556 0
-2.40176 0.0018551 0
-2.39296 0.00199196 0
-2.38416 0.00214928 0
-2.37537 0.0023308 0
-2.36657 0.00254094 0
-2.35777 0.00278502 0
-2.34897 0.00306932 0
-2.34018 0.00340134 0
-2.33138 0.00378999 0
-2.32258 0.00424591 0
-2.31378 0.00478172 0
-2.30499 0.0054125 0
-2.29619 0.00615616 0
-2.28739 0.00703407 0
-2.27859 0.00807172 0
-2.26979 0.00929931 0
-2.261 0.010753 0
-2.2522 0.0124757 0
-2.2434 0.0145186 0
-2.2346 0.0169428 0
-2.22581 0.0198207 0
-2.21701 0.0232387 0
-2.20821 0.0272997 0
-2.19941 0.0321261 0
-2.19062 0.0378639 0
-2.18182 0.0446857 0
-2.17302 0.0527983 0
-2.16422 0.062446 0
-2.15543 0.0739199 0
-2.14663 0.0875661 0
-2.13783 0.103793 0
-2.12903 0.123089 0
-2.12023 0.146026 0
-2.11144 0.173286 0
-2.10264 0.205673 0
-2.09384 0.244133 0
-2.08504 0.289781 0
-2.07625 0.34392 0
-2.06745 0.408082 0
-2.05865 0.484047 0
-2.04985 0.573889 0
-2.04106 0.679987 0
-2.03226 0.805096 0
-2.02346 0.952333 0
-2.01466 1.12524 0
-2.00587 1.32779 0
-1.99707 1.56436 0
-1.98827 1.83976 0
-1.97947 2.15912 0
-1.97067 2.5279 0
-1.96188 2.95171 0
-1.95308 3.43616 0
-1.94428 3.98674 0
-1.93548 4.60846 0
-1.92669 5.30578 0
-1.91789 6.08232 0
-1.90909 6.94049 0
-1.90029 7.8816 0
-1.8915 8.90548 0
-1.8827 10.0106 0
-1.8739 11.1941 0
-1.8651 12.4518 0
-1.8563 13.7787 0
-1.84751 15.1687 0
-1.83871 16.6152 0
-1.82991 18.1113 0
-1.82111 19.65 0
-1.81232 21.2245 0
-1.80352 22.8278 0
-1.79472 24.4538 0
-1.78592 26.0966 0
-1.77713 27.7506 0
-1.76833 29.4108 0
-1.75953 31.0727 0
-1.75073 32.7326 0
-1.74194 34.3866 0
-1.73314 36.0317 0
-1.72434 37.6649 0
-1.71554 39.2838 0
-1.70674 40.8862 0
-1.69795 42.4704 0
-1.68915 44.0349 0
-1.68035 45.5774 0
-1.67155 47.0975 0
-1.66276 48.5937 0
-1.65396 50.0652 0
-1.64516 51.5113 0
-1.63636 52.931 0
-1.62757 54.3239 0
-1.61877 55.6895 0
-1.60997 57.0277 0
-1.60117 58.3376 0
-1.59238 59.619 0
-1.58358 60.8717 0
-1.57478 62.0956 0
-1.56598 63.2902 0
-1.55718 64.4554 0
-1.54839 65.5911 0
-1.53959 66.6973 0
-1.53079 67.7734 0
-1.52199 68.8197 0
-1.5132 69.836 0
-1.5044 70.8223 0
-1.4956 71.7786 0
-1.4868 72.7049 0
-1.47801 73.6017 0
-1.46921 74.4688 0
-1.46041 75.3069 0
-1.45161 76.1163 0
-1.44282 76.8975 0
-1.43402 77.6512 0
-1.42522 78.378 0
-1.41642 79.0787 0
-1.40762 79.7543 0
-1.39883 80.4058 0
-1.39003 81.0344 0
-1.38123 81.6411 0
-1.37243 82.2267 0
-1.36364 82.7927 0
-1.35484 83.3396 0
-1.34604 83.8685 0
-1.33724 84.3791 0
-1.32845 84.8717 0
-1.31965 85.3456 0
-1.31085 85.7992 0
-1.30205 86.2306 0
-1.29326 86.6368 0
-1.28446 87.0143 0
-1.27566 87.3584 0
-1.26686 87.664 0
-1.25806 87.925 0
-1.24927 88.135 0
-1.24047 88.2877 0
-1.23167 88.3762 0
-1.22287 88.3937 0
-1.21408 88.3342 0
-1.20528 88.1925 0
-1.19648 87.9643 0
-1.18768 87.647 0
-1.17889 87.239 0
-1.17009 86.7428 0
-1.16129 86.1612 0
-1.15249 85.5019 0
-1.14369 84.7739 0
-1.1349 83.9908 0
-1.1261 83.1677 0
-1.1173 82.322 0
-1.1085 81.4732 0
-1.09971 80.6415 0
-1.09091 79.8467 0
-1.08211 79.1077 0
-1.07331 78.4413 0
-1.06452 77.8617 0
-1.05572 77.3793 0
-1.04692 77.0022 0
-1.03812 76.7345 0
-1.02933 76.5771 0
-1.02053 76.5285 0
-1.01173 76.5843 0
-1.00293 76.7391 0
-0.994135 76.9853 0
-0.985337 77.3161 0
-0.97654 77.7226 0
-0.967742 78.1965 0
-0.958944 78.7297 0
-0.950147 79.3152 0
-0.941349 79.9453 0
-0.932551 80.614 0
-0.923754 81.3147 0
-0.914956 82.0425 0
-0.906158 82.7927 0
-0.897361 83.5609 0
-0.888563 84.3436 0
-0.879765 85.1366 0
-0.870968 85.9384 0
-0.86217 86.7456 0
-0.853372 87.5564 0
-0.844575 88.3681 0
-0.835777 89.1802 0
-0.82698 89.9905 0
-0.818182 90.7983 0
-0.809384 91.6021 0
-0.800587 92.4011 0
-0.791789 93.195 0
-0.782991 93.9824 0
-0.774194 94.7635 0
-0.765396 95.5382 0
-0.756598 96.3046 0
-0.747801 97.0631 0
-0.739003 97.8129 0
-0.730205 98.5536 0
-0.721408 99.2845 0
-0.71261 100.006 0
-0.703812 100.716 0
-0.695015 101.416 0
-0.686217 102.104 0
-0.677419 102.78 0
-0.668622 103.443 0
-0.659824 104.094 0
-0.651026 104.732 0
-0.642229 105.356 0
-0.633431 105.967 0
-0.624633 106.563 0
-0.615836 107.145 0
-0.607038 107.713 0
-0.59824 108.266 0
-0.589443 108.804 0
-0.580645 109.326 0
-0.571847 109.832 0
-0.56305 110.323 0
-0.554252 110.797 0
-0.545455 111.255 0
-0.536657 111.696 0
-0.527859 112.12 0
-0.519062 112.527 0
-0.510264 112.916 0
-0.501466 113.289 0
-0.492669 113.644 0
-0.483871 113.983 0
-0.475073 114.305 0
-0.466276 114.611 0
-0.457478 114.901 0
-0.44868 115.175 0
-0.439883 115.435 0
-0.431085 115.679 0
-0.422287 115.91 0
-0.41349 116.127 0
-0.404692 116.332 0
-0.395894 116.524 0
-0.387097 116.704 0
-0.378299 116.874 0
-0.369502 117.031 0
-0.360704 117.179 0
-0.351906 117.316 0
-0.343108 117.444 0
-0.334311 117.562 0
-0.325513 117.671 0
-0.316716 117.771 0
-0.307918 117.862 0
-0.29912 117.945 0
-0.290323 118.02 0
-0.281525 118.087 0
-0.272727 118.148 0
-0.26393 118.201 0
-0.255132 118.248 0
-0.246334 118.289 0
-0.237537 118.324 0
-0.228739 118.353 0
-0.219941 118.377 0
-0.211144 118.396 0
-0.202346 118.41 0
-0.193548 118.419 0
-0.184751 118.423 0
-0.175953 118.422 0
-0.167156 118.416 0
-0.158358 118.406 0
-0.14956 118.39 0
-0.140763 118.369 0
-0.131965 118.343 0
-0.123167 118.311 0
-0.11437 118.273 0
-0.105572 118.23 0
-0.0967743 118.179 0
-0.0879765 118.121 0
-0.0791789 118.054 0
-0.0703814 117.979 0
-0.0615835 117.893 0
-0.052786 117.796 0
-0.0439882 117.685 0
-0.0351906 117.558 0
-0.0263931 117.415 0
-0.0175953 117.251 0
-0.00879773 117.064 0
1.19209e-07 116.852 0
0.00879765 116.609 0
0.0175952 116.334 0
0.026393 116.023 0
0.0351906 115.67 0
0.0439881 115.272 0
0.0527859 114.826 0
0.0615835 114.328 0
0.0703813 113.775 0
0.0791788 113.166 0
0.0879764 112.497 0
0.0967742 111.769 0
0.105572 110.982 0
0.11437 110.137 0
0.123167 109.236 0
0.131965 108.284 0
0.140763 107.282 0
0.14956 106.236 0
0.158358 105.15 0
0.167155 104.029 0
0.175953 102.878 0
0.184751 101.703 0
0.193548 100.509 0
0.202346 99.2999 0
0.211144 98.0818 0
0.219941 96.8587 0
0.228739 95.635 0
0.237537 94.4159 0
0.246334 93.2044 0
0.255132 92.0048 0
0.26393 90.8206 0
0.272727 89.6547 0
0.281525 88.5094 0
0.290322 87.387 0
0.29912 86.2881 0
0.307918 85.2145 0
0.316716 84.1651 0
0.325513 83.1397 0
0.334311 82.1367 0
0.343109 81.1546 0
0.351906 80.1908 0
0.360704 79.2432 0
0.369501 78.3088 0
0.378299 77.3849 0
0.387097 76.4687 0
0.395894 75.5577 0
0.404692 74.649 0
0.41349 73.7402 0
0.422287 72.8296 0
0.431085 71.9145 0
0.439883 70.9934 0
0.44868 70.0648 0
0.457478 69.1269 0
0.466276 68.1784 0
0.475073 67.2184 0
0.483871 66.2455 0
0.492668 65.259 0
0.501466 64.2576 0
0.510264 63.2409 0
0.519061 62.2083 0
0.527859 61.1591 0
0.536657 60.0927 0
0.545455 59.0087 0
0.554252 57.9068 0
0.56305 56.7868 0
0.571848 55.6479 0
0.580645 54.4903 0
0.589443 53.3137 0
0.59824 52.118 0
0.607038 50.9034 0
0.615836 49.6696 0
0.624633 48.4166 0
0.633431 47.1444 0
0.642229 45.8539 0
0.651026 44.5449 0
0.659824 43.2175 0
0.668622 41.8725 0
0.677419 40.5104 0
0.686217 39.1318 0
0.695015 37.7376 0
0.703812 36.3289 0
0.71261 34.9067 0
0.721407 33.4729 0
0.730205 32.0287 0
0.739003 30.5758 0
0.747801 29.1169 0
0.756598 27.6542 0
0.765396 26.1908 0
0.774194 24.7295 0
0.782991 23.2744 0
0.791789 21.8292 0
0.800586 20.3987 0
0.809384 18.9876 0
0.818182 17.601 0
0.826979 16.2449 0
0.835777 14.9248 0
0.844575 13.6469 0
0.853372 12.4171 0
0.86217 11.2409 0
0.870968 10.1238 0
0.879765 9.07039 0
0.888563 8.0844 0
0.897361 7.16879 0
0.906158 6.32505 0
0.914956 5.55361 0
0.923753 4.85394 0
0.932551 4.22412 0
0.941349 3.6612 0
0.950147 3.16168 0
0.958944 2.72126 0
0.967742 2.33524 0
0.97654 1.99886 0
0.985337 1.70722 0
0.994135 1.45549 0
1.00293 1.23918 0
1.01173 1.0541 0
1.02053 0.896084 0
1.02933 0.761915 0
1.03812 0.648297 0
1.04692 0.552442 0
1.05572 0.471978 0
1.06452 0.404747 0
1.07331 0.348881 0
1.08211 0.30297 0
1.09091 0.265655 0
1.09971 0.235951 0
1.1085 0.212925 0
1.1173 0.195924 0
1.1261 0.184452 0
1.1349 0.178123 0
1.14369 0.176605 0
1.15249 0.1799 0
1.16129 0.187836 0
1.17009 0.200554 0
1.17889 0.218203 0
1.18768 0.24093 0
1.19648 0.269066 0
1.20528 0.302841 0
1.21408 0.342599 0
1.22287 0.388642 0
1.23167 0.441207 0
1.24047 0.500569 0
1.24927 0.566849 0
1.25806 0.640104 0
1.26686 0.720357 0
1.27566 0.807395 0
1.28446 0.90102 0
1.29326 1.0009 0
1.30205 1.1066 0
1.31085 1.21764 0
1.31965 1.33347 0
1.32845 1.45344 0
1.33724 1.57704 0
1.34604 1.70359 0
1.35484 1.83253 0
1.36364 1.96324 0
1.37243 2.09517 0
1.38123 2.22776 0
1.39003 2.36048 0
1.39883 2.49286 0
1.40762 2.62443 0
1.41642 2.75477 0
1.42522 2.88349 0
1.43402 3.01017 0
1.44282 3.13449 0
1.45161 3.25614 0
1.46041 3.37477 0
1.46921 3.49013 0
1.47801 3.60193 0
1.4868 3.70996 0
1.4956 3.81395 0
1.5044 3.91372 0
1.5132 4.00907 0
1.52199 4.09982 0
1.53079 4.18581 0
1.53959 4.26693 0
1.54839 4.34306 0
1.55718 4.41409 0
1.56598 4.47994 0
1.57478 4.54054 0
1.58358 4.59587 0
1.59238 4.64594 0
1.60117 4.69071 0
1.60997 4.73021 0
1.61877 4.7645 0
1.62757 4.79362 0
1.63636 4.81767 0
1.64516 4.83672 0
1.65396 4.8509 0
1.66276 4.86032 0
1.67155 4.8651 0
1.68035 4.8654 0
1.68915 4.86137 0
1.69795 4.85317 0
1.70674 4.84098 0
1.71554 4.82496 0
1.72434 4.80529 0
1.73314 4.78215 0
1.74194 4.75569 0
1.75073 4.72612 0
1.75953 4.69362 0
1.76833 4.65834 0
1.77713 4.62049 0
1.78592 4.58024 0
1.79472 4.53773 0
1.80352 4.4932 0
1.81232 4.44676 0
1.82111 4.39863 0
1.82991 4.34898 0
1.83871 4.29796 0
1.84751 4.24571 0
1.85631 4.1924 0
1.8651 4.13815 0
1.8739 4.08312 0
1.8827 4.02744 0
1.8915 3.97121 0
1.90029 3.91455 0
1.90909 3.85756 0
1.91789 3.80032 0
1.92669 3.74297 0
1.93548 3.68554 0
1.94428 3.62814 0
1.95308 3.57083 0
1.96188 3.51366 0
1.97067 3.45672 0
1.97947 3.40008 0
1.98827 3.34373 0
1.99707 3.28776 0
2.00587 3.23217 0
2.01466 3.17705 0
2.02346 3.12238 0
2.03226 3.06821 0
2.04106 3.01459 0
2.04985 2.96154 0
2.05865 2.90903 0
2.06745 2.85714 0
2.07625 2.80584 0
2.08504 2.75519 0
2.09384 2.70518 0
2.10264 2.65584 0
2.11144 2.60715 0
2.12023 2.55914 0
2.12903 2.51178 0
2.13783 2.46511 0
2.14663 2.41909 0
2.15543 2.37372 0
2.16422 2.32899 0
2.17302 2.28491 0
2.18182 2.24146 0
2.19062 2.19863 0
2.19941 2.15641 0
2.20821 2.11479 0
2.21701 2.07376 0
2.22581 2.03333 0
2.2346 1.99346 0
2.2434 1.95415 0
2.2522 1.91539 0
2.261 1.87716 0
2.26979 1.83945 0
2.27859 1.80226 0
2.28739 1.76555 0
2.29619 1.72932 0
2.30499 1.69356 0
2.31378 1.65825 0
2.32258 1.62339 0
2.33138 1.58897 0
2.34018 1.55499 0
2.34897 1.52142 0
2.35777 1.48827 0
2.36657 1.45553 0
2.37537 1.42318 0
2.38416 1.39122 0
2.39296 1.35964 0
2.40176 1.32844 0
2.41056 1.29761 0
2.41935 1.26712 0
2.42815 1.23699 0
2.43695 1.20718 0
2.44575 1.17771 0
2.45455 1.14854 0
2.46334 1.11968 0
2.47214 1.09112 0
2.48094 1.06283 0
2.48974 1.0348 0
2.49853 1.00705 0
2.50733 0.979526 0
2.51613 0.952248 0
2.52493 0.925201 0
2.53372 0.898369 0
2.54252 0.871749 0
2.55132 0.845344 0
2.56012 0.819142 0
2.56891 0.793155 0
2.57771 0.767378 0
2.58651 0.741819 0
2.59531 0.71649 0
2.60411 0.691394 0
2.6129 0.666533 0
2.6217 0.641918 0
2.6305 0.617557 0
2.6393 0.593455 0
2.64809 0.569619 0
2.65689 0.54606 0
2.66569 0.522777 0
2.67449 0.499787 0
2.68328 0.477098 0
2.69208 0.454721 0
2.70088 0.432668 0
2.70968 0.410954 0
2.71847 0.389588 0
2.72727 0.368585 0
2.73607 0.347966 0
2.74487 0.327744 0
2.75367 0.307934 0
2.76246 0.288558 0
2.77126 0.269637 0
2.78006 0.251193 0
2.78886 0.23325 0
2.79765 0.21584 0
2.80645 0.19899 0
2.81525 0.182738 0
2.82405 0.167117 0
2.83284 0.152173 0
2.84164 0.137947 0
2.85044 0.124493 0
2.85924 0.111865 0
2.86804 0.100124 0
2.87683 0.0893414 0
2.88563 0.0795948 0
2.89443 0.0709689 0
2.90323 0.0635598 0
2.91202 0.0574702 0
2.92082 0.0528134 0
2.92962 0.0497095 0
2.93842 0.0482848 0
2.94721 0.0486718 0
2.95601 0.0510139 0
2.96481 0.0554564 0
2.97361 0.0621512 0
2.9824 0.0712608 0
2.9912 0.0829508 0
3 0.0973927 0
3.0088 0.114765 0
3.0176 0.135253 0
3.02639 0.159054 0
3.03519 0.186368 0
3.04399 0.217401 0
3.05279 0.252361 0
3.06158 0.291461 0
3.07038 0.33491 0
3.07918 0.382911 0
3.08798 0.435653 0
3.09677 0.493316 0
3.10557 0.556032 0
3.11437 0.623913 0
3.12317 0.697025 0
3.13196 0.775372 0
3.14076 0.858886 0
3.14956 0.947417 0
3.15836 1.04073 0
3.16716 1.13848 0
3.17595 1.24021 0
3.18475 1.34537 0
3.19355 1.45326 0
3.20235 1.56311 0
3.21114 1.67404 0
3.21994 1.78513 0
3.22874 1.8954 0
3.23754 2.00382 0
3.24633 2.10945 0
3.25513 2.21134 0
3.26393 2.30865 0
3.27273 2.40062 0
3.28152 2.48662 0
3.29032 2.5661 0
3.29912 2.63871 0
3.30792 2.70414 0
3.31672 2.76226 0
3.32551 2.81297 0
3.33431 2.85636 0
3.34311 2.89252 0
3.35191 2.9216 0
3.3607 2.94384 0
3.3695 2.95951 0
3.3783 2.96891 0
3.3871 2.97234 0
3.39589 2.97015 0
3.40469 2.96265 0
3.41349 2.95019 0
3.42229 2.93309 0
3.43108 2.91168 0
3.43988 2.88626 0
3.44868 2.85713 0
3.45748 2.82458 0
3.46628 2.78889 0
3.47507 2.75029 0
3.48387 2.70902 0
3.49267 2.66534 0
3.50147 2.61942 0
3.51026 2.57149 0
3.51906 2.52171 0
3.52786 2.47025 0
3.53666 2.41728 0
3.54545 2.36292 0
3.55425 2.30732 0
3.56305 2.25059 0
3.57185 2.19285 0
3.58064 2.13422 0
3.58944 2.07474 0
3.59824 2.01453 0
3.60704 1.95366 0
3.61584 1.89218 0
3.62463 1.83017 0
3.63343 1.76766 0
3.64223 1.70471 0
3.65103 1.64137 0
3.65982 1.57767 0
3.66862 1.51365 0
3.67742 1.44935 0
3.68622 1.38479 0
3.69501 1.32002 0
3.70381 1.25506 0
3.71261 1.18996 0
3.72141 1.12473 0
3.73021 1.05942 0
3.739 0.994037 0
3.7478 0.928606 0
3.7566 0.863155 0
3.7654 0.797692 0
3.77419 0.732233 0
3.78299 0.666793 0
3.79179 0.601378 0
3.80059 0.536003 0
3.80938 0.470665 0
3.81818 0.405391 0
3.82698 0.340171 0
3.83578 0.275024 0
3.84457 0.209957 0
3.85337 0.144977 0
3.86217 0.0800944 0
3.87097 0.0153283 0
3.87977 -0.0493158 0
3.88856 -0.113831 0
3.89736 -0.178214 0
3.90616 -0.242461 0
3.91496 -0.306565 0
3.92375 -0.370521 0
3.93255 -0.434332 0
3.94135 -0.498011 0
3.95015 -0.561562 0
3.95894 -0.624977 0
3.96774 -0.688273 0
3.97654 -0.751457 0
3.98534 -0.81452 0
3.99413 -0.877468 0
4.00293 -0.940296 0
4.01173 -1.003 0
4.02053 -1.06557 0
4.02933 -1.128 0
4.03812 -1.19028 0
4.04692 -1.25239 0
4.05572 -1.31433 0
4.06452 -1.37608 0
4.07331 -1.43765 0
4.08211 -1.49902 0
4.09091 -1.56019 0
4.09971 -1.62114 0
4.1085 -1.6819 0
4.1173 -1.74244 0
4.1261 -1.80276 0
4.1349 -1.86287 0
4.14369 -1.92276 0
4.15249 -1.98243 0
4.16129 -2.04187 0
4.17009 -2.1011 0
4.17889 -2.16009 0
4.18768 -2.21884 0
4.19648 -2.27734 0
4.20528 -2.33558 0
4.21408 -2.39355 0
4.22287 -2.45124 0
4.23167 -2.50862 0
4.24047 -2.56569 0
4.24927 -2.62242 0
4.25806 -2.6788 0
4.26686 -2.73482 0
4.27566 -2.79045 0
4.28446 -2.84567 0
4.29325 -2.90047 0
4.30205 -2.95483 0
4.31085 -3.00875 0
4.31965 -3.06219 0
4.32845 -3.11514 0
4.33724 -3.16757 0
4.34604 -3.21945 0
4.35484 -3.27077 0
4.36364 -3.32154 0
4.37243 -3.3717 0
4.38123 -3.42122 0
4.39003 -3.47007 0
4.39883 -3.51822 0
4.40762 -3.56563 0
4.41642 -3.61231 0
4.42522 -3.65819 0
4.43402 -3.70323 0
4.44281 -3.74744 0
4.45161 -3.79078 0
4.46041 -3.8332 0
4.46921 -3.87467 0
4.47801 -3.91516 0
4.4868 -3.95467 0
4.4956 -3.99309 0
4.5044 -4.03043 0
4.5132 -4.06664 0
4.52199 -4.10167 0
4.53079 -4.13549 0
4.53959 -4.16805 0
4.54839 -4.19929 0
4.55718 -4.2292 0
4.56598 -4.2577 0
4.57478 -4.28475 0
4.58358 -4.3103 0
4.59238 -4.33431 0
4.60117 -4.35672 0
4.60997 -4.37748 0
4.61877 -4.39651 0
4.62757 -4.41381 0
4.63636 -4.42926 0
4.64516 -4.44285 0
4.65396 -4.45449 0
4.66276 -4.46415 0
4.67155 -4.47177 0
4.68035 -4.47729 0
4.68915 -4.48064 0
4.69795 -4.48178 0
4.70674 -4.48066 0
4.71554 -4.47719 0
4.72434 -4.47137 0
4.73314 -4.46309 0
4.74194 -4.4523 0
4.75073 -4.43898 0
4.75953 -4.42305 0
4.76833 -4.40447 0
4.77713 -4.38319 0
4.78592 -4.35916 0
4.79472 -4.33233 0
4.80352 -4.30268 0
4.81232 -4.27015 0
4.82111 -4.23473 0
4.82991 -4.1964 0
4.83871 -4.15512 0
4.84751 -4.1109 0
4.85631 -4.0637 0
4.8651 -4.01355 0
4.8739 -3.96043 0
4.8827 -3.90433 0
4.8915 -3.84527 0
4.90029 -3.78328 0
4.90909 -3.71836 0
4.91789 -3.65052 0
4.92669 -3.57982 0
4.93548 -3.50629 0
4.94428 -3.42996 0
4.95308 -3.35088 0
4.96188 -3.2691 0
4.97067 -3.1847 0
4.97947 -3.09777 0
4.98827 -3.00837 0
4.99707 -2.91661 0
5.00587 -2.82261 0
5.01466 -2.72648 0
5.02346 -2.62839 0
5.03226 -2.52848 0
5.04106 -2.42694 0
5.04985 -2.32396 0
5.05865 -2.21977 0
5.06745 -2.11459 0
5.07625 -2.0087 0
5.08504 -1.90235 0
5.09384 -1.7959 0
5.10264 -1.68965 0
5.11144 -1.58398 0
5.12023 -1.47928 0
5.12903 -1.37594 0
5.13783 -1.27443 0
5.14663 -1.17517 0
5.15543 -1.07862 0
5.16422 -0.985258 0
5.17302 -0.895503 0
5.18182 -0.809798 0
5.19062 -0.728503 0
5.19941 -0.65197 0
5.20821 -0.580442 0
5.21701 -0.514106 0
5.22581 -0.453075 0
5.2346 -0.397355 0
5.2434 -0.346871 0
5.2522 -0.301477 0
5.261 -0.260949 0
5.26979 -0.225017 0
5.27859 -0.193355 0
5.28739 -0.165625 0
5.29619 -0.141468 0
5.30499 -0.120525 0
5.31378 -0.102452 0
5.32258 -0.0869125 0
5.33138 -0.0735967 0
5.34018 -0.0622276 0
5.34897 -0.0525363 0
5.35777 -0.0442948 0
5.36657 -0.0373106 0
5.37537 -0.0313889 0
5.38416 -0.0263856 0
5.39296 -0.0221582 0
5.40176 -0.0185917 0
5.41056 -0.0155829 0
5.41935 -0.0130503 0
5.42815 -0.0109162 0
5.43695 -0.00912377 0
5.44575 -0.00761129 0
5.45455 -0.00634115 0
5.46334 -0.00527331 0
5.47214 -0.00437922 0
5.48094 -0.00362602 0
5.48974 -0.00299166 0
5.49853 -0.0024619 0
5.50733 -0.00201323 0
5.51613 -0.00163977 0
5.52493 -0.00132322 0
5.53372 -0.00105972 0
5.54252 -0.000836996 0
5.55132 -0.000651064 0
5.56012 -0.000493582 0
5.56891 -0.000362856 0
5.57771 -0.000250947 0
5.58651 -0.000160643 0
5.59531 -8.25692e-05 0
5.60411 -1.64991e-05 0
5.6129 4.03828e-05 0
5.6217 8.52544e-05 0
5.6305 0.000122998 0
5.6393 0.000156472 0
5.64809 0.000184435 0
5.65689 0.000205889 0
5.66569 0.000225095 0
5.67449 0.000241803 0
5.68328 0.000253459 0
5.69208 0.0002648 0
5.70088 0.000275256 0
5.70968 0.000283707 0
5.71848 0.000290773 0
5.72727 0.00029675 0
5.73607 0.000301371 0
5.74487 0.000305238 0
5.75367 0.00030801 0
5.76246 0.000310445 0
5.77126 0.000312142 0
5.78006 0.000313647 0
5.78886 0.000315162 0
5.79765 0.000316329 0
5.80645 0.000316792 0
5.81525 0.00031712 0
5.82405 0.000317123 0
5.83284 0.000316992 0
5.84164 0.000316881 0
5.85044 0.000316939 0
5.85924 0.000316705 0
5.86804 0.00031619 0
5.87683 0.000315981 0
5.88563 0.000315495 0
5.89443 0.000315306 0
5.90323 0.000314765 0
5.91202 0.000314135 0
5.92082 0.000313559 0
5.92962 0.000312914 0
5.93842 0.000312322 0
5.94721 0.000311654 0
5.95601 0.000310988 0
5.96481 0.000310323 0
5.97361 0.000309637 0
5.9824 0.000308967 0
5.9912 0.000308266 0
6 0.000307554 0
