-3 0.000215571 0
-2.9912 0.000221745 0
-2.9824 0.000228046 0
-2.97361 0.000234478 0
-2.96481 0.000241045 0
-2.95601 0.000247748 0
-2.94721 0.000254591 0
-2.93842 0.000261578 0
-2.92962 0.00026871 0
-2.92082 0.000275993 0
-2.91202 0.000283427 0
-2.90323 0.000291017 0
-2.89443 0.000298765 0
-2.88563 0.000306677 0
-2.87683 0.000314754 0
-2.86804 0.000323 0
-2.85924 0.000331421 0
-2.85044 0.000340019 0
-2.84164 0.0003488 0
-2.83284 0.00035777 0
-2.82405 0.000366933 0
-2.81525 0.000376294 0
-2.80645 0.000385859 0
-2.79765 0.000395633 0
-2.78886 0.000405623 0
-2.78006 0.000415838 0
-2.77126 0.000426283 0
-2.76246 0.000436965 0
-2.75367 0.000447896 0
-2.74487 0.000459083 0
-2.73607 0.000470541 0
-2.72727 0.000482276 0
-2.71848 0.000494306 0
-2.70968 0.000506641 0
-2.70088 0.0005193 0
-2.69208 0.000532295 0
-2.68328 0.000545648 0
-2.67449 0.000559378 0
-2.66569 0.000573509 0
-2.65689 0.000588064 0
-2.64809 0.000603073 0
-2.6393 0.000618567 0
-2.6305 0.000634582 0
-2.6217 0.000651162 0
-2.6129 0.000668347 0
-2.60411 0.000686198 0
-2.59531 0.000704774 0
-2.58651 0.000724145 0
-2.57771 0.000744395 0
-2.56891 0.000765619 0
-2.56012 0.000787926 0
-2.55132 0.000811446 0
-2.54252 0.00083633 0
-2.53372 0.000862756 0
-2.52493 0.000890932 0
-2.51613 0.000921096 0
-2.50733 0.000953545 0
-2.49853 0.000988608 0
-2.48974 0.00102669 0
-2.48094 0.00106827 0
-2.47214 0.0011139 0
-2.46334 0.00116424 0
-2.45455 0.00122008 0
-2.44575 0.00128236 0
-2.43695 0.00135216 0
-2.42815 0.00143081 0
-2.41935 0.00151987 0
-2.41056 0.00162119 0
-2.40176 0.00173695 0
-2.39296 0.00186979 0
-2.38416 0.00202281 0
-2.37537 0.00219971 0
-2.36657 0.0024049 0
-2.35777 0.0026436 0
-2.34897 0.00292206 0
-2.34018 0.00324771 0
-2.33138 0.00362937 0
-2.32258 0.00407758 0
-2.31378 0.00460484 0
-2.30499 0.00522612 0
-2.29619 0.00595911 0
-2.28739 0.00682502 0
-2.27859 0.0078491 0
-2.26979 0.00906127 0
-2.261 0.0104974 0
-2.2522 0.0121999 0
-2.2434 0.0142195 0
-2.2346 0.0166169 0
-2.22581 0.0194636 0
-2.21701 0.0228456 0
-2.20821 0.0268644 0
-2.19941 0.0316416 0
-2.19062 0.0373216 0
-2.18182 0.0440757 0
-2.17302 0.0521087 0
-2.16422 0.0616628 0
-2.15543 0.0730263 0
-2.14663 0.0865422 0
-2.13783 0.102616 0
-2.12903 0.121729 0
-2.12023 0.144451 0
-2.11144 0.171456 0
-2.10264 0.203543 0
-2.09384 0.241645 0
-2.08504 0.28687 0
-2.07625 0.340509 0
-2.06745 0.404078 0
-2.05865 0.479343 0
-2.04985 0.568355 0
-2.04106 0.673474 0
-2.03226 0.797425 0
-2.02346 0.943296 0
-2.01466 1.11459 0
-2.00587 1.31525 0
-1.99707 1.5496 0
-1.98827 1.82239 0
-1.97947 2.13871 0
-1.97067 2.50394 0
-1.96188 2.92363 0
-1.95308 3.40331 0
-1.94428 3.94838 0
-1.93548 4.56377 0
-1.92669 5.25385 0
-1.91789 6.02212 0
-1.90909 6.87095 0
-1.90029 7.80148 0
-1.8915 8.81343 0
-1.8827 9.90521 0
-1.8739 11.0739 0
-1.8651 12.3151 0
-1.8563 13.6237 0
-1.84751 14.9934 0
-1.83871 16.4177 0
-1.82991 17.8897 0
-1.82111 19.4019 0
-1.81232 20.9476 0
-1.80352 22.5194 0
-1.79472 24.1117 0
-1.78592 25.7179 0
-1.77713 27.3327 0
-1.76833 28.9507 0
-1.75953 30.5676 0
-1.75073 32.1791 0
-1.74194 33.7818 0
-1.73314 35.3723 0
-1.72434 36.9479 0
-1.71554 38.5061 0
-1.70674 40.0445 0
-1.69795 41.5616 0
-1.68915 43.0556 0
-1.68035 44.5253 0
-1.67155 45.9687 0
-1.66276 47.3856 0
-1.65396 48.7746 0
-1.64516 50.1352 0
-1.63636 51.4667 0
-1.62757 52.7681 0
-1.61877 54.039 0
-1.60997 55.2794 0
-1.60117 56.4886 0
-1.59238 57.6665 0
-1.58358 58.8126 0
-1.57478 59.9268 0
-1.56598 61.0093 0
-1.55718 62.0597 0
-1.54839 63.0784 0
-1.53959 64.0651 0
-1.53079 65.0201 0
-1.52199 65.9435 0
-1.5132 66.8354 0
-1.5044 67.6962 0
-1.4956 68.5257 0
-1.4868 69.3243 0
-1.47801 70.0925 0
-1.46921 70.8304 0
-1.46041 71.5387 0
-1.45161 72.2177 0
-1.44282 72.8682 0
-1.43402 73.4907 0
-1.42522 74.0859 0
-1.41642 74.6549 0
-1.40762 75.1988 0
-1.39883 75.7184 0
-1.39003 76.2152 0
-1.38123 76.6904 0
-1.37243 77.1451 0
-1.36364 77.5812 0
-1.35484 77.999 0
-1.34604 78.4004 0
-1.33724 78.7854 0
-1.32845 79.1546 0
-1.31965 79.5079 0
-1.31085 79.8446 0
-1.30205 80.1628 0
-1.29326 80.4605 0
-1.28446 80.7344 0
-1.27566 80.981 0
-1.26686 81.1957 0
-1.25806 81.3732 0
-1.24927 81.5084 0
-1.24047 81.5952 0
-1.23167 81.628 0
-1.22287 81.601 0
-1.21408 81.5094 0
-1.20528 81.3486 0
-1.19648 81.1151 0
-1.18768 80.8069 0
-1.17889 80.4244 0
-1.17009 79.9683 0
-1.16129 79.4433 0
-1.15249 78.8553 0
-1.14369 78.2136 0
-1.1349 77.5298 0
-1.1261 76.8178 0
-1.1173 76.0931 0
-1.1085 75.3733 0
-1.09971 74.6756 0
-1.09091 74.0177 0
-1.08211 73.4159 0
-1.07331 72.8845 0
-1.06452 72.4356 0
-1.05572 72.0783 0
-1.04692 71.819 0
-1.03812 71.6605 0
-1.02933 71.6032 0
-1.02053 71.6448 0
-1.01173 71.781 0
-1.00293 72.0061 0
-0.994135 72.3135 0
-0.985337 72.6956 0
-0.97654 73.1442 0
-0.967742 73.6519 0
-0.958944 74.2112 0
-0.950147 74.8151 0
-0.941349 75.4569 0
-0.932551 76.1305 0
-0.923754 76.8304 0
-0.914956 77.5521 0
-0.906158 78.2909 0
-0.897361 79.0438 0
-0.888563 79.8066 0
-0.879765 80.5767 0
-0.870968 81.352 0
-0.86217 82.1299 0
-0.853372 82.9086 0
-0.844575 83.6863 0
-0.835777 84.4623 0
-0.82698 85.2346 0
-0.818182 86.0026 0
-0.809384 86.7655 0
-0.800587 87.5224 0
-0.791789 88.273 0
-0.782991 89.0163 0
-0.774194 89.7525 0
-0.765396 90.4807 0
-0.756598 91.2014 0
-0.747801 91.9137 0
-0.739003 92.6166 0
-0.730205 93.3105 0
-0.721408 93.9944 0
-0.71261 94.6681 0
-0.703812 95.3315 0
-0.695015 95.9837 0
-0.686217 96.6239 0
-0.677419 97.2526 0
-0.668622 97.8686 0
-0.659824 98.4715 0
-0.651026 99.0606 0
-0.642229 99.6372 0
-0.633431 100.199 0
-0.624633 100.748 0
-0.615836 101.282 0
-0.607038 101.8 0
-0.59824 102.305 0
-0.589443 102.794 0
-0.580645 103.267 0
-0.571847 103.725 0
-0.56305 104.167 0
-0.554252 104.592 0
-0.545455 105.002 0
-0.536657 105.394 0
-0.527859 105.77 0
-0.519062 106.13 0
-0.510264 106.473 0
-0.501466 106.799 0
-0.492669 107.109 0
-0.483871 107.403 0
-0.475073 107.681 0
-0.466276 107.944 0
-0.457478 108.191 0
-0.44868 108.424 0
-0.439883 108.642 0
-0.431085 108.847 0
-0.422287 109.038 0
-0.41349 109.216 0
-0.404692 109.382 0
-0.395894 109.536 0
-0.387097 109.679 0
-0.378299 109.81 0
-0.369502 109.932 0
-0.360704 110.043 0
-0.351906 110.145 0
-0.343108 110.238 0
-0.334311 110.322 0
-0.325513 110.398 0
-0.316716 110.467 0
-0.307918 110.528 0
-0.29912 110.582 0
-0.290323 110.63 0
-0.281525 110.671 0
-0.272727 110.706 0
-0.26393 110.735 0
-0.255132 110.759 0
-0.246334 110.777 0
-0.237537 110.79 0
-0.228739 110.797 0
-0.219941 110.801 0
-0.211144 110.799 0
-0.202346 110.794 0
-0.193548 110.784 0
-0.184751 110.77 0
-0.175953 110.753 0
-0.167156 110.732 0
-0.158358 110.708 0
-0.14956 110.68 0
-0.140763 110.649 0
-0.131965 110.614 0
-0.123167 110.576 0
-0.11437 110.534 0
-0.105572 110.486 0
-0.0967743 110.435 0
-0.0879765 110.378 0
-0.0791789 110.314 0
-0.0703814 110.244 0
-0.0615835 110.165 0
-0.052786 110.077 0
-0.0439882 109.977 0
-0.0351906 109.864 0
-0.0263931 109.736 0
-0.0175953 109.591 0
-0.00879773 109.425 0
1.19209e-07 109.236 0
0.00879765 109.02 0
0.0175952 108.773 0
0.026393 108.493 0
0.0351906 108.175 0
0.0439881 107.815 0
0.0527859 107.41 0
0.0615835 106.955 0
0.0703813 106.449 0
0.0791788 105.889 0
0.0879764 105.273 0
0.0967742 104.6 0
0.105572 103.872 0
0.11437 103.089 0
0.123167 102.254 0
0.131965 101.37 0
0.140763 100.441 0
0.14956 99.471 0
0.158358 98.4647 0
0.167155 97.4273 0
0.175953 96.3636 0
0.184751 95.2791 0
0.193548 94.1778 0
0.202346 93.0658 0
0.211144 91.9468 0
0.219941 90.8257 0
0.228739 89.7063 0
0.237537 88.5931 0
0.246334 87.4896 0
0.255132 86.3993 0
0.26393 85.3256 0
0.272727 84.2713 0
0.281525 83.2381 0
0.290322 82.2281 0
0.29912 81.2425 0
0.307918 80.2818 0
0.316716 79.3455 0
0.325513 78.433 0
0.334311 77.543 0
0.343109 76.6735 0
0.351906 75.8224 0
0.360704 74.9873 0
0.369501 74.1652 0
0.378299 73.3534 0
0.387097 72.5493 0
0.395894 71.7499 0
0.404692 70.9527 0
0.41349 70.1553 0
0.422287 69.3554 0
0.431085 68.5507 0
0.439883 67.7393 0
0.44868 66.9197 0
0.457478 66.0902 0
0.466276 65.2493 0
0.475073 64.3959 0
0.483871 63.5288 0
0.492668 62.6465 0
0.501466 61.7486 0
0.510264 60.8343 0
0.519061 59.9023 0
0.527859 58.9525 0
0.536657 57.9837 0
0.545455 56.9958 0
0.554252 55.9882 0
0.56305 54.9606 0
0.571848 53.9124 0
0.580645 52.8436 0
0.589443 51.7537 0
0.59824 50.6427 0
0.607038 49.5104 0
0.615836 48.3566 0
0.624633 47.1816 0
0.633431 45.9852 0
0.642229 44.768 0
0.651026 43.5298 0
0.659824 42.2708 0
0.668622 40.9917 0
0.677419 39.6932 0
0.686217 38.3757 0
0.695015 37.04 0
0.703812 35.6872 0
0.71261 34.3184 0
0.721407 32.935 0
0.730205 31.5386 0
0.739003 30.1311 0
0.747801 28.7145 0
0.756598 27.2914 0
0.765396 25.8647 0
0.774194 24.4377 0
0.782991 23.0141 0
0.791789 21.5979 0
0.800586 20.1937 0
0.809384 18.8067 0
0.818182 17.4417 0
0.826979 16.1052 0
0.835777 14.8026 0
0.844575 13.5404 0
0.853372 12.3243 0
0.86217 11.1604 0
0.870968 10.0541 0
0.879765 9.01008 0
0.888563 8.0323 0
0.897361 7.12386 0
0.906158 6.28629 0
0.914956 5.5204 0
0.923753 4.82534 0
0.932551 4.19937 0
0.941349 3.63985 0
0.950147 3.14327 0
0.958944 2.70519 0
0.967742 2.32121 0
0.97654 1.98647 0
0.985337 1.69617 0
0.994135 1.44561 0
1.00293 1.23012 0
1.01173 1.04563 0
1.02053 0.888129 0
1.02933 0.754148 0
1.03812 0.640541 0
1.04692 0.544516 0
1.05572 0.463582 0
1.06452 0.39572 0
1.07331 0.339085 0
1.08211 0.292 0
1.09091 0.253351 0
1.09971 0.221923 0
1.1085 0.196771 0
1.1173 0.177248 0
1.1261 0.162829 0
1.1349 0.152906 0
1.14369 0.147301 0
1.15249 0.145776 0
1.16129 0.148143 0
1.17009 0.154408 0
1.17889 0.16474 0
1.18768 0.179095 0
1.19648 0.1978 0
1.20528 0.221069 0
1.21408 0.249198 0
1.22287 0.282468 0
1.23167 0.321176 0
1.24047 0.365653 0
1.24927 0.416147 0
1.25806 0.472858 0
1.26686 0.535962 0
1.27566 0.605473 0
1.28446 0.681418 0
1.29326 0.763618 0
1.30205 0.851775 0
1.31085 0.945627 0
1.31965 1.04472 0
1.32845 1.14855 0
1.33724 1.25662 0
1.34604 1.36827 0
1.35484 1.48297 0
1.36364 1.60009 0
1.37243 1.71901 0
1.38123 1.83912 0
1.39003 1.95988 0
1.39883 2.08068 0
1.40762 2.20103 0
1.41642 2.32041 0
1.42522 2.43836 0
1.43402 2.55441 0
1.44282 2.66816 0
1.45161 2.77923 0
1.46041 2.88724 0
1.46921 2.9919 0
1.47801 3.09286 0
1.4868 3.18987 0
1.4956 3.28269 0
1.5044 3.37107 0
1.5132 3.45484 0
1.52199 3.53384 0
1.53079 3.60788 0
1.53959 3.67689 0
1.54839 3.74074 0
1.55718 3.79937 0
1.56598 3.85277 0
1.57478 3.90086 0
1.58358 3.94367 0
1.59238 3.98123 0
1.60117 4.01358 0
1.60997 4.04077 0
1.61877 4.06291 0
1.62757 4.08012 0
1.63636 4.09246 0
1.64516 4.10014 0
1.65396 4.10328 0
1.66276 4.10204 0
1.67155 4.09663 0
1.68035 4.08719 0
1.68915 4.07394 0
1.69795 4.05706 0
1.70674 4.03674 0
1.71554 4.0132 0
1.72434 3.98663 0
1.73314 3.95725 0
1.74194 3.92523 0
1.75073 3.89079 0
1.75953 3.85415 0
1.76833 3.81549 0
1.77713 3.77499 0
1.78592 3.73283 0
1.79472 3.6892 0
1.80352 3.64427 0
1.81232 3.59821 0
1.82111 3.55112 0
1.82991 3.50318 0
1.83871 3.45448 0
1.84751 3.4052 0
1.85631 3.35542 0
1.8651 3.30524 0
1.8739 3.2548 0
1.8827 3.20419 0
1.8915 3.15348 0
1.90029 3.10275 0
1.90909 3.05209 0
1.91789 3.00158 0
1.92669 2.95129 0
1.93548 2.90124 0
1.94428 2.8515 0
1.95308 2.8021 0
1.96188 2.7531 0
1.97067 2.70451 0
1.97947 2.65638 0
1.98827 2.60871 0
1.99707 2.56155 0
2.00587 2.51488 0
2.01466 2.46875 0
2.02346 2.42317 0
2.03226 2.37816 0
2.04106 2.33373 0
2.04985 2.28989 0
2.05865 2.24665 0
2.06745 2.20403 0
2.07625 2.16202 0
2.08504 2.12064 0
2.09384 2.07988 0
2.10264 2.03974 0
2.11144 2.0002 0
2.12023 1.96129 0
2.12903 1.92299 0
2.13783 1.88528 0
2.14663 1.84817 0
2.15543 1.81163 0
2.16422 1.77567 0
2.17302 1.74027 0
2.18182 1.70541 0
2.19062 1.6711 0
2.19941 1.63732 0
2.20821 1.60403 0
2.21701 1.57127 0
2.22581 1.53899 0
2.2346 1.50719 0
2.2434 1.47586 0
2.2522 1.44499 0
2.261 1.41456 0
2.26979 1.38456 0
2.27859 1.35498 0
2.28739 1.32582 0
2.29619 1.29704 0
2.30499 1.26866 0
2.31378 1.24065 0
2.32258 1.21301 0
2.33138 1.18571 0
2.34018 1.15876 0
2.34897 1.13216 0
2.35777 1.10587 0
2.36657 1.07992 0
2.37537 1.05428 0
2.38416 1.02893 0
2.39296 1.00389 0
2.40176 0.979137 0
2.41056 0.95466 0
2.41935 0.930465 0
2.42815 0.906526 0
2.43695 0.882844 0
2.44575 0.859401 0
2.45455 0.836195 0
2.46334 0.813206 0
2.47214 0.790431 0
2.48094 0.767854 0
2.48974 0.745473 0
2.49853 0.723283 0
2.50733 0.701273 0
2.51613 0.679442 0
2.52493 0.657791 0
2.53372 0.636319 0
2.54252 0.61503 0
2.55132 0.593917 0
2.56012 0.572987 0
2.56891 0.552242 0
2.57771 0.531677 0
2.58651 0.511302 0
2.59531 0.491109 0
2.60411 0.471103 0
2.6129 0.451291 0
2.6217 0.43167 0
2.6305 0.412244 0
2.6393 0.393011 0
2.64809 0.373989 0
2.65689 0.355166 0
2.66569 0.336561 0
2.67449 0.318174 0
2.68328 0.300008 0
2.69208 0.282069 0
2.70088 0.264361 0
2.70968 0.246887 0
2.71847 0.229651 0
2.72727 0.212653 0
2.73607 0.195904 0
2.74487 0.179412 0
2.75367 0.163183 0
2.76246 0.147232 0
2.77126 0.131577 0
2.78006 0.116236 0
2.78886 0.101234 0
2.79765 0.0865957 0
2.80645 0.0723515 0
2.81525 0.0585335 0
2.82405 0.045177 0
2.83284 0.0323215 0
2.84164 0.020013 0
2.85044 0.00829166 0
2.85924 -0.0027876 0
2.86804 -0.0131727 0
2.87683 -0.0228016 0
2.88563 -0.0316116 0
2.89443 -0.0395367 0
2.90323 -0.0465051 0
2.91202 -0.0524389 0
2.92082 -0.0572593 0
2.92962 -0.060881 0
2.93842 -0.0632128 0
2.94721 -0.064163 0
2.95601 -0.0636286 0
2.96481 -0.0615049 0
2.97361 -0.0576776 0
2.9824 -0.052025 0
2.9912 -0.0444165 0
3 -0.0347114 0
3.0088 -0.0227619 0
3.0176 -0.00840715 0
3.02639 0.00852084 0
3.03519 0.0281962 0
3.04399 0.0508039 0
3.05279 0.0765283 0
3.06158 0.105562 0
3.07038 0.138094 0
3.07918 0.174311 0
3.08798 0.214393 0
3.09677 0.25851 0
3.10557 0.306805 0
3.11437 0.359402 0
3.12317 0.416394 0
3.13196 0.477834 0
3.14076 0.543722 0
3.14956 0.613984 0
3.15836 0.688496 0
3.16716 0.767038 0
3.17595 0.849304 0
3.18475 0.934887 0
3.19355 1.02329 0
3.20235 1.11391 0
3.21114 1.20606 0
3.21994 1.29899 0
3.22874 1.39189 0
3.23754 1.48389 0
3.24633 1.57415 0
3.25513 1.66183 0
3.26393 1.74614 0
3.27273 1.82636 0
3.28152 1.90187 0
3.29032 1.97211 0
3.29912 2.03666 0
3.30792 2.09522 0
3.31672 2.14758 0
3.32551 2.19362 0
3.33431 2.23332 0
3.34311 2.26673 0
3.35191 2.29399 0
3.3607 2.31529 0
3.3695 2.33084 0
3.3783 2.34091 0
3.3871 2.34577 0
3.39589 2.34571 0
3.40469 2.34105 0
3.41349 2.33209 0
3.42229 2.31912 0
3.43108 2.30244 0
3.43988 2.28232 0
3.44868 2.25904 0
3.45748 2.23287 0
3.46628 2.20405 0
3.47507 2.1728 0
3.48387 2.13935 0
3.49267 2.10391 0
3.50147 2.06667 0
3.51026 2.02781 0
3.51906 1.98747 0
3.52786 1.94583 0
3.53666 1.90299 0
3.54545 1.8591 0
3.55425 1.81424 0
3.56305 1.76851 0
3.57185 1.72201 0
3.58064 1.67479 0
3.58944 1.62691 0
3.59824 1.57844 0
3.60704 1.52941 0
3.61584 1.47988 0
3.62463 1.42986 0
3.63343 1.37938 0
3.64223 1.32851 0
3.65103 1.27724 0
3.65982 1.22561 0
3.66862 1.17366 0
3.67742 1.12142 0
3.68622 1.06893 0
3.69501 1.01622 0
3.70381 0.963318 0
3.71261 0.910274 0
3.72141 0.857105 0
3.73021 0.803839 0
3.739 0.750508 0
3.7478 0.697128 0
3.7566 0.643716 0
3.7654 0.590284 0
3.77419 0.536845 0
3.78299 0.483425 0
3.79179 0.430027 0
3.80059 0.376661 0
3.80938 0.323336 0
3.81818 0.270063 0
3.82698 0.216858 0
3.83578 0.163735 0
3.84457 0.110691 0
3.85337 0.0577385 0
3.86217 0.00487513 0
3.87097 -0.0478859 0
3.87977 -0.100547 0
3.88856 -0.15311 0
3.89736 -0.205575 0
3.90616 -0.257953 0
3.91496 -0.310231 0
3.92375 -0.362425 0
3.93255 -0.41454 0
3.94135 -0.466581 0
3.95015 -0.518553 0
3.95894 -0.570454 0
3.96774 -0.622298 0
3.97654 -0.674079 0
3.98534 -0.725807 0
3.99413 -0.777478 0
4.00293 -0.829104 0
4.01173 -0.880666 0
4.02053 -0.932174 0
4.02933 -0.983632 0
4.03812 -1.03502 0
4.04692 -1.08635 0
4.05572 -1.1376 0
4.06452 -1.18877 0
4.07331 -1.23986 0
4.08211 -1.29085 0
4.09091 -1.34175 0
4.09971 -1.39254 0
4.1085 -1.44322 0
4.1173 -1.49377 0
4.1261 -1.5442 0
4.1349 -1.5945 0
4.14369 -1.64467 0
4.15249 -1.69469 0
4.16129 -1.74457 0
4.17009 -1.7943 0
4.17889 -1.84388 0
4.18768 -1.8933 0
4.19648 -1.94256 0
4.20528 -1.99165 0
4.21408 -2.04057 0
4.22287 -2.08933 0
4.23167 -2.1379 0
4.24047 -2.1863 0
4.24927 -2.2345 0
4.25806 -2.2825 0
4.26686 -2.33029 0
4.27566 -2.37785 0
4.28446 -2.42519 0
4.29325 -2.47227 0
4.30205 -2.51909 0
4.31085 -2.56562 0
4.31965 -2.61187 0
4.32845 -2.65779 0
4.33724 -2.7034 0
4.34604 -2.74869 0
4.35484 -2.79359 0
4.36364 -2.83812 0
4.37243 -2.88223 0
4.38123 -2.9259 0
4.39003 -2.96916 0
4.39883 -3.01193 0
4.40762 -3.05422 0
4.41642 -3.09598 0
4.42522 -3.13722 0
4.43402 -3.17785 0
4.44281 -3.2179 0
4.45161 -3.25736 0
4.46041 -3.29615 0
4.46921 -3.33428 0
4.47801 -3.3717 0
4.4868 -3.4084 0
4.4956 -3.44432 0
4.5044 -3.47942 0
4.5132 -3.51368 0
4.52199 -3.54706 0
4.53079 -3.57948 0
4.53959 -3.61091 0
4.54839 -3.64129 0
4.55718 -3.67058 0
4.56598 -3.69872 0
4.57478 -3.72565 0
4.58358 -3.75135 0
4.59238 -3.77572 0
4.60117 -3.79877 0
4.60997 -3.8204 0
4.61877 -3.84057 0
4.62757 -3.85925 0
4.63636 -3.87636 0
4.64516 -3.89185 0
4.65396 -3.90569 0
4.66276 -3.9178 0
4.67155 -3.92814 0
4.68035 -3.93665 0
4.68915 -3.94324 0
4.69795 -3.9479 0
4.70674 -3.95056 0
4.71554 -3.95115 0
4.72434 -3.94963 0
4.73314 -3.94595 0
4.74194 -3.94004 0
4.75073 -3.93186 0
4.75953 -3.92137 0
4.76833 -3.9085 0
4.77713 -3.89323 0
4.78592 -3.8755 0
4.79472 -3.85527 0
4.80352 -3.83253 0
4.81232 -3.80719 0
4.82111 -3.77925 0
4.82991 -3.74867 0
4.83871 -3.7154 0
4.84751 -3.67941 0
4.85631 -3.64071 0
4.8651 -3.59925 0
4.8739 -3.55503 0
4.8827 -3.50802 0
4.8915 -3.45824 0
4.90029 -3.40567 0
4.90909 -3.35033 0
4.91789 -3.29223 0
4.92669 -3.2314 0
4.93548 -3.16787 0
4.94428 -3.10168 0
4.95308 -3.03286 0
4.96188 -2.9615 0
4.97067 -2.88765 0
4.97947 -2.81138 0
4.98827 -2.73279 0
4.99707 -2.65196 0
5.00587 -2.56902 0
5.01466 -2.48407 0
5.02346 -2.39727 0
5.03226 -2.30872 0
5.04106 -2.21861 0
5.04985 -2.12712 0
5.05865 -2.03441 0
5.06745 -1.94073 0
5.07625 -1.84626 0
5.08504 -1.75128 0
5.09384 -1.65605 0
5.10264 -1.56087 0
5.11144 -1.46605 0
5.12023 -1.37192 0
5.12903 -1.27884 0
5.13783 -1.18719 0
5.14663 -1.09737 0
5.15543 -1.00977 0
5.16422 -0.924821 0
5.17302 -0.842891 0
5.18182 -0.764387 0
5.19062 -0.689655 0
5.19941 -0.619021 0
5.20821 -0.552738 0
5.21701 -0.491006 0
5.22581 -0.433961 0
5.2346 -0.381652 0
5.2434 -0.33406 0
5.2522 -0.291076 0
5.261 -0.252555 0
5.26979 -0.218259 0
5.27859 -0.187932 0
5.28739 -0.161283 0
5.29619 -0.137999 0
5.30499 -0.117761 0
5.31378 -0.100246 0
5.32258 -0.0851524 0
5.33138 -0.0721998 0
5.34018 -0.0611131 0
5.34897 -0.0516565 0
5.35777 -0.0436059 0
5.36657 -0.0367675 0
5.37537 -0.0309707 0
5.38416 -0.0260692 0
5.39296 -0.0219185 0
5.40176 -0.0184186 0
5.41056 -0.0154664 0
5.41935 -0.0129767 0
5.42815 -0.0108789 0
5.43695 -0.00911308 0
5.44575 -0.00762926 0
5.45455 -0.00637886 0
5.46334 -0.0053273 0
5.47214 -0.00444836 0
5.48094 -0.00370832 0
5.48974 -0.00308803 0
5.49853 -0.00256239 0
5.50733 -0.00212314 0
5.51613 -0.00175539 0
5.52493 -0.00144439 0
5.53372 -0.00118311 0
5.54252 -0.000962679 0
5.55132 -0.000778538 0
5.56012 -0.000623953 0
5.56891 -0.000495876 0
5.57771 -0.000388116 0
5.58651 -0.00029591 0
5.59531 -0.000219646 0
5.60411 -0.000155744 0
5.6129 -0.000100953 0
5.6217 -5.54804e-05 0
5.6305 -1.69235e-05 0
5.6393 1.50046e-05 0
5.64809 4.02534e-05 0
5.65689 6.22129e-05 0
5.66569 8.25358e-05 0
5.67449 9.83177e-05 0
5.68328 0.00011166 0
5.69208 0.000122174 0
5.70088 0.0001316 0
5.70968 0.000139944 0
5.71848 0.000145881 0
5.72727 0.000151411 0
5.73607 0.000155534 0
5.74487 0.000159394 0
5.75367 0.000162364 0
5.76246 0.000164833 0
5.77126 0.00016749 0
5.78006 0.000169031 0
5.78886 0.000170121 0
5.79765 0.00017098 0
5.80645 0.000171624 0
5.81525 0.000172065 0
5.82405 0.000172067 0
5.83284 0.000172507 0
5.84164 0.000172523 0
5.85044 0.000172604 0
5.85924 0.000172564 0
5.86804 0.000172391 0
5.87683 0.000172326 0
5.88563 0.000171996 0
5.89443 0.000171742 0
5.90323 0.000171321 0
5.91202 0.00017084 0
5.92082 0.000170636 0
5.92962 0.000170084 0
5.93842 0.000169542 0
5.94721 0.000169037 0
5.95601 0.000168483 0
5.96481 0.000167914 0
5.97361 0.00016749 0
5.9824 0.000166895 0
5.9912 0.00016634 0
6 0.000165721 0
