-3 0.000227572 0
-2.9912 0.000233491 0
-2.9824 0.000239543 0
-2.97361 0.00024573 0
-2.96481 0.000252052 0
-2.95601 0.000258511 0
-2.94721 0.000265107 0
-2.93842 0.000271845 0
-2.92962 0.000278723 0
-2.92082 0.000285746 0
-2.91202 0.000292914 0
-2.90323 0.000300232 0
-2.89443 0.000307702 0
-2.88563 0.000315327 0
-2.87683 0.000323111 0
-2.86804 0.000331058 0
-2.85924 0.000339171 0
-2.85044 0.000347458 0
-2.84164 0.000355919 0
-2.83284 0.000364561 0
-2.82405 0.000373392 0
-2.81525 0.000382413 0
-2.80645 0.000391632 0
-2.79765 0.000401056 0
-2.78886 0.000410688 0
-2.78006 0.000420539 0
-2.77126 0.000430613 0
-2.76246 0.000440917 0
-2.75367 0.000451462 0
-2.74487 0.000462255 0
-2.73607 0.000473308 0
-2.72727 0.00048463 0
-2.71848 0.000496235 0
-2.70968 0.000508135 0
-2.70088 0.000520345 0
-2.69208 0.000532882 0
-2.68328 0.000545763 0
-2.67449 0.000559009 0
-2.66569 0.000572643 0
-2.65689 0.000586687 0
-2.64809 0.000601173 0
-2.6393 0.000616128 0
-2.6305 0.00063159 0
-2.6217 0.0006476 0
-2.6129 0.000664202 0
-2.60411 0.000681448 0
-2.59531 0.000699403 0
-2.58651 0.000718137 0
-2.57771 0.000737731 0
-2.56891 0.000758276 0
-2.56012 0.000779883 0
-2.55132 0.000802689 0
-2.54252 0.000826829 0
-2.53372 0.000852492 0
-2.52493 0.000879881 0
-2.51613 0.000909232 0
-2.50733 0.000940836 0
-2.49853 0.00097503 0
-2.48974 0.00101221 0
-2.48094 0.00105284 0
-2.47214 0.00109749 0
-2.46334 0.00114682 0
-2.45455 0.00120159 0
-2.44575 0.00126274 0
-2.43695 0.00133137 0
-2.42815 0.00140879 0
-2.41935 0.00149655 0
-2.41056 0.00159649 0
-2.40176 0.00171081 0
-2.39296 0.0018421 0
-2.38416 0.00199346 0
-2.37537 0.0021686 0
-2.36657 0.00237188 0
-2.35777 0.00260851 0
-2.34897 0.00288472 0
-2.34018 0.0032079 0
-2.33138 0.00358684 0
-2.32258 0.00403203 0
-2.31378 0.00455595 0
-2.30499 0.00517346 0
-2.29619 0.00590223 0
-2.28739 0.00676335 0
-2.27859 0.00778199 0
-2.26979 0.00898798 0
-2.261 0.010417 0
-2.2522 0.0121113 0
-2.2434 0.0141216 0
-2.2346 0.0165081 0
-2.22581 0.0193421 0
-2.21701 0.0227093 0
-2.20821 0.026711 0
-2.19941 0.0314681 0
-2.19062 0.0371246 0
-2.18182 0.0438511 0
-2.17302 0.0518516 0
-2.16422 0.0613673 0
-2.15543 0.0726856 0
-2.14663 0.0861481 0
-2.13783 0.102158 0
-2.12903 0.121197 0
-2.12023 0.143831 0
-2.11144 0.170732 0
-2.10264 0.202695 0
-2.09384 0.240651 0
-2.08504 0.285702 0
-2.07625 0.339135 0
-2.06745 0.40246 0
-2.05865 0.477435 0
-2.04985 0.566105 0
-2.04106 0.670818 0
-2.03226 0.794288 0
-2.02346 0.939591 0
-2.01466 1.11022 0
-2.00587 1.31009 0
-1.99707 1.5435 0
-1.98827 1.8152 0
-1.97947 2.13024 0
-1.97067 2.49397 0
-1.96188 2.91191 0
-1.95308 3.38955 0
-1.94428 3.93226 0
-1.93548 4.54493 0
-1.92669 5.23189 0
-1.91789 5.99659 0
-1.90909 6.84132 0
-1.90029 7.76724 0
-1.8915 8.774 0
-1.8827 9.85994 0
-1.8739 11.0221 0
-1.8651 12.256 0
-1.8563 13.5566 0
-1.84751 14.9174 0
-1.83871 16.332 0
-1.82991 17.7931 0
-1.82111 19.2936 0
-1.81232 20.8264 0
-1.80352 22.3845 0
-1.79472 23.9616 0
-1.78592 25.5515 0
-1.77713 27.1486 0
-1.76833 28.7478 0
-1.75953 30.3446 0
-1.75073 31.9346 0
-1.74194 33.5144 0
-1.73314 35.0806 0
-1.72434 36.6305 0
-1.71554 38.1615 0
-1.70674 39.6713 0
-1.69795 41.1582 0
-1.68915 42.6204 0
-1.68035 44.0565 0
-1.67155 45.4655 0
-1.66276 46.846 0
-1.65396 48.1973 0
-1.64516 49.5187 0
-1.63636 50.8096 0
-1.62757 52.0698 0
-1.61877 53.2985 0
-1.60997 54.4956 0
-1.60117 55.6607 0
-1.59238 56.7937 0
-1.58358 57.8947 0
-1.57478 58.963 0
-1.56598 59.999 0
-1.55718 61.0024 0
-1.54839 61.9731 0
-1.53959 62.9114 0
-1.53079 63.817 0
-1.52199 64.6904 0
-1.5132 65.5317 0
-1.5044 66.341 0
-1.4956 67.1185 0
-1.4868 67.8647 0
-1.47801 68.5799 0
-1.46921 69.2649 0
-1.46041 69.9197 0
-1.45161 70.5453 0
-1.44282 71.1425 0
-1.43402 71.7119 0
-1.42522 72.2544 0
-1.41642 72.7711 0
-1.40762 73.2631 0
-1.39883 73.7317 0
-1.39003 74.1781 0
-1.38123 74.6036 0
-1.37243 75.0097 0
-1.36364 75.3978 0
-1.35484 75.7691 0
-1.34604 76.125 0
-1.33724 76.4659 0
-1.32845 76.7926 0
-1.31965 77.1051 0
-1.31085 77.4024 0
-1.30205 77.6835 0
-1.29326 77.9465 0
-1.28446 78.1884 0
-1.27566 78.4058 0
-1.26686 78.5945 0
-1.25806 78.7496 0
-1.24927 78.8662 0
-1.24047 78.9387 0
-1.23167 78.9619 0
-1.22287 78.9304 0
-1.21408 78.8393 0
-1.20528 78.6846 0
-1.19648 78.4634 0
-1.18768 78.1732 0
-1.17889 77.8145 0
-1.17009 77.3885 0
-1.16129 76.8993 0
-1.15249 76.3532 0
-1.14369 75.7584 0
-1.1349 75.1262 0
-1.1261 74.4693 0
-1.1173 73.8034 0
-1.1085 73.1437 0
-1.09971 72.5075 0
-1.09091 71.9109 0
-1.08211 71.3691 0
-1.07331 70.8955 0
-1.06452 70.5016 0
-1.05572 70.196 0
-1.04692 69.9838 0
-1.03812 69.868 0
-1.02933 69.8486 0
-1.02053 69.9232 0
-1.01173 70.0878 0
-1.00293 70.3371 0
-0.994135 70.6639 0
-0.985337 71.0614 0
-0.97654 71.5217 0
-0.967742 72.0375 0
-0.958944 72.6018 0
-0.950147 73.2075 0
-0.941349 73.8485 0
-0.932551 74.5185 0
-0.923754 75.2128 0
-0.914956 75.9264 0
-0.906158 76.6555 0
-0.897361 77.396 0
-0.888563 78.1453 0
-0.879765 78.9007 0
-0.870968 79.6595 0
-0.86217 80.4199 0
-0.853372 81.1799 0
-0.844575 81.9385 0
-0.835777 82.6941 0
-0.82698 83.4459 0
-0.818182 84.1931 0
-0.809384 84.9347 0
-0.800587 85.6702 0
-0.791789 86.3995 0
-0.782991 87.1216 0
-0.774194 87.8366 0
-0.765396 88.544 0
-0.756598 89.2437 0
-0.747801 89.9356 0
-0.739003 90.6184 0
-0.730205 91.2927 0
-0.721408 91.9573 0
-0.71261 92.6126 0
-0.703812 93.2579 0
-0.695015 93.8926 0
-0.686217 94.5153 0
-0.677419 95.1274 0
-0.668622 95.7266 0
-0.659824 96.3131 0
-0.651026 96.8866 0
-0.642229 97.4462 0
-0.633431 97.9921 0
-0.624633 98.5239 0
-0.615836 99.0406 0
-0.607038 99.5429 0
-0.59824 100.03 0
-0.589443 100.501 0
-0.580645 100.958 0
-0.571847 101.398 0
-0.56305 101.823 0
-0.554252 102.231 0
-0.545455 102.623 0
-0.536657 102.999 0
-0.527859 103.358 0
-0.519062 103.7 0
-0.510264 104.026 0
-0.501466 104.336 0
-0.492669 104.629 0
-0.483871 104.906 0
-0.475073 105.167 0
-0.466276 105.412 0
-0.457478 105.642 0
-0.44868 105.857 0
-0.439883 106.058 0
-0.431085 106.246 0
-0.422287 106.42 0
-0.41349 106.581 0
-0.404692 106.73 0
-0.395894 106.867 0
-0.387097 106.994 0
-0.378299 107.109 0
-0.369502 107.215 0
-0.360704 107.31 0
-0.351906 107.395 0
-0.343108 107.472 0
-0.334311 107.54 0
-0.325513 107.6 0
-0.316716 107.652 0
-0.307918 107.696 0
-0.29912 107.732 0
-0.290323 107.762 0
-0.281525 107.785 0
-0.272727 107.802 0
-0.26393 107.814 0
-0.255132 107.82 0
-0.246334 107.821 0
-0.237537 107.818 0
-0.228739 107.81 0
-0.219941 107.799 0
-0.211144 107.784 0
-0.202346 107.767 0
-0.193548 107.746 0
-0.184751 107.722 0
-0.175953 107.696 0
-0.167156 107.667 0
-0.158358 107.636 0
-0.14956 107.602 0
-0.140763 107.565 0
-0.131965 107.525 0
-0.123167 107.483 0
-0.11437 107.437 0
-0.105572 107.387 0
-0.0967743 107.333 0
-0.0879765 107.274 0
-0.0791789 107.21 0
-0.0703814 107.139 0
-0.0615835 107.061 0
-0.052786 106.974 0
-0.0439882 106.877 0
-0.0351906 106.767 0
-0.0263931 106.644 0
-0.0175953 106.503 0
-0.00879773 106.343 0
1.19209e-07 106.16 0
0.00879765 105.952 0
0.0175952 105.714 0
0.026393 105.443 0
0.0351906 105.135 0
0.0439881 104.787 0
0.0527859 104.395 0
0.0615835 103.954 0
0.0703813 103.464 0
0.0791788 102.921 0
0.0879764 102.324 0
0.0967742 101.672 0
0.105572 100.967 0
0.11437 100.208 0
0.123167 99.3995 0
0.131965 98.5431 0
0.140763 97.6428 0
0.14956 96.7035 0
0.158358 95.7292 0
0.167155 94.7246 0
0.175953 93.6948 0
0.184751 92.6448 0
0.193548 91.5793 0
0.202346 90.5033 0
0.211144 89.4213 0
0.219941 88.3375 0
0.228739 87.2566 0
0.237537 86.1823 0
0.246334 85.119 0
0.255132 84.0694 0
0.26393 83.037 0
0.272727 82.0251 0
0.281525 81.0348 0
0.290322 80.0681 0
0.29912 79.1264 0
0.307918 78.2097 0
0.316716 77.3177 0
0.325513 76.4494 0
0.334311 75.604 0
0.343109 74.7788 0
0.351906 73.9717 0
0.360704 73.1805 0
0.369501 72.4022 0
0.378299 71.634 0
0.387097 70.8732 0
0.395894 70.1171 0
0.404692 69.3633 0
0.41349 68.6089 0
0.422287 67.8522 0
0.431085 67.0906 0
0.439883 66.3226 0
0.44868 65.5461 0
0.457478 64.76 0
0.466276 63.9625 0
0.475073 63.1522 0
0.483871 62.3282 0
0.492668 61.4892 0
0.501466 60.6341 0
0.510264 59.7621 0
0.519061 58.8728 0
0.527859 57.9645 0
0.536657 57.0373 0
0.545455 56.0904 0
0.554252 55.1233 0
0.56305 54.1354 0
0.571848 53.1264 0
0.580645 52.0959 0
0.589443 51.0438 0
0.59824 49.9694 0
0.607038 48.8735 0
0.615836 47.7551 0
0.624633 46.6145 0
0.633431 45.4516 0
0.642229 44.2666 0
0.651026 43.0597 0
0.659824 41.8311 0
0.668622 40.5812 0
0.677419 39.3108 0
0.686217 38.02 0
0.695015 36.7101 0
0.703812 35.3816 0
0.71261 34.0361 0
0.721407 32.6748 0
0.730205 31.2993 0
0.739003 29.9116 0
0.747801 28.5138 0
0.756598 27.1083 0
0.765396 25.6984 0
0.774194 24.287 0
0.782991 22.8778 0
0.791789 21.4752 0
0.800586 20.0835 0
0.809384 18.7079 0
0.818182 17.3536 0
0.826979 16.0268 0
0.835777 14.7331 0
0.844575 13.4788 0
0.853372 12.2701 0
0.86217 11.1127 0
0.870968 10.0123 0
0.879765 8.97368 0
0.888563 8.00056 0
0.897361 7.09625 0
0.906158 6.26238 0
0.914956 5.49966 0
0.923753 4.80741 0
0.932551 4.18389 0
0.941349 3.62657 0
0.950147 3.13175 0
0.958944 2.6952 0
0.967742 2.31255 0
0.97654 1.97891 0
0.985337 1.68973 0
0.994135 1.43982 0
1.00293 1.22496 0
1.01173 1.04102 0
1.02053 0.883885 0
1.02933 0.750129 0
1.03812 0.636665 0
1.04692 0.54069 0
1.05572 0.459759 0
1.06452 0.391784 0
1.07331 0.334877 0
1.08211 0.287579 0
1.09091 0.248438 0
1.09971 0.216507 0
1.1085 0.190742 0
1.1173 0.170402 0
1.1261 0.154948 0
1.1349 0.143847 0
1.14369 0.136776 0
1.15249 0.133515 0
1.16129 0.133932 0
1.17009 0.137909 0
1.17889 0.14551 0
1.18768 0.156861 0
1.19648 0.172091 0
1.20528 0.19141 0
1.21408 0.215065 0
1.22287 0.243408 0
1.23167 0.276733 0
1.24047 0.315296 0
1.24927 0.35944 0
1.25806 0.409398 0
1.26686 0.465384 0
1.27566 0.52752 0
1.28446 0.595781 0
1.29326 0.670153 0
1.30205 0.750479 0
1.31085 0.836431 0
1.31965 0.927756 0
1.32845 1.02394 0
1.33724 1.12448 0
1.34604 1.22881 0
1.35484 1.33636 0
1.36364 1.44653 0
1.37243 1.55863 0
1.38123 1.67215 0
1.39003 1.78642 0
1.39883 1.90087 0
1.40762 2.01498 0
1.41642 2.12819 0
1.42522 2.24004 0
1.43402 2.35004 0
1.44282 2.45777 0
1.45161 2.56284 0
1.46041 2.66488 0
1.46921 2.76354 0
1.47801 2.85849 0
1.4868 2.94948 0
1.4956 3.03622 0
1.5044 3.11853 0
1.5132 3.19616 0
1.52199 3.26898 0
1.53079 3.33684 0
1.53959 3.39961 0
1.54839 3.45725 0
1.55718 3.50968 0
1.56598 3.55689 0
1.57478 3.5989 0
1.58358 3.63572 0
1.59238 3.6674 0
1.60117 3.69405 0
1.60997 3.71575 0
1.61877 3.73261 0
1.62757 3.74478 0
1.63636 3.75241 0
1.64516 3.75564 0
1.65396 3.75467 0
1.66276 3.74968 0
1.67155 3.74087 0
1.68035 3.72839 0
1.68915 3.71249 0
1.69795 3.69335 0
1.70674 3.67117 0
1.71554 3.64619 0
1.72434 3.61861 0
1.73314 3.5886 0
1.74194 3.55641 0
1.75073 3.52219 0
1.75953 3.48612 0
1.76833 3.44839 0
1.77713 3.40916 0
1.78592 3.3686 0
1.79472 3.32682 0
1.80352 3.284 0
1.81232 3.24024 0
1.82111 3.19568 0
1.82991 3.15043 0
1.83871 3.10459 0
1.84751 3.05829 0
1.85631 3.01166 0
1.8651 2.96474 0
1.8739 2.91765 0
1.8827 2.87048 0
1.8915 2.82328 0
1.90029 2.77615 0
1.90909 2.72912 0
1.91789 2.68229 0
1.92669 2.63571 0
1.93548 2.58944 0
1.94428 2.54353 0
1.95308 2.49799 0
1.96188 2.45291 0
1.97067 2.40829 0
1.97947 2.36418 0
1.98827 2.3206 0
1.99707 2.27756 0
2.00587 2.23508 0
2.01466 2.19319 0
2.02346 2.15189 0
2.03226 2.11119 0
2.04106 2.07107 0
2.04985 2.03155 0
2.05865 1.99264 0
2.06745 1.95431 0
2.07625 1.91656 0
2.08504 1.8794 0
2.09384 1.8428 0
2.10264 1.80678 0
2.11144 1.7713 0
2.12023 1.73638 0
2.12903 1.70199 0
2.13783 1.66813 0
2.14663 1.63479 0
2.15543 1.60195 0
2.16422 1.56964 0
2.17302 1.53782 0
2.18182 1.50648 0
2.19062 1.47564 0
2.19941 1.44527 0
2.20821 1.41535 0
2.21701 1.3859 0
2.22581 1.3569 0
2.2346 1.32834 0
2.2434 1.3002 0
2.2522 1.27248 0
2.261 1.24517 0
2.26979 1.21824 0
2.27859 1.19171 0
2.28739 1.16552 0
2.29619 1.1397 0
2.30499 1.11421 0
2.31378 1.08904 0
2.32258 1.06419 0
2.33138 1.03963 0
2.34018 1.01537 0
2.34897 0.991398 0
2.35777 0.967696 0
2.36657 0.944267 0
2.37537 0.921102 0
2.38416 0.898195 0
2.39296 0.875552 0
2.40176 0.853158 0
2.41056 0.831024 0
2.41935 0.809138 0
2.42815 0.787496 0
2.43695 0.766091 0
2.44575 0.744923 0
2.45455 0.723981 0
2.46334 0.703252 0
2.47214 0.682724 0
2.48094 0.662391 0
2.48974 0.642235 0
2.49853 0.622244 0
2.50733 0.602415 0
2.51613 0.582732 0
2.52493 0.563193 0
2.53372 0.543795 0
2.54252 0.524531 0
2.55132 0.505405 0
2.56012 0.486423 0
2.56891 0.46758 0
2.57771 0.448889 0
2.58651 0.430351 0
2.59531 0.411961 0
2.60411 0.393739 0
2.6129 0.375689 0
2.6217 0.357809 0
2.6305 0.340107 0
2.6393 0.322586 0
2.64809 0.305248 0
2.65689 0.288101 0
2.66569 0.271155 0
2.67449 0.254411 0
2.68328 0.237877 0
2.69208 0.221559 0
2.70088 0.205467 0
2.70968 0.189605 0
2.71847 0.173978 0
2.72727 0.158594 0
2.73607 0.143454 0
2.74487 0.12857 0
2.75367 0.113943 0
2.76246 0.0995821 0
2.77126 0.0854947 0
2.78006 0.071692 0
2.78886 0.0581918 0
2.79765 0.0450072 0
2.80645 0.0321606 0
2.81525 0.0196774 0
2.82405 0.00758406 0
2.83284 -0.00408915 0
2.84164 -0.0153017 0
2.85044 -0.0260176 0
2.85924 -0.0361899 0
2.86804 -0.0457754 0
2.87683 -0.0547141 0
2.88563 -0.062954 0
2.89443 -0.0704357 0
2.90323 -0.077093 0
2.91202 -0.0828554 0
2.92082 -0.0876494 0
2.92962 -0.0913975 0
2.93842 -0.0940153 0
2.94721 -0.095414 0
2.95601 -0.0954986 0
2.96481 -0.0941676 0
2.97361 -0.0913141 0
2.9824 -0.0868243 0
2.9912 -0.080579 0
3 -0.0724499 0
3.0088 -0.0623036 0
3.0176 -0.0500004 0
3.02639 -0.0353933 0
3.03519 -0.0183304 0
3.04399 0.0013487 0
3.05279 0.023803 0
3.06158 0.0492006 0
3.07038 0.0777099 0
3.07918 0.109501 0
3.08798 0.144738 0
3.09677 0.183585 0
3.10557 0.226185 0
3.11437 0.272671 0
3.12317 0.323146 0
3.13196 0.377681 0
3.14076 0.436307 0
3.14956 0.498982 0
3.15836 0.565614 0
3.16716 0.636038 0
3.17595 0.709999 0
3.18475 0.787157 0
3.19355 0.867053 0
3.20235 0.949186 0
3.21114 1.03293 0
3.21994 1.11761 0
3.22874 1.20249 0
3.23754 1.28678 0
3.24633 1.3697 0
3.25513 1.45046 0
3.26393 1.52835 0
3.27273 1.60268 0
3.28152 1.67283 0
3.29032 1.73831 0
3.29912 1.79869 0
3.30792 1.85366 0
3.31672 1.90301 0
3.32551 1.94659 0
3.33431 1.98439 0
3.34311 2.01642 0
3.35191 2.04279 0
3.3607 2.06365 0
3.3695 2.07919 0
3.3783 2.08962 0
3.3871 2.09521 0
3.39589 2.09622 0
3.40469 2.09292 0
3.41349 2.0856 0
3.42229 2.07452 0
3.43108 2.05997 0
3.43988 2.0422 0
3.44868 2.02147 0
3.45748 1.99803 0
3.46628 1.97211 0
3.47507 1.94392 0
3.48387 1.91368 0
3.49267 1.88155 0
3.50147 1.84772 0
3.51026 1.81236 0
3.51906 1.77562 0
3.52786 1.73761 0
3.53666 1.69847 0
3.54545 1.6583 0
3.55425 1.6172 0
3.56305 1.57526 0
3.57185 1.53258 0
3.58064 1.48921 0
3.58944 1.44522 0
3.59824 1.40067 0
3.60704 1.35562 0
3.61584 1.31013 0
3.62463 1.26423 0
3.63343 1.21798 0
3.64223 1.17142 0
3.65103 1.12458 0
3.65982 1.07749 0
3.66862 1.0302 0
3.67742 0.982727 0
3.68622 0.935097 0
3.69501 0.887341 0
3.70381 0.839471 0
3.71261 0.791515 0
3.72141 0.743492 0
3.73021 0.695406 0
3.739 0.647272 0
3.7478 0.599109 0
3.7566 0.550927 0
3.7654 0.502725 0
3.77419 0.45451 0
3.78299 0.406304 0
3.79179 0.358094 0
3.80059 0.309892 0
3.80938 0.2617 0
3.81818 0.213521 0
3.82698 0.165367 0
3.83578 0.117241 0
3.84457 0.0691475 0
3.85337 0.0210945 0
3.86217 -0.0269233 0
3.87097 -0.0748794 0
3.87977 -0.122779 0
3.88856 -0.170618 0
3.89736 -0.218394 0
3.90616 -0.266105 0
3.91496 -0.313749 0
3.92375 -0.361325 0
3.93255 -0.408844 0
3.94135 -0.456304 0
3.95015 -0.50371 0
3.95894 -0.551061 0
3.96774 -0.598357 0
3.97654 -0.645597 0
3.98534 -0.692778 0
3.99413 -0.739901 0
4.00293 -0.786963 0
4.01173 -0.833954 0
4.02053 -0.880869 0
4.02933 -0.927717 0
4.03812 -0.974481 0
4.04692 -1.02118 0
4.05572 -1.0678 0
4.06452 -1.11434 0
4.07331 -1.16083 0
4.08211 -1.20727 0
4.09091 -1.25365 0
4.09971 -1.29999 0
4.1085 -1.34627 0
4.1173 -1.3925 0
4.1261 -1.43869 0
4.1349 -1.48482 0
4.14369 -1.53087 0
4.15249 -1.57685 0
4.16129 -1.62275 0
4.17009 -1.66854 0
4.17889 -1.71424 0
4.18768 -1.75982 0
4.19648 -1.80527 0
4.20528 -1.85058 0
4.21408 -1.89575 0
4.22287 -1.94077 0
4.23167 -1.98563 0
4.24047 -2.03032 0
4.24927 -2.07485 0
4.25806 -2.11921 0
4.26686 -2.16339 0
4.27566 -2.20738 0
4.28446 -2.25118 0
4.29325 -2.29478 0
4.30205 -2.33818 0
4.31085 -2.38136 0
4.31965 -2.42431 0
4.32845 -2.46703 0
4.33724 -2.50952 0
4.34604 -2.55174 0
4.35484 -2.59369 0
4.36364 -2.63536 0
4.37243 -2.67672 0
4.38123 -2.71777 0
4.39003 -2.75847 0
4.39883 -2.79882 0
4.40762 -2.83876 0
4.41642 -2.87829 0
4.42522 -2.91738 0
4.43402 -2.95597 0
4.44281 -2.99406 0
4.45161 -3.03162 0
4.46041 -3.06859 0
4.46921 -3.10497 0
4.47801 -3.1407 0
4.4868 -3.17576 0
4.4956 -3.21012 0
4.5044 -3.24373 0
4.5132 -3.27657 0
4.52199 -3.30857 0
4.53079 -3.33972 0
4.53959 -3.36996 0
4.54839 -3.39924 0
4.55718 -3.42754 0
4.56598 -3.45479 0
4.57478 -3.48095 0
4.58358 -3.50597 0
4.59238 -3.52981 0
4.60117 -3.5524 0
4.60997 -3.57373 0
4.61877 -3.59371 0
4.62757 -3.61231 0
4.63636 -3.62947 0
4.64516 -3.64515 0
4.65396 -3.65929 0
4.66276 -3.67184 0
4.67155 -3.68275 0
4.68035 -3.69196 0
4.68915 -3.69942 0
4.69795 -3.70506 0
4.70674 -3.70885 0
4.71554 -3.71072 0
4.72434 -3.71063 0
4.73314 -3.70852 0
4.74194 -3.70435 0
4.75073 -3.69805 0
4.75953 -3.68959 0
4.76833 -3.67891 0
4.77713 -3.66597 0
4.78592 -3.65071 0
4.79472 -3.63311 0
4.80352 -3.61311 0
4.81232 -3.59066 0
4.82111 -3.56572 0
4.82991 -3.53828 0
4.83871 -3.50827 0
4.84751 -3.47568 0
4.85631 -3.4405 0
4.8651 -3.40268 0
4.8739 -3.36221 0
4.8827 -3.31908 0
4.8915 -3.27329 0
4.90029 -3.22483 0
4.90909 -3.17373 0
4.91789 -3.11998 0
4.92669 -3.0636 0
4.93548 -3.00464 0
4.94428 -2.94311 0
4.95308 -2.8791 0
4.96188 -2.81263 0
4.97067 -2.74377 0
4.97947 -2.6726 0
4.98827 -2.59919 0
4.99707 -2.52364 0
5.00587 -2.44604 0
5.01466 -2.36651 0
5.02346 -2.28517 0
5.03226 -2.20213 0
5.04106 -2.11756 0
5.04985 -2.03162 0
5.05865 -1.94448 0
5.06745 -1.85631 0
5.07625 -1.76737 0
5.08504 -1.67784 0
5.09384 -1.588 0
5.10264 -1.49812 0
5.11144 -1.40847 0
5.12023 -1.3194 0
5.12903 -1.2312 0
5.13783 -1.14425 0
5.14663 -1.05893 0
5.15543 -0.975604 0
5.16422 -0.894663 0
5.17302 -0.816474 0
5.18182 -0.741425 0
5.19062 -0.669857 0
5.19941 -0.602082 0
5.20821 -0.538358 0
5.21701 -0.478884 0
5.22581 -0.423821 0
5.2346 -0.373219 0
5.2434 -0.327088 0
5.2522 -0.285351 0
5.261 -0.247861 0
5.26979 -0.214431 0
5.27859 -0.184824 0
5.28739 -0.158767 0
5.29619 -0.135959 0
5.30499 -0.11611 0
5.31378 -0.098914 0
5.32258 -0.0840798 0
5.33138 -0.0713348 0
5.34018 -0.0604203 0
5.34897 -0.0511038 0
5.35777 -0.0431681 0
5.36657 -0.0364261 0
5.37537 -0.030704 0
5.38416 -0.0258619 0
5.39296 -0.0217639 0
5.40176 -0.0183108 0
5.41056 -0.0153883 0
5.41935 -0.0129266 0
5.42815 -0.0108589 0
5.43695 -0.00911585 0
5.44575 -0.00764442 0
5.45455 -0.00641024 0
5.46334 -0.00537322 0
5.47214 -0.00450093 0
5.48094 -0.00376725 0
5.48974 -0.00314961 0
5.49853 -0.00263337 0
5.50733 -0.00220135 0
5.51613 -0.00183454 0
5.52493 -0.00152925 0
5.53372 -0.00127021 0
5.54252 -0.00105469 0
5.55132 -0.000873519 0
5.56012 -0.000721397 0
5.56891 -0.000593954 0
5.57771 -0.000486602 0
5.58651 -0.000397151 0
5.59531 -0.000321567 0
5.60411 -0.000257413 0
5.6129 -0.00020328 0
5.6217 -0.0001585 0
5.6305 -0.000120676 0
5.6393 -9.01488e-05 0
5.64809 -6.36782e-05 0
5.65689 -4.13011e-05 0
5.66569 -2.23026e-05 0
5.67449 -6.60133e-06 0
5.68328 6.83528e-06 0
5.69208 1.78348e-05 0
5.70088 2.69155e-05 0
5.70968 3.3648e-05 0
5.71848 4.05748e-05 0
5.72727 4.485e-05 0
5.73607 4.99067e-05 0
5.74487 5.34357e-05 0
5.75367 5.65341e-05 0
5.76246 5.98627e-05 0
5.77126 6.19142e-05 0
5.78006 6.34409e-05 0
5.78886 6.43165e-05 0
5.79765 6.53301e-05 0
5.80645 6.6264e-05 0
5.81525 6.67446e-05 0
5.82405 6.7575e-05 0
5.83284 6.76367e-05 0
5.84164 6.76581e-05 0
5.85044 6.76995e-05 0
5.85924 6.76433e-05 0
5.86804 6.74507e-05 0
5.87683 6.73829e-05 0
5.88563 6.70374e-05 0
5.89443 6.6755e-05 0
5.90323 6.64522e-05 0
5.91202 6.59965e-05 0
5.92082 6.5623e-05 0
5.92962 6.51759e-05 0
5.93842 6.47576e-05 0
5.94721 6.44302e-05 0
5.95601 6.40158e-05 0
5.96481 6.35079e-05 0
5.97361 6.29875e-05 0
5.9824 6.24888e-05 0
5.9912 6.19335e-05 0
6 6.1378e-05 0
