-3 -1.98237e-07
-2.9912 -1.40321e-07
-2.9824 9.25759e-08
-2.97361 -6.25318e-08
-2.96481 3.56102e-08
-2.95601 -1.06529e-07
-2.94721 -1.02918e-07
-2.93842 -2.16912e-07
-2.92962 1.39436e-07
-2.92082 7.72515e-08
-2.91202 -9.07434e-08
-2.90323 -1.48213e-07
-2.89443 -3.48624e-08
-2.88563 3.36483e-07
-2.87683 2.00074e-07
-2.86804 -3.01032e-07
-2.85924 -3.03706e-07
-2.85044 -2.02246e-07
-2.84164 1.19251e-08
-2.83284 1.33432e-08
-2.82405 2.54216e-07
-2.81525 2.30734e-07
-2.80645 1.60033e-07
-2.79765 7.69647e-08
-2.78886 5.14669e-08
-2.78006 2.97911e-08
-2.77126 2.95228e-07
-2.76246 3.82355e-07
-2.75367 3.36418e-07
-2.74487 -1.08261e-08
-2.73607 -2.12354e-07
-2.72727 -3.36552e-08
-2.71848 2.42828e-07
-2.70968 2.33476e-07
-2.70088 1.86525e-07
-2.69208 3.25193e-07
-2.68328 2.9686e-07
-2.67449 2.20199e-07
-2.66569 1.11018e-07
-2.65689 3.24746e-07
-2.64809 2.8987e-07
-2.6393 1.30688e-07
-2.6305 -6.52376e-08
-2.6217 -1.76456e-07
-2.6129 -6.63171e-08
-2.60411 3.78234e-08
-2.59531 2.14037e-07
-2.58651 2.61286e-07
-2.57771 2.12937e-07
-2.56891 7.98396e-08
-2.56012 -6.82357e-08
-2.55132 -1.24228e-07
-2.54252 -1.97877e-07
-2.53372 -1.75054e-07
-2.52493 -1.3383e-07
-2.51613 2.24966e-07
-2.50733 3.79303e-07
-2.49853 3.54646e-07
-2.48974 3.21101e-07
-2.48094 2.85651e-07
-2.47214 1.30045e-07
-2.46334 2.33949e-07
-2.45455 2.36885e-07
-2.44575 4.05233e-07
-2.43695 5.1838e-07
-2.42815 4.10569e-07
-2.41935 2.4245e-07
-2.41056 1.29742e-07
-2.40176 1.5399e-07
-2.39296 1.95001e-07
-2.38416 1.4463e-07
-2.37537 1.69578e-07
-2.36657 9.74195e-09
-2.35777 5.50334e-08
-2.34897 2.62899e-07
-2.34018 2.93554e-07
-2.33138 3.43115e-07
-2.32258 4.17985e-07
-2.31378 3.01711e-07
-2.30499 2.27822e-07
-2.29619 9.39923e-08
-2.28739 -3.3485e-08
-2.27859 1.65806e-07
-2.26979 2.09666e-07
-2.261 2.21666e-07
-2.2522 2.7351e-07
-2.2434 2.49166e-07
-2.2346 3.59328e-07
-2.22581 5.2533e-07
-2.21701 4.06434e-07
-2.20821 4.05641e-07
-2.19941 4.20839e-07
-2.19062 5.10961e-07
-2.18182 5.625e-07
-2.17302 6.29544e-07
-2.16422 7.14198e-07
-2.15543 8.47142e-07
-2.14663 1.05791e-06
-2.13783 1.16747e-06
-2.12903 1.4354e-06
-2.12023 1.54515e-06
-2.11144 1.50253e-06
-2.10264 1.54401e-06
-2.09384 1.81539e-06
-2.08504 2.13679e-06
-2.07625 2.56662e-06
-2.06745 2.5838e-06
-2.05865 3.02537e-06
-2.04985 3.91212e-06
-2.04106 4.10078e-06
-2.03226 5.34423e-06
-2.02346 7.38653e-06
-2.01466 7.79998e-06
-2.00587 1.08394e-05
-1.99707 1.56275e-05
-1.98827 1.62321e-05
-1.97947 2.57319e-05
-1.97067 4.16634e-05
-1.96188 4.53276e-05
-1.95308 9.4898e-05
-1.94428 0.000190855
-1.93548 0.000221464
-1.92669 0.00112468
-1.91789 0.00620742
-1.90909 0.0191109
-1.90029 0.0389296
-1.8915 0.0590297
-1.8827 0.0725968
-1.8739 0.0783479
-1.8651 0.0796927
-1.8563 0.079995
-1.84751 0.0803474
-1.83871 0.0806918
-1.82991 0.0810118
-1.82111 0.0813573
-1.81232 0.081698
-1.80352 0.0820185
-1.79472 0.0823398
-1.78592 0.0826669
-1.77713 0.0829954
-1.76833 0.0833313
-1.75953 0.0836801
-1.75073 0.0840375
-1.74194 0.0843893
-1.73314 0.0847265
-1.72434 0.0850566
-1.71554 0.0854001
-1.70674 0.0857669
-1.69795 0.0861494
-1.68915 0.0865344
-1.68035 0.0869157
-1.67155 0.0872961
-1.66276 0.0876871
-1.65396 0.088102
-1.64516 0.088544
-1.63636 0.0890023
-1.62757 0.0894575
-1.61877 0.0898955
-1.60997 0.0903189
-1.60117 0.0907433
-1.59238 0.0911836
-1.58358 0.0916445
-1.57478 0.0921223
-1.56598 0.0926151
-1.55718 0.0931235
-1.54839 0.0936442
-1.53959 0.0941685
-1.53079 0.0946955
-1.52199 0.095237
-1.5132 0.0958047
-1.5044 0.0963942
-1.4956 0.0969897
-1.4868 0.097583
-1.47801 0.0981832
-1.46921 0.0988028
-1.46041 0.0994438
-1.45161 0.100103
-1.44282 0.10078
-1.43402 0.101481
-1.42522 0.102208
-1.41642 0.102961
-1.40762 0.103739
-1.39883 0.104542
-1.39003 0.105381
-1.38123 0.106263
-1.37243 0.107174
-1.36364 0.10812
-1.35484 0.109134
-1.34604 0.110175
-1.33724 0.111246
-1.32845 0.113019
-1.31965 0.117238
-1.31085 0.125669
-1.30205 0.138042
-1.29326 0.151398
-1.28446 0.162115
-1.27566 0.168626
-1.26686 0.171985
-1.25806 0.174139
-1.24927 0.176251
-1.24047 0.178538
-1.23167 0.180948
-1.22287 0.183505
-1.21408 0.186263
-1.20528 0.18926
-1.19648 0.192556
-1.18768 0.196197
-1.17889 0.200274
-1.17009 0.204997
-1.16129 0.210567
-1.15249 0.21718
-1.1437 0.225727
-1.1349 0.238037
-1.1261 0.254622
-1.1173 0.271181
-1.1085 0.279013
-1.09971 0.271479
-1.09091 0.250547
-1.08211 0.225682
-1.07331 0.205992
-1.06452 0.194209
-1.05572 0.187757
-1.04692 0.183437
-1.03812 0.17992
-1.02933 0.177066
-1.02053 0.174777
-1.01173 0.172842
-1.00293 0.171157
-0.994135 0.16969
-0.985337 0.168388
-0.97654 0.167219
-0.967742 0.166194
-0.958944 0.16532
-0.950147 0.164568
-0.941349 0.163901
-0.932551 0.163292
-0.923754 0.162737
-0.914956 0.162255
-0.906158 0.161866
-0.897361 0.16157
-0.888563 0.161349
-0.879766 0.161195
-0.870968 0.161107
-0.86217 0.161084
-0.853372 0.161123
-0.844575 0.161217
-0.835777 0.161363
-0.826979 0.161554
-0.818182 0.161784
-0.809384 0.162043
-0.800587 0.162329
-0.791789 0.162656
-0.782991 0.163048
-0.774194 0.163512
-0.765396 0.164045
-0.756598 0.164637
-0.747801 0.165284
-0.739003 0.165989
-0.730205 0.16676
-0.721408 0.167602
-0.71261 0.168511
-0.703812 0.16948
-0.695015 0.170512
-0.686217 0.17161
-0.677419 0.172783
-0.668622 0.174046
-0.659824 0.175418
-0.651026 0.176918
-0.642229 0.178558
-0.633431 0.180344
-0.624633 0.182286
-0.615836 0.184397
-0.607038 0.186717
-0.598241 0.189287
-0.589443 0.192127
-0.580645 0.195285
-0.571847 0.198881
-0.56305 0.203058
-0.554252 0.207947
-0.545455 0.213964
-0.536657 0.222132
-0.527859 0.233481
-0.519062 0.247276
-0.510264 0.25982
-0.501466 0.265952
-0.492669 0.262685
-0.483871 0.25161
-0.475073 0.23758
-0.466276 0.225061
-0.457478 0.215732
-0.44868 0.208945
-0.439883 0.203551
-0.431085 0.198953
-0.422287 0.194988
-0.41349 0.191543
-0.404692 0.188477
-0.395895 0.185696
-0.387097 0.183158
-0.378299 0.180826
-0.369502 0.178667
-0.360704 0.176668
-0.351906 0.17482
-0.343109 0.17311
-0.334311 0.171524
-0.325513 0.170049
-0.316716 0.168671
-0.307918 0.167373
-0.29912 0.166141
-0.290323 0.164971
-0.281525 0.163863
-0.272727 0.162815
-0.26393 0.161828
-0.255132 0.160904
-0.246334 0.160044
-0.237537 0.159244
-0.228739 0.158503
-0.219941 0.15782
-0.211144 0.157199
-0.202346 0.15664
-0.193548 0.156138
-0.184751 0.155682
-0.175953 0.155258
-0.167156 0.154857
-0.158358 0.154485
-0.14956 0.154157
-0.140763 0.153891
-0.131965 0.153692
-0.123167 0.153551
-0.11437 0.153449
-0.105572 0.15338
-0.0967743 0.15335
-0.0879765 0.153375
-0.0791789 0.153471
-0.0703814 0.153642
-0.0615835 0.153882
-0.052786 0.15418
-0.0439882 0.154538
-0.0351906 0.154971
-0.0263932 0.155494
-0.0175953 0.156131
-0.00879776 0.156906
1.19209e-07 0.157843
0.00879765 0.158953
0.0175952 0.16026
0.0263931 0.161819
0.0351906 0.163683
0.0439881 0.165918
0.0527859 0.168758
0.0615835 0.172754
0.0703813 0.178458
0.0791788 0.185572
0.0879763 0.192326
0.0967742 0.196052
0.105572 0.194891
0.11437 0.189172
0.123167 0.181155
0.131965 0.173379
0.140763 0.16719
0.14956 0.16256
0.158358 0.158882
0.167155 0.155703
0.175953 0.152875
0.184751 0.150352
0.193548 0.148074
0.202346 0.145979
0.211144 0.144045
0.219941 0.14226
0.228739 0.140575
0.237537 0.13893
0.246334 0.137343
0.255132 0.135844
0.263929 0.134143
0.272727 0.131278
0.281525 0.125862
0.290322 0.117103
0.29912 0.105823
0.307918 0.0943704
0.316716 0.0852447
0.325513 0.0795976
0.334311 0.0768687
0.343109 0.0756698
0.351906 0.0748911
0.360704 0.0741134
0.369501 0.0733417
0.378299 0.0726297
0.387097 0.071963
0.395894 0.0713139
0.404692 0.0706775
0.41349 0.0700571
0.422287 0.069451
0.431085 0.068858
0.439883 0.0682804
0.44868 0.0677167
0.457478 0.0671613
0.466276 0.0666128
0.475073 0.0660729
0.483871 0.0655443
0.492669 0.0650299
0.501466 0.0645315
0.510264 0.0640462
0.519061 0.0635654
0.527859 0.063081
0.536657 0.0625937
0.545455 0.0621129
0.554252 0.0616479
0.56305 0.0612
0.571848 0.0607608
0.580645 0.0603213
0.589443 0.0598789
0.59824 0.0594386
0.607038 0.059009
0.615836 0.0585945
0.624633 0.0581916
0.633431 0.0577929
0.642229 0.0573923
0.651026 0.056991
0.659824 0.0565941
0.668622 0.0562062
0.677419 0.0558257
0.686217 0.0554466
0.695015 0.0550654
0.703812 0.0546864
0.71261 0.0543184
0.721407 0.053966
0.730205 0.0536245
0.739003 0.0532847
0.747801 0.0529394
0.756598 0.052587
0.765396 0.0522293
0.774194 0.0518715
0.782991 0.0515185
0.791789 0.0511692
0.800586 0.05082
0.809384 0.0504762
0.818182 0.050145
0.826979 0.0498106
0.835777 0.0494493
0.844575 0.049087
0.853372 0.0487613
0.86217 0.048249
0.870968 0.0467525
0.879765 0.0430388
0.888563 0.0362568
0.897361 0.0268863
0.906158 0.0168558
0.914956 0.00851327
0.923753 0.00323537
0.932551 0.000846296
0.941349 0.000186008
0.950147 0.000121806
0.958944 0.00010348
0.967742 5.56464e-05
0.97654 2.93705e-05
0.985337 2.65435e-05
0.994135 2.27829e-05
1.00293 1.46247e-05
1.01173 1.03964e-05
1.02053 1.00991e-05
1.02933 8.75136e-06
1.03812 6.27863e-06
1.04692 5.2779e-06
1.05572 5.21912e-06
1.06452 4.58878e-06
1.07331 3.63172e-06
1.08211 3.43887e-06
1.09091 3.39136e-06
1.09971 3.19171e-06
1.1085 2.81881e-06
1.1173 2.95484e-06
1.1261 3.21218e-06
1.1349 3.04177e-06
1.14369 3.27214e-06
1.15249 4.32255e-06
1.16129 5.28132e-06
1.17009 5.70472e-06
1.17889 8.25578e-06
1.18768 1.49437e-05
1.19648 2.03265e-05
1.20528 2.58674e-05
1.21408 8.55773e-05
1.22287 0.000343033
1.23167 0.00099354
1.24047 0.00215107
1.24927 0.00371982
1.25806 0.00539813
1.26686 0.00683851
1.27566 0.00784137
1.28446 0.00842625
1.29326 0.00874834
1.30205 0.00896142
1.31085 0.00914529
1.31965 0.00931695
1.32845 0.0094732
1.33724 0.00961551
1.34604 0.00974949
1.35484 0.00988079
1.36364 0.010014
1.37243 0.0101523
1.38123 0.010295
1.39003 0.0104389
1.39883 0.0105794
1.40762 0.0107138
1.41642 0.0108415
1.42522 0.0109652
1.43402 0.0110896
1.44282 0.0112195
1.45161 0.0113563
1.46041 0.0114967
1.46921 0.0116352
1.47801 0.0117692
1.4868 0.0119002
1.4956 0.0120311
1.5044 0.0121629
1.5132 0.0122938
1.52199 0.0124218
1.53079 0.0125463
1.53959 0.0126693
1.54839 0.0127929
1.55718 0.0129183
1.56598 0.0130443
1.57478 0.0131684
1.58358 0.0132886
1.59238 0.0134054
1.60117 0.0135213
1.60997 0.0136397
1.61877 0.013763
1.62757 0.0138922
1.63636 0.0140262
1.64516 0.0141614
1.65396 0.0142934
1.66276 0.0144184
1.67155 0.0145364
1.68035 0.014652
1.68915 0.01477
1.69795 0.0148925
1.70674 0.0150172
1.71554 0.01514
1.72434 0.0152594
1.73314 0.0153774
1.74194 0.0154971
1.75073 0.0156215
1.75953 0.0157511
1.76833 0.0158852
1.77713 0.016021
1.78592 0.0161554
1.79472 0.0162861
1.80352 0.0164129
1.81232 0.0165377
1.82111 0.0166617
1.82991 0.0167842
1.83871 0.0169036
1.84751 0.0170195
1.85631 0.0171335
1.8651 0.0172487
1.8739 0.0173668
1.8827 0.0174868
1.8915 0.017607
1.90029 0.0177261
1.90909 0.0178446
1.91789 0.0179643
1.92669 0.0180876
1.93548 0.0182158
1.94428 0.0183471
1.95308 0.0184781
1.96188 0.018606
1.97067 0.0187298
1.97947 0.0188508
1.98827 0.0189702
1.99707 0.0190887
2.00587 0.0192073
2.01466 0.0193281
2.02346 0.0194549
2.03226 0.0195884
2.04106 0.0197255
2.04985 0.0198608
2.05865 0.0199911
2.06745 0.0201173
2.07625 0.0202431
2.08504 0.0203717
2.09384 0.020503
2.10264 0.0206346
2.11144 0.0207629
2.12023 0.0208869
2.12903 0.0210102
2.13783 0.0211387
2.14663 0.0212754
2.15543 0.0214177
2.16422 0.0215597
2.17302 0.0216969
2.18182 0.0218299
2.19062 0.0219629
2.19941 0.0220989
2.20821 0.0222374
2.21701 0.022376
2.22581 0.0225125
2.2346 0.0226474
2.2434 0.0227822
2.2522 0.0229193
2.261 0.0230601
2.26979 0.0232036
2.27859 0.0233473
2.28739 0.0234901
2.29619 0.0236327
2.30499 0.0237772
2.31378 0.023924
2.32258 0.0240704
2.33138 0.0242141
2.34018 0.0243562
2.34897 0.0245012
2.35777 0.0246538
2.36657 0.0248149
2.37537 0.0249815
2.38416 0.0251486
2.39296 0.0253117
2.40176 0.02547
2.41056 0.0256246
2.41935 0.0257786
2.42815 0.0259353
2.43695 0.0260975
2.44575 0.0262662
2.45455 0.0264399
2.46334 0.0266145
2.47214 0.0267861
2.48094 0.0269536
2.48974 0.0271193
2.49853 0.027287
2.50733 0.0274589
2.51613 0.0276344
2.52493 0.0278129
2.53372 0.0279954
2.54252 0.0281854
2.55132 0.028385
2.56012 0.0285921
2.56891 0.0288014
2.57771 0.0290081
2.58651 0.0292096
2.59531 0.0294063
2.60411 0.0296014
2.6129 0.0297993
2.6217 0.0300045
2.6305 0.0302196
2.6393 0.0304426
2.64809 0.0306679
2.65689 0.03089
2.66569 0.0311068
2.67449 0.0313219
2.68328 0.0315419
2.69208 0.0317722
2.70088 0.032013
2.70968 0.0322602
2.71847 0.0325096
2.72727 0.0327601
2.73607 0.0330136
2.74487 0.0332713
2.75367 0.0335327
2.76246 0.0337976
2.77126 0.0340671
2.78006 0.0343416
2.78886 0.0346197
2.79765 0.0348993
2.80645 0.0351823
2.81525 0.0354741
2.82405 0.0357789
2.83284 0.0360964
2.84164 0.0364225
2.85044 0.0367526
2.85924 0.037085
2.86804 0.037421
2.87683 0.037764
2.88563 0.0381182
2.89443 0.0384864
2.90323 0.0388676
2.91202 0.039259
2.92082 0.0396579
2.92962 0.0400644
2.93842 0.0404813
2.94721 0.0409103
2.95601 0.0413531
2.96481 0.0418101
2.97361 0.0422831
2.9824 0.0427744
2.9912 0.0432848
3 0.0438148
3.0088 0.0443646
3.0176 0.0449355
3.02639 0.0455286
3.03519 0.0461449
3.04399 0.0467868
3.05279 0.0474599
3.06158 0.0481718
3.07038 0.0489281
3.07918 0.0497314
3.08798 0.050582
3.09677 0.0514823
3.10557 0.0524391
3.11437 0.0534654
3.12317 0.0545766
3.13196 0.0557915
3.14076 0.0571364
3.14956 0.0586499
3.15836 0.060381
3.16716 0.0623947
3.17595 0.064807
3.18475 0.067783
3.19355 0.0713978
3.20235 0.0753662
3.21114 0.0788919
3.21994 0.0809268
3.22874 0.0807698
3.23754 0.0785436
3.24633 0.0751063
3.25513 0.0714845
3.26393 0.0683274
3.27273 0.0657821
3.28153 0.0637195
3.29032 0.061988
3.29912 0.0605019
3.30792 0.05921
3.31672 0.0580684
3.32551 0.0570408
3.33431 0.0561059
3.34311 0.0552495
3.35191 0.0544582
3.3607 0.0537198
3.3695 0.0530261
3.3783 0.0523728
3.3871 0.0517586
3.39589 0.051182
3.40469 0.0506404
3.41349 0.0501307
3.42229 0.0496495
3.43108 0.0491926
3.43988 0.0487557
3.44868 0.0483363
3.45748 0.0479337
3.46628 0.0475478
3.47507 0.0471779
3.48387 0.0468222
3.49267 0.0464797
3.50147 0.0461499
3.51026 0.0458325
3.51906 0.0455256
3.52786 0.0452269
3.53666 0.0449341
3.54545 0.0446463
3.55425 0.0443648
3.56305 0.0440912
3.57185 0.0438273
3.58064 0.0435731
3.58944 0.0433276
3.59824 0.0430914
3.60704 0.0428655
3.61584 0.042651
3.62463 0.0424465
3.63343 0.0422494
3.64223 0.0420565
3.65103 0.0418648
3.65982 0.0416726
3.66862 0.0414789
3.67742 0.0412846
3.68622 0.0410921
3.69501 0.0409045
3.70381 0.040723
3.71261 0.0405462
3.72141 0.0403698
3.73021 0.0401897
3.739 0.0400083
3.7478 0.0398326
3.7566 0.0396673
3.7654 0.0395118
3.77419 0.0393616
3.78299 0.0392153
3.79179 0.0390739
3.80059 0.0389381
3.80938 0.0388044
3.81818 0.0386678
3.82698 0.0385263
3.83578 0.038382
3.84457 0.0382393
3.85337 0.0381008
3.86217 0.0379672
3.87097 0.0378372
3.87977 0.0377098
3.88856 0.0375839
3.89736 0.0374596
3.90616 0.0373379
3.91496 0.0372197
3.92375 0.0371054
3.93255 0.0369935
3.94135 0.0368825
3.95015 0.036772
3.95894 0.0366605
3.96774 0.0365468
3.97654 0.0364303
3.98534 0.0363135
3.99413 0.0362004
4.00293 0.0360951
4.01173 0.035999
4.02053 0.0359095
4.02933 0.0358216
4.03812 0.0357291
4.04692 0.0356293
4.05572 0.0355238
4.06452 0.0354186
4.07331 0.0353187
4.08211 0.0352262
4.09091 0.0351382
4.09971 0.0350507
4.1085 0.0349629
4.1173 0.0348756
4.1261 0.0347893
4.1349 0.034702
4.14369 0.034612
4.15249 0.0345205
4.16129 0.034428
4.17009 0.0343349
4.17889 0.034242
4.18768 0.0341504
4.19648 0.0340608
4.20528 0.0339723
4.21408 0.0338829
4.22287 0.0337921
4.23167 0.033701
4.24047 0.0336136
4.24927 0.0335323
4.25806 0.0334569
4.26686 0.0333842
4.27566 0.0333113
4.28446 0.0332398
4.29325 0.0331728
4.30205 0.0331083
4.31085 0.0330417
4.31965 0.03297
4.32845 0.0328945
4.33724 0.0328166
4.34604 0.0327365
4.35484 0.0326559
4.36364 0.0325791
4.37243 0.03251
4.38123 0.0324463
4.39003 0.0323802
4.39883 0.0323067
4.40762 0.0322293
4.41642 0.0321568
4.42522 0.0320935
4.43402 0.032035
4.44281 0.0319719
4.45161 0.0318994
4.46041 0.0318194
4.46921 0.0317387
4.47801 0.0316626
4.4868 0.0315923
4.4956 0.0315278
4.5044 0.0314717
4.5132 0.0314256
4.52199 0.0313854
4.53079 0.0313415
4.53959 0.0312873
4.54839 0.0312227
4.55718 0.0311515
4.56598 0.0310767
4.57478 0.0310024
4.58358 0.0309349
4.59238 0.0308772
4.60117 0.0308256
4.60997 0.030774
4.61877 0.030719
4.62757 0.0306607
4.63636 0.0305993
4.64516 0.0305348
4.65396 0.0304687
4.66276 0.0304038
4.67155 0.0303432
4.68035 0.030289
4.68915 0.0302397
4.69795 0.0301906
4.70674 0.0301376
4.71554 0.0300818
4.72434 0.030027
4.73314 0.0299719
4.74194 0.0299114
4.75073 0.0298432
4.75953 0.0297716
4.76833 0.029704
4.77713 0.0296461
4.78592 0.0295973
4.79472 0.0295512
4.80352 0.0294986
4.81232 0.0294355
4.82111 0.0293668
4.82991 0.029301
4.83871 0.0292433
4.84751 0.0291924
4.85631 0.0291426
4.8651 0.0290862
4.8739 0.0290199
4.8827 0.0289498
4.8915 0.0288884
4.90029 0.0288418
4.90909 0.0288036
4.91789 0.0287626
4.92669 0.0287153
4.93548 0.0286649
4.94428 0.0286123
4.95308 0.0285539
4.96188 0.028489
4.97067 0.0284238
4.97947 0.0283647
4.98827 0.0283094
4.99707 0.0282517
5.00587 0.0281902
5.01466 0.0281273
5.02346 0.0280663
5.03226 0.0280101
5.04106 0.02796
5.04985 0.0279126
5.05865 0.0278612
5.06745 0.0278039
5.07625 0.0277431
5.08504 0.027679
5.09384 0.0276096
5.10264 0.0275377
5.11144 0.0274672
5.12023 0.0273949
5.12903 0.0273165
5.13783 0.0272303
5.14663 0.0271374
5.15543 0.0270395
5.16422 0.0269179
5.17302 0.0267485
5.18182 0.0265545
5.19062 0.0261275
5.19941 0.0244665
5.20821 0.0202067
5.21701 0.0134411
5.22581 0.00652499
5.2346 0.00202616
5.2434 0.000336192
5.2522 7.07836e-05
5.261 5.67986e-05
5.26979 2.47023e-05
5.27859 1.49201e-05
5.28739 1.21946e-05
5.29619 6.64982e-06
5.30499 5.37624e-06
5.31378 4.31344e-06
5.32258 2.74562e-06
5.33138 2.50089e-06
5.34018 2.04337e-06
5.34897 1.8685e-06
5.35777 1.80118e-06
5.36657 1.54033e-06
5.37537 1.00007e-06
5.38416 8.57781e-07
5.39296 3.5987e-07
5.40176 3.60944e-07
5.41056 2.10993e-07
5.41935 1.71501e-08
5.42815 -1.86279e-07
5.43695 -7.84715e-08
5.44575 -1.68319e-07
5.45455 2.7092e-07
5.46334 2.92332e-07
5.47214 2.2831e-07
5.48094 1.8543e-07
5.48974 2.09928e-07
5.49853 4.06526e-07
5.50733 4.33287e-07
5.51613 3.07984e-07
5.52493 2.33192e-07
5.53372 2.18439e-07
5.54252 6.00667e-08
5.55132 2.95523e-08
5.56012 1.50171e-07
5.56891 6.67721e-08
5.57771 7.0303e-08
5.58651 -9.7209e-08
5.59531 -1.12791e-07
5.60411 -2.90878e-07
5.6129 -1.78471e-07
5.6217 -1.20548e-07
5.6305 -1.09931e-07
5.6393 3.90396e-07
5.64809 3.69295e-07
5.65689 4.59246e-07
5.66569 1.9052e-07
5.67449 3.28868e-08
5.68328 -8.06101e-09
5.69208 -1.80576e-08
5.70088 1.88757e-07
5.70968 5.58901e-07
5.71848 6.77312e-07
5.72727 6.41572e-07
5.73607 2.84348e-07
5.74487 2.09093e-09
5.75367 -2.6315e-08
5.76246 2.38433e-08
5.77126 1.69659e-07
5.78006 5.72687e-08
5.78886 -3.24335e-07
5.79765 -3.20305e-07
5.80645 -1.52429e-07
5.81525 -2.74685e-08
5.82405 -1.05924e-07
5.83284 -1.23463e-07
5.84164 -2.79225e-07
5.85044 -1.22379e-07
5.85924 1.34496e-07
5.86804 2.65972e-08
5.87683 -3.84204e-10
5.88563 1.07094e-07
5.89443 1.58972e-07
5.90323 3.99638e-07
5.91202 2.58327e-07
5.92082 7.65996e-08
5.92962 -1.69151e-08
5.93842 3.89355e-08
5.94721 1.80459e-07
5.95601 4.85886e-08
5.96481 9.76311e-08
5.97361 2.0281e-07
5.9824 3.22304e-07
5.9912 2.03705e-07
6 1.43094e-07
