-3 -2.07204e-07
-2.9912 -2.90225e-07
-2.9824 -2.97168e-07
-2.97361 -5.28973e-07
-2.96481 -4.31457e-07
-2.95601 -2.16712e-07
-2.94721 2.09425e-07
-2.93842 1.1058e-08
-2.92962 5.33117e-08
-2.92082 -1.29752e-07
-2.91202 -2.68023e-07
-2.90323 4.98734e-08
-2.89443 2.3715e-07
-2.88563 3.3901e-07
-2.87683 1.25083e-07
-2.86804 -1.55146e-07
-2.85924 -1.93854e-07
-2.85044 -2.46003e-07
-2.84164 -2.50701e-07
-2.83284 -1.7443e-07
-2.82405 9.7315e-08
-2.81525 1.3734e-07
-2.80645 8.99038e-08
-2.79765 1.10942e-07
-2.78886 2.80876e-07
-2.78006 1.30894e-07
-2.77126 6.59921e-08
-2.76246 1.48371e-07
-2.75367 6.17125e-08
-2.74487 -7.59328e-08
-2.73607 -1.89205e-07
-2.72727 -1.54298e-07
-2.71848 -5.32804e-08
-2.70968 -2.60432e-08
-2.70088 1.47046e-07
-2.69208 1.45133e-07
-2.68328 2.68532e-08
-2.67449 1.39072e-07
-2.66569 4.42271e-08
-2.65689 7.57171e-08
-2.64809 -1.21845e-07
-2.6393 -4.00517e-07
-2.6305 -1.11275e-07
-2.6217 3.65354e-09
-2.6129 1.09591e-07
-2.60411 9.13766e-08
-2.59531 1.29822e-07
-2.58651 1.63236e-07
-2.57771 8.45134e-09
-2.56891 1.67637e-07
-2.56012 1.44366e-07
-2.55132 2.49689e-07
-2.54252 3.2176e-07
-2.53372 1.78894e-07
-2.52493 1.46482e-07
-2.51613 1.41214e-07
-2.50733 2.96794e-08
-2.49853 3.54674e-08
-2.48974 -1.56583e-07
-2.48094 -8.23161e-08
-2.47214 -2.95268e-08
-2.46334 -4.31029e-08
-2.45455 1.23624e-07
-2.44575 1.52443e-07
-2.43695 1.23924e-08
-2.42815 -9.35688e-08
-2.41935 -1.23228e-07
-2.41056 2.50859e-10
-2.40176 1.3857e-07
-2.39296 4.32417e-07
-2.38416 3.16856e-07
-2.37537 2.83303e-07
-2.36657 2.39486e-07
-2.35777 2.64241e-07
-2.34897 2.81989e-07
-2.34018 2.60019e-07
-2.33138 4.64837e-07
-2.32258 4.67782e-07
-2.31378 4.27521e-07
-2.30499 1.16429e-07
-2.29619 -5.11533e-08
-2.28739 4.30221e-08
-2.27859 1.3205e-07
-2.26979 1.56241e-07
-2.261 9.59616e-08
-2.2522 2.11763e-07
-2.2434 5.52034e-07
-2.2346 6.71637e-07
-2.22581 8.21367e-07
-2.21701 8.4126e-07
-2.20821 8.34673e-07
-2.19941 6.49399e-07
-2.19062 6.41609e-07
-2.18182 7.16215e-07
-2.17302 8.21819e-07
-2.16422 8.57266e-07
-2.15543 1.10048e-06
-2.14663 1.30708e-06
-2.13783 1.26959e-06
-2.12903 1.40323e-06
-2.12023 1.52359e-06
-2.11144 1.58887e-06
-2.10264 1.72182e-06
-2.09384 2.17175e-06
-2.08504 2.43345e-06
-2.07625 2.68653e-06
-2.06745 2.72986e-06
-2.05865 3.34077e-06
-2.04985 4.36644e-06
-2.04106 4.57368e-06
-2.03226 5.61425e-06
-2.02346 7.53196e-06
-2.01466 7.70186e-06
-2.00587 1.07653e-05
-1.99707 1.57704e-05
-1.98827 1.6715e-05
-1.97947 2.66766e-05
-1.97067 4.29205e-05
-1.96188 4.63005e-05
-1.95308 9.62802e-05
-1.94428 0.000193598
-1.93548 0.000224372
-1.92669 0.00114178
-1.91789 0.00630501
-1.90909 0.0194095
-1.90029 0.0395267
-1.8915 0.0599109
-1.8827 0.0736497
-1.8739 0.0794602
-1.8651 0.0808184
-1.8563 0.0811316
-1.84751 0.0814913
-1.83871 0.0818301
-1.82991 0.0821373
-1.82111 0.0824725
-1.81232 0.0828075
-1.80352 0.0831229
-1.79472 0.0834384
-1.78592 0.0837627
-1.77713 0.0840996
-1.76833 0.0844537
-1.75953 0.0848112
-1.75073 0.0851507
-1.74194 0.0854752
-1.73314 0.0858126
-1.72434 0.0861828
-1.71554 0.0865664
-1.70674 0.0869282
-1.69795 0.0872641
-1.68915 0.0876053
-1.68035 0.0879776
-1.67155 0.088378
-1.66276 0.0887951
-1.65396 0.0892238
-1.64516 0.0896603
-1.63636 0.0900963
-1.62757 0.0905268
-1.61877 0.0909569
-1.60997 0.0913936
-1.60117 0.0918357
-1.59238 0.0922809
-1.58358 0.0927308
-1.57478 0.0931942
-1.56598 0.0936805
-1.55718 0.0941924
-1.54839 0.0947269
-1.53959 0.0952774
-1.53079 0.0958406
-1.52199 0.0964124
-1.5132 0.0969871
-1.5044 0.0975636
-1.4956 0.0981475
-1.4868 0.0987449
-1.47801 0.0993586
-1.46921 0.0999913
-1.46041 0.100647
-1.45161 0.10133
-1.44282 0.102036
-1.43402 0.102757
-1.42522 0.103493
-1.41642 0.104259
-1.40762 0.105061
-1.39883 0.105887
-1.39003 0.10673
-1.38123 0.107594
-1.37243 0.108479
-1.36364 0.10941
-1.35484 0.110428
-1.34604 0.111493
-1.33724 0.112596
-1.32845 0.114392
-1.31965 0.118616
-1.31085 0.127044
-1.30205 0.139426
-1.29326 0.152817
-1.28446 0.163594
-1.27566 0.170182
-1.26686 0.173625
-1.25806 0.175856
-1.24927 0.178016
-1.24047 0.180318
-1.23167 0.182731
-1.22287 0.185315
-1.21408 0.188144
-1.20528 0.191266
-1.19648 0.194727
-1.18768 0.19856
-1.17889 0.202849
-1.17009 0.207826
-1.16129 0.213692
-1.15249 0.220658
-1.1437 0.229826
-1.1349 0.243429
-1.1261 0.262041
-1.1173 0.280479
-1.1085 0.288573
-1.09971 0.278991
-1.09091 0.254637
-1.08211 0.226767
-1.07331 0.205554
-1.06452 0.193484
-1.05572 0.187167
-1.04692 0.18292
-1.03812 0.17938
-1.02933 0.176485
-1.02053 0.174138
-1.01173 0.172125
-1.00293 0.170374
-0.994135 0.168874
-0.985337 0.167566
-0.97654 0.166398
-0.967742 0.165365
-0.958944 0.164462
-0.950147 0.163678
-0.941349 0.163005
-0.932551 0.162438
-0.923754 0.161963
-0.914956 0.161561
-0.906158 0.16122
-0.897361 0.160935
-0.888563 0.16071
-0.879766 0.16055
-0.870968 0.160456
-0.86217 0.160426
-0.853372 0.160458
-0.844575 0.16055
-0.835777 0.160691
-0.826979 0.160867
-0.818182 0.161073
-0.809384 0.161323
-0.800587 0.161628
-0.791789 0.161995
-0.782991 0.162417
-0.774194 0.162889
-0.765396 0.163417
-0.756598 0.164004
-0.747801 0.164653
-0.739003 0.165363
-0.730205 0.166136
-0.721408 0.166969
-0.71261 0.167855
-0.703812 0.168788
-0.695015 0.169782
-0.686217 0.170861
-0.677419 0.172048
-0.668622 0.173352
-0.659824 0.174768
-0.651026 0.176291
-0.642229 0.177931
-0.633431 0.179709
-0.624633 0.18165
-0.615836 0.183768
-0.607038 0.186087
-0.598241 0.188636
-0.589443 0.191444
-0.580645 0.194578
-0.571847 0.198179
-0.56305 0.202385
-0.554252 0.207303
-0.545455 0.213331
-0.536657 0.221505
-0.527859 0.232877
-0.519062 0.246723
-0.510264 0.259325
-0.501466 0.265487
-0.492669 0.262199
-0.483871 0.251065
-0.475073 0.236966
-0.466276 0.224405
-0.457478 0.215073
-0.44868 0.208305
-0.439883 0.202921
-0.431085 0.19831
-0.422287 0.19432
-0.41349 0.190858
-0.404692 0.187794
-0.395895 0.185037
-0.387097 0.182533
-0.378299 0.180232
-0.369502 0.178092
-0.360704 0.176097
-0.351906 0.174249
-0.343109 0.172542
-0.334311 0.17096
-0.325513 0.16948
-0.316716 0.168083
-0.307918 0.166758
-0.29912 0.16551
-0.290323 0.164346
-0.281525 0.163264
-0.272727 0.162249
-0.26393 0.161289
-0.255132 0.160378
-0.246334 0.159527
-0.237537 0.158743
-0.228739 0.158028
-0.219941 0.157369
-0.211144 0.15675
-0.202346 0.156167
-0.193548 0.155624
-0.184751 0.155128
-0.175953 0.154682
-0.167156 0.154283
-0.158358 0.153926
-0.14956 0.153613
-0.140763 0.153349
-0.131965 0.153138
-0.123167 0.152976
-0.11437 0.152855
-0.105572 0.152767
-0.0967743 0.152717
-0.0879765 0.152722
-0.0791789 0.152802
-0.0703814 0.152974
-0.0615835 0.153232
-0.052786 0.153555
-0.0439882 0.15393
-0.0351906 0.154365
-0.0263932 0.154886
-0.0175953 0.155524
-0.00879776 0.156305
1.19209e-07 0.157241
0.00879765 0.158344
0.0175952 0.15965
0.0263931 0.161229
0.0351906 0.163131
0.0439881 0.165399
0.0527859 0.168244
0.0615835 0.172207
0.0703813 0.177852
0.0791788 0.184909
0.0879763 0.191629
0.0967742 0.195348
0.105572 0.194192
0.11437 0.18847
0.123167 0.180434
0.131965 0.172631
0.140763 0.166422
0.14956 0.161789
0.158358 0.158122
0.167155 0.154958
0.175953 0.15214
0.184751 0.149625
0.193548 0.147346
0.202346 0.145236
0.211144 0.143266
0.219941 0.141434
0.228739 0.139711
0.237537 0.138058
0.246334 0.136487
0.255132 0.135009
0.263929 0.133309
0.272727 0.130425
0.281525 0.12499
0.290322 0.116229
0.29912 0.104966
0.307918 0.0935344
0.316716 0.0844169
0.325513 0.0787558
0.334311 0.0759956
0.343109 0.0747622
0.351906 0.0739624
0.360704 0.0731855
0.369501 0.0724306
0.378299 0.0717359
0.387097 0.0710707
0.395894 0.0704032
0.404692 0.0697386
0.41349 0.0690952
0.422287 0.0684801
0.431085 0.0678908
0.439883 0.0673209
0.44868 0.0667599
0.457478 0.0662002
0.466276 0.0656424
0.475073 0.0650944
0.483871 0.0645621
0.492669 0.0640464
0.501466 0.0635445
0.510264 0.0630535
0.519061 0.0625708
0.527859 0.0620955
0.536657 0.0616262
0.545455 0.0611622
0.554252 0.0607024
0.56305 0.0602483
0.571848 0.0598034
0.580645 0.0593701
0.589443 0.0589477
0.59824 0.0585307
0.607038 0.0581127
0.615836 0.0576915
0.624633 0.0572688
0.633431 0.0568512
0.642229 0.0564445
0.651026 0.05605
0.659824 0.055664
0.668622 0.0552816
0.677419 0.0549007
0.686217 0.0545232
0.695015 0.0541526
0.703812 0.053791
0.71261 0.0534374
0.721407 0.0530875
0.730205 0.0527378
0.739003 0.0523895
0.747801 0.0520478
0.756598 0.0517151
0.765396 0.0513864
0.774194 0.0510549
0.782991 0.0507172
0.791789 0.0503719
0.800586 0.0500218
0.809384 0.0496785
0.818182 0.0493515
0.826979 0.0490252
0.835777 0.0486747
0.844575 0.0483233
0.853372 0.0480058
0.86217 0.0475019
0.870968 0.0460267
0.879765 0.0423679
0.888563 0.0356891
0.897361 0.0264634
0.906158 0.0165892
0.914956 0.0083778
0.923753 0.00318343
0.932551 0.000832533
0.941349 0.000183028
0.950147 0.000120038
0.958944 0.000102149
0.967742 5.506e-05
0.97654 2.9093e-05
0.985337 2.62648e-05
0.994135 2.24929e-05
1.00293 1.44759e-05
1.01173 1.03079e-05
1.02053 1.00278e-05
1.02933 8.79376e-06
1.03812 6.49536e-06
1.04692 5.38891e-06
1.05572 5.4198e-06
1.06452 4.77895e-06
1.07331 3.73943e-06
1.08211 3.57686e-06
1.09091 3.88922e-06
1.09971 3.78262e-06
1.1085 3.47248e-06
1.1173 3.88596e-06
1.1261 5.00793e-06
1.1349 5.51267e-06
1.14369 5.88951e-06
1.15249 9.51099e-06
1.16129 1.6647e-05
1.17009 2.02703e-05
1.17889 2.85325e-05
1.18768 0.000114219
1.19648 0.000438537
1.20528 0.00118448
1.21408 0.00241171
1.22287 0.00395545
1.23167 0.00548325
1.24047 0.00668407
1.24927 0.00743865
1.25806 0.00783294
1.26686 0.00803869
1.27566 0.00818645
1.28446 0.00832484
1.29326 0.00845633
1.30205 0.00857866
1.31085 0.00869615
1.31965 0.00881328
1.32845 0.00893122
1.33724 0.00905037
1.34604 0.00917153
1.35484 0.00929398
1.36364 0.00941544
1.37243 0.00953453
1.38123 0.00965139
1.39003 0.00976744
1.39883 0.00988294
1.40762 0.00999743
1.41642 0.0101115
1.42522 0.0102272
1.43402 0.0103471
1.44282 0.0104719
1.45161 0.0105985
1.46041 0.0107216
1.46921 0.0108371
1.47801 0.0109452
1.4868 0.0110504
1.4956 0.0111573
1.5044 0.0112685
1.5132 0.011384
1.52199 0.0115026
1.53079 0.0116236
1.53959 0.0117465
1.54839 0.0118699
1.55718 0.0119915
1.56598 0.0121097
1.57478 0.0122249
1.58358 0.0123394
1.59238 0.0124551
1.60117 0.0125724
1.60997 0.0126902
1.61877 0.0128077
1.62757 0.0129245
1.63636 0.0130395
1.64516 0.0131524
1.65396 0.0132646
1.66276 0.0133787
1.67155 0.0134973
1.68035 0.0136199
1.68915 0.0137438
1.69795 0.0138676
1.70674 0.0139914
1.71554 0.0141164
1.72434 0.0142418
1.73314 0.0143649
1.74194 0.0144841
1.75073 0.0146005
1.75953 0.0147166
1.76833 0.0148358
1.77713 0.0149595
1.78592 0.0150879
1.79472 0.0152173
1.80352 0.0153431
1.81232 0.0154615
1.82111 0.0155734
1.82991 0.0156843
1.83871 0.0158007
1.84751 0.0159248
1.85631 0.0160533
1.8651 0.0161812
1.8739 0.0163056
1.8827 0.0164274
1.8915 0.0165498
1.90029 0.016675
1.90909 0.0168027
1.91789 0.0169316
1.92669 0.0170606
1.93548 0.0171896
1.94428 0.0173188
1.95308 0.0174487
1.96188 0.0175795
1.97067 0.0177105
1.97947 0.0178403
1.98827 0.0179673
1.99707 0.0180917
2.00587 0.0182146
2.01466 0.0183378
2.02346 0.0184623
2.03226 0.0185889
2.04106 0.0187187
2.04985 0.0188518
2.05865 0.0189865
2.06745 0.0191202
2.07625 0.0192519
2.08504 0.0193838
2.09384 0.0195185
2.10264 0.0196566
2.11144 0.0197951
2.12023 0.0199316
2.12903 0.0200668
2.13783 0.0202043
2.14663 0.0203456
2.15543 0.0204872
2.16422 0.0206244
2.17302 0.020756
2.18182 0.0208867
2.19062 0.0210229
2.19941 0.0211678
2.20821 0.0213194
2.21701 0.0214739
2.22581 0.0216289
2.2346 0.021784
2.2434 0.0219388
2.2522 0.0220925
2.261 0.0222434
2.26979 0.0223906
2.27859 0.0225351
2.28739 0.0226805
2.29619 0.0228311
2.30499 0.0229889
2.31378 0.0231514
2.32258 0.0233141
2.33138 0.0234742
2.34018 0.0236326
2.34897 0.0237911
2.35777 0.0239498
2.36657 0.0241088
2.37537 0.0242688
2.38416 0.0244322
2.39296 0.0245987
2.40176 0.024766
2.41056 0.0249322
2.41935 0.0250989
2.42815 0.0252709
2.43695 0.0254519
2.44575 0.0256407
2.45455 0.0258317
2.46334 0.0260188
2.47214 0.0261996
2.48094 0.0263755
2.48974 0.0265515
2.49853 0.0267321
2.50733 0.0269201
2.51613 0.0271152
2.52493 0.0273154
2.53372 0.0275177
2.54252 0.0277202
2.55132 0.027922
2.56012 0.0281227
2.56891 0.028323
2.57771 0.0285245
2.58651 0.0287311
2.59531 0.0289467
2.60411 0.0291727
2.6129 0.0294066
2.6217 0.0296434
2.6305 0.0298789
2.6393 0.0301114
2.64809 0.0303418
2.65689 0.030572
2.66569 0.0308044
2.67449 0.0310402
2.68328 0.0312795
2.69208 0.0315227
2.70088 0.0317709
2.70968 0.0320249
2.71847 0.0322828
2.72727 0.032542
2.73607 0.0328003
2.74487 0.0330598
2.75367 0.0333265
2.76246 0.0336051
2.77126 0.0338965
2.78006 0.0341969
2.78886 0.0345028
2.79765 0.0348136
2.80645 0.0351309
2.81525 0.0354569
2.82405 0.0357905
2.83284 0.0361295
2.84164 0.0364716
2.85044 0.0368156
2.85924 0.0371623
2.86804 0.0375149
2.87683 0.0378766
2.88563 0.0382505
2.89443 0.0386374
2.90323 0.0390375
2.91202 0.0394521
2.92082 0.0398822
2.92962 0.0403267
2.93842 0.0407833
2.94721 0.0412492
2.95601 0.0417236
2.96481 0.0422083
2.97361 0.0427051
2.9824 0.0432164
2.9912 0.0437455
3 0.0442984
3.0088 0.0448797
3.0176 0.0454933
3.02639 0.0461405
3.03519 0.0468205
3.04399 0.0475315
3.05279 0.048272
3.06158 0.0490466
3.07038 0.0498656
3.07918 0.050741
3.08798 0.0516817
3.09677 0.0526975
3.10557 0.0537998
3.11437 0.055
3.12317 0.0563109
3.13196 0.0577584
3.14076 0.0593817
3.14956 0.0612315
3.15836 0.0634053
3.16716 0.0661147
3.17595 0.0696309
3.18475 0.0739693
3.19355 0.0784939
3.20235 0.0819287
3.21114 0.083014
3.21994 0.0813629
3.22874 0.0777446
3.23754 0.073517
3.24633 0.0697506
3.25513 0.0668065
3.26393 0.064536
3.27273 0.0626918
3.28153 0.0611321
3.29032 0.0597924
3.29912 0.0586175
3.30792 0.0575587
3.31672 0.0565894
3.32551 0.0557011
3.33431 0.0548882
3.34311 0.054141
3.35191 0.0534461
3.3607 0.0527913
3.3695 0.0521707
3.3783 0.0515874
3.3871 0.0510465
3.39589 0.0505446
3.40469 0.0500699
3.41349 0.0496122
3.42229 0.0491699
3.43108 0.0487483
3.43988 0.0483503
3.44868 0.047973
3.45748 0.0476111
3.46628 0.0472627
3.47507 0.0469297
3.48387 0.0466131
3.49267 0.04631
3.50147 0.0460137
3.51026 0.0457196
3.51906 0.0454267
3.52786 0.0451367
3.53666 0.0448542
3.54545 0.0445836
3.55425 0.0443294
3.56305 0.0440905
3.57185 0.0438604
3.58064 0.0436305
3.58944 0.0433954
3.59824 0.0431586
3.60704 0.0429265
3.61584 0.042704
3.62463 0.0424914
3.63343 0.0422881
3.64223 0.0420938
3.65103 0.041908
3.65982 0.0417282
3.66862 0.0415527
3.67742 0.0413822
3.68622 0.041218
3.69501 0.0410582
3.70381 0.0408977
3.71261 0.0407326
3.72141 0.0405633
3.73021 0.0403944
3.739 0.0402315
3.7478 0.0400788
3.7566 0.0399341
3.7654 0.0397902
3.77419 0.0396393
3.78299 0.0394817
3.79179 0.039327
3.80059 0.0391857
3.80938 0.0390615
3.81818 0.0389469
3.82698 0.0388293
3.83578 0.0387032
3.84457 0.0385735
3.85337 0.038449
3.86217 0.0383319
3.87097 0.038216
3.87977 0.0380947
3.88856 0.0379685
3.89736 0.0378439
3.90616 0.0377265
3.91496 0.0376168
3.92375 0.0375118
3.93255 0.037408
3.94135 0.0373022
3.95015 0.0371931
3.95894 0.0370824
3.96774 0.0369748
3.97654 0.0368724
3.98534 0.0367711
3.99413 0.0366644
4.00293 0.0365502
4.01173 0.0364341
4.02053 0.0363252
4.02933 0.0362299
4.03812 0.0361474
4.04692 0.0360713
4.05572 0.0359932
4.06452 0.0359092
4.07331 0.035821
4.08211 0.0357324
4.09091 0.0356455
4.09971 0.0355581
4.1085 0.035467
4.1173 0.0353729
4.1261 0.0352806
4.1349 0.0351927
4.14369 0.0351063
4.15249 0.0350174
4.16129 0.0349274
4.17009 0.0348416
4.17889 0.0347631
4.18768 0.0346877
4.19648 0.0346083
4.20528 0.0345228
4.21408 0.0344369
4.22287 0.0343602
4.23167 0.0342971
4.24047 0.0342433
4.24927 0.0341873
4.25806 0.0341216
4.26686 0.0340475
4.27566 0.0339713
4.28446 0.0338958
4.29325 0.0338198
4.30205 0.0337419
4.31085 0.0336641
4.31965 0.0335907
4.32845 0.0335231
4.33724 0.0334593
4.34604 0.0333967
4.35484 0.0333339
4.36364 0.0332715
4.37243 0.0332065
4.38123 0.0331356
4.39003 0.0330588
4.39883 0.0329818
4.40762 0.0329118
4.41642 0.0328503
4.42522 0.0327914
4.43402 0.0327277
4.44281 0.0326577
4.45161 0.0325886
4.46041 0.0325265
4.46921 0.03247
4.47801 0.0324117
4.4868 0.0323489
4.4956 0.0322847
4.5044 0.0322229
4.5132 0.0321634
4.52199 0.0321066
4.53079 0.0320537
4.53959 0.032003
4.54839 0.0319484
4.55718 0.0318873
4.56598 0.0318244
4.57478 0.0317673
4.58358 0.0317182
4.59238 0.0316728
4.60117 0.0316266
4.60997 0.0315769
4.61877 0.0315224
4.62757 0.0314618
4.63636 0.0313937
4.64516 0.031321
4.65396 0.0312507
4.66276 0.0311894
4.67155 0.0311374
4.68035 0.0310879
4.68915 0.0310367
4.69795 0.0309889
4.70674 0.0309502
4.71554 0.0309149
4.72434 0.0308688
4.73314 0.0308056
4.74194 0.0307358
4.75073 0.0306756
4.75953 0.0306271
4.76833 0.0305806
4.77713 0.0305293
4.78592 0.0304762
4.79472 0.0304244
4.80352 0.030371
4.81232 0.0303128
4.82111 0.0302542
4.82991 0.0302017
4.83871 0.0301554
4.84751 0.0301137
4.85631 0.0300789
4.8651 0.0300493
4.8739 0.0300136
4.8827 0.0299613
4.8915 0.0298982
4.90029 0.0298411
4.90909 0.0297958
4.91789 0.029753
4.92669 0.0297023
4.93548 0.0296458
4.94428 0.0295899
4.95308 0.0295385
4.96188 0.0294895
4.97067 0.0294399
4.97947 0.0293878
4.98827 0.0293343
4.99707 0.0292822
5.00587 0.0292309
5.01466 0.0291765
5.02346 0.0291175
5.03226 0.0290597
5.04106 0.0290103
5.04985 0.0289685
5.05865 0.0289271
5.06745 0.0288808
5.07625 0.0288264
5.08504 0.0287634
5.09384 0.0286974
5.10264 0.0286378
5.11144 0.0285871
5.12023 0.0285369
5.12903 0.0284727
5.13783 0.028393
5.14663 0.0283198
5.15543 0.0282449
5.16422 0.0281354
5.17302 0.027998
5.18182 0.027538
5.19062 0.0255785
5.19941 0.0207138
5.20821 0.0133376
5.21701 0.00616992
5.22581 0.00178125
5.2346 0.000269348
5.2434 7.16055e-05
5.2522 5.62985e-05
5.261 2.28627e-05
5.26979 1.52833e-05
5.27859 1.20191e-05
5.28739 6.4266e-06
5.29619 5.43424e-06
5.30499 4.10039e-06
5.31378 2.73908e-06
5.32258 2.54546e-06
5.33138 2.06228e-06
5.34018 1.50878e-06
5.34897 1.15042e-06
5.35777 8.83531e-07
5.36657 7.0785e-07
5.37537 7.84067e-07
5.38416 8.11462e-07
5.39296 9.45437e-07
5.40176 8.30195e-07
5.41056 6.33325e-07
5.41935 5.08568e-07
5.42815 3.39165e-07
5.43695 3.95051e-07
5.44575 1.86319e-07
5.45455 8.41316e-08
5.46334 7.52772e-09
5.47214 -6.27742e-08
5.48094 -6.40432e-08
5.48974 1.23696e-08
5.49853 2.02745e-07
5.50733 3.7782e-07
5.51613 4.11494e-07
5.52493 2.39131e-07
5.53372 9.04483e-08
5.54252 -6.9369e-08
5.55132 -1.41024e-07
5.56012 3.29297e-09
5.56891 1.75448e-07
5.57771 9.37667e-08
5.58651 -7.14232e-08
5.59531 3.36622e-08
5.60411 1.51609e-08
5.6129 2.084e-07
5.6217 2.09166e-07
5.6305 1.94915e-07
5.6393 2.90819e-07
5.64809 5.51699e-07
5.65689 3.78751e-07
5.66569 2.54132e-07
5.67449 1.03361e-07
5.68328 1.86391e-07
5.69208 4.12711e-07
5.70088 1.97453e-07
5.70968 1.12397e-09
5.71848 -1.40132e-07
5.72727 -2.41947e-07
5.73607 -2.23987e-07
5.74487 -3.40643e-08
5.75367 1.54672e-07
5.76246 2.83307e-07
5.77126 3.39971e-07
5.78006 4.0414e-07
5.78886 4.10553e-07
5.79765 3.38777e-07
5.80645 2.31424e-07
5.81525 8.05884e-08
5.82405 1.41935e-07
5.83284 1.34867e-07
5.84164 1.30515e-07
5.85044 8.70703e-08
5.85924 -5.11197e-08
5.86804 -4.11283e-08
5.87683 -1.19458e-07
5.88563 -5.91074e-08
5.89443 4.72881e-08
5.90323 1.28356e-07
5.91202 1.99856e-07
5.92082 2.52732e-07
5.92962 1.79293e-07
5.93842 1.54811e-07
5.94721 2.69815e-07
5.95601 2.73871e-07
5.96481 3.1385e-07
5.97361 3.48969e-07
5.9824 1.5653e-07
5.9912 -4.4258e-08
6 -4.33893e-08
