-3 0.000140228 0
-2.9912 0.000156764 0
-2.9824 0.000173635 0
-2.97361 0.000190377 0
-2.96481 0.000206429 0
-2.95601 0.000221155 0
-2.94721 0.000233875 0
-2.93842 0.000243898 0
-2.92962 0.000250566 0
-2.92082 0.000253299 0
-2.91202 0.000251636 0
-2.90323 0.000245272 0
-2.89443 0.000234082 0
-2.88563 0.000218136 0
-2.87683 0.0001977 0
-2.86804 0.000173222 0
-2.85924 0.000145309 0
-2.85044 0.000114686 0
-2.84164 8.21535e-05 0
-2.83284 4.85391e-05 0
-2.82405 1.46442e-05 0
-2.81525 -1.87954e-05 0
-2.80645 -5.11436e-05 0
-2.79765 -8.18854e-05 0
-2.78886 -0.000110639 0
-2.78006 -0.000137148 0
-2.77126 -0.000161278 0
-2.76246 -0.000182994 0
-2.75367 -0.000202342 0
-2.74487 -0.00021943 0
-2.73607 -0.000234406 0
-2.72727 -0.000247447 0
-2.71848 -0.000258739 0
-2.70968 -0.000268473 0
-2.70088 -0.000276832 0
-2.69208 -0.00028399 0
-2.68328 -0.000290108 0
-2.67449 -0.00029533 0
-2.66569 -0.000299788 0
-2.65689 -0.000303595 0
-2.64809 -0.000306851 0
-2.6393 -0.000309643 0
-2.6305 -0.000312043 0
-2.6217 -0.000314117 0
-2.6129 -0.000315916 0
-2.60411 -0.000317486 0
-2.59531 -0.000318865 0
-2.58651 -0.000320084 0
-2.57771 -0.00032117 0
-2.56891 -0.000322146 0
-2.56012 -0.00032303 0
-2.55132 -0.000323838 0
-2.54252 -0.000324583 0
-2.53372 -0.000325275 0
-2.52493 -0.000325924 0
-2.51613 -0.000326538 0
-2.50733 -0.000327122 0
-2.49853 -0.000327681 0
-2.48974 -0.000328218 0
-2.48094 -0.000328738 0
-2.47214 -0.000329243 0
-2.46334 -0.000329735 0
-2.45455 -0.000330217 0
-2.44575 -0.000330692 0
-2.43695 -0.000331162 0
-2.42815 -0.00033163 0
-2.41935 -0.000332101 0
-2.41056 -0.000332579 0
-2.40176 -0.000333065 0
-2.39296 -0.000333564 0
-2.38416 -0.000334079 0
-2.37537 -0.000334613 0
-2.36657 -0.000335166 0
-2.35777 -0.00033574 0
-2.34897 -0.000336334 0
-2.34018 -0.000336947 0
-2.33138 -0.000337574 0
-2.32258 -0.00033821 0
-2.31378 -0.000338847 0
-2.30499 -0.000339473 0
-2.29619 -0.000340076 0
-2.28739 -0.000340638 0
-2.27859 -0.000341137 0
-2.26979 -0.000341546 0
-2.261 -0.000341833 0
-2.2522 -0.000341957 0
-2.2434 -0.000341868 0
-2.2346 -0.000341507 0
-2.22581 -0.000340802 0
-2.21701 -0.000339663 0
-2.20821 -0.000337985 0
-2.19941 -0.000335637 0
-2.19062 -0.000332464 0
-2.18182 -0.000328278 0
-2.17302 -0.000322851 0
-2.16422 -0.000315911 0
-2.15543 -0.000307131 0
-2.14663 -0.000296118 0
-2.13783 -0.000282405 0
-2.12903 -0.00026543 0
-2.12023 -0.000244526 0
-2.11144 -0.000218902 0
-2.10264 -0.000187615 0
-2.09384 -0.000149551 0
-2.08504 -0.000103396 0
-2.07625 -4.76049e-05 0
-2.06745 1.96337e-05 0
-2.05865 0.000100428 0
-2.04985 0.000197225 0
-2.04106 0.000312829 0
-2.03226 0.000450445 0
-2.02346 0.000613694 0
-2.01466 0.00080661 0
-2.00587 0.00103363 0
-1.99707 0.00129956 0
-1.98827 0.00160947 0
-1.97947 0.00196864 0
-1.97067 0.00238239 0
-1.96188 0.00285589 0
-1.95308 0.00339405 0
-1.94428 0.00400132 0
-1.93548 0.0046816 0
-1.92669 0.00543823 0
-1.91789 0.00627404 0
-1.90909 0.00719155 0
-1.90029 0.00819319 0
-1.8915 0.00928151 0
-1.8827 0.0104592 0
-1.8739 0.0117292 0
-1.8651 0.0130939 0
-1.85631 0.0145547 0
-1.84751 0.0161109 0
-1.83871 0.0177594 0
-1.82991 0.0194933 0
-1.82111 0.0213026 0
-1.81232 0.0231748 0
-1.80352 0.0250954 0
-1.79472 0.0270503 0
-1.78592 0.0290269 0
-1.77713 0.0310154 0
-1.76833 0.033009 0
-1.75953 0.0350034 0
-1.75073 0.036996 0
-1.74194 0.0389833 0
-1.73314 0.0409592 0
-1.72434 0.0429143 0
-1.71554 0.0448341 0
-1.70675 0.0467003 0
-1.69795 0.0484916 0
-1.68915 0.0501858 0
-1.68035 0.0517626 0
-1.67155 0.0532059 0
-1.66276 0.0545057 0
-1.65396 0.0556598 0
-1.64516 0.0566746 0
-1.63636 0.0575663 0
-1.62757 0.0583604 0
-1.61877 0.0590924 0
-1.60997 0.0598072 0
-1.60117 0.0605579 0
-1.59238 0.0614045 0
-1.58358 0.0624097 0
-1.57478 0.0636359 0
-1.56598 0.0651402 0
-1.55718 0.0669694 0
-1.54839 0.0691565 0
-1.53959 0.0717181 0
-1.53079 0.0746531 0
-1.52199 0.0779434 0
-1.5132 0.0815573 0
-1.5044 0.0854523 0
-1.4956 0.0895798 0
-1.4868 0.0938889 0
-1.47801 0.0983303 0
-1.46921 0.102858 0
-1.46041 0.107435 0
-1.45161 0.11203 0
-1.44282 0.116623 0
-1.43402 0.12121 0
-1.42522 0.125798 0
-1.41642 0.130418 0
-1.40762 0.135118 0
-1.39883 0.139972 0
-1.39003 0.145076 0
-1.38123 0.150547 0
-1.37243 0.156521 0
-1.36364 0.163151 0
-1.35484 0.170595 0
-1.34604 0.17902 0
-1.33724 0.188592 0
-1.32845 0.199476 0
-1.31965 0.211833 0
-1.31085 0.225818 0
-1.30205 0.241577 0
-1.29326 0.259245 0
-1.28446 0.278946 0
-1.27566 0.300785 0
-1.26686 0.324855 0
-1.25806 0.351229 0
-1.24927 0.37996 0
-1.24047 0.411086 0
-1.23167 0.444626 0
-1.22287 0.480577 0
-1.21408 0.518912 0
-1.20528 0.559575 0
-1.19648 0.602466 0
-1.18768 0.647428 0
-1.17889 0.69423 0
-1.17009 0.742557 0
-1.16129 0.791987 0
-1.15249 0.841992 0
-1.1437 0.891935 0
-1.1349 0.941083 0
-1.1261 0.988637 0
-1.1173 1.03377 0
-1.1085 1.07566 0
-1.09971 1.11359 0
-1.09091 1.14692 0
-1.08211 1.17523 0
-1.07331 1.19823 0
-1.06452 1.21587 0
-1.05572 1.22827 0
-1.04692 1.23572 0
-1.03812 1.23863 0
-1.02933 1.2375 0
-1.02053 1.23288 0
-1.01173 1.22531 0
-1.00293 1.21533 0
-0.994135 1.20344 0
-0.985337 1.1901 0
-0.97654 1.17569 0
-0.967742 1.16054 0
-0.958944 1.14495 0
-0.950146 1.12914 0
-0.941349 1.11332 0
-0.932551 1.09763 0
-0.923753 1.08222 0
-0.914956 1.06717 0
-0.906158 1.05258 0
-0.897361 1.03849 0
-0.888563 1.02494 0
-0.879765 1.01194 0
-0.870968 0.999489 0
-0.86217 0.987577 0
-0.853372 0.976183 0
-0.844575 0.965283 0
-0.835777 0.954856 0
-0.826979 0.944887 0
-0.818182 0.935362 0
-0.809384 0.926271 0
-0.800586 0.917609 0
-0.791789 0.90937 0
-0.782991 0.901538 0
-0.774194 0.894097 0
-0.765396 0.88702 0
-0.756598 0.880277 0
-0.747801 0.873827 0
-0.739003 0.867634 0
-0.730205 0.861657 0
-0.721408 0.855867 0
-0.71261 0.85024 0
-0.703812 0.844756 0
-0.695015 0.839409 0
-0.686217 0.834192 0
-0.677419 0.829102 0
-0.668622 0.824132 0
-0.659824 0.819274 0
-0.651026 0.814507 0
-0.642229 0.809808 0
-0.633431 0.805149 0
-0.624634 0.800494 0
-0.615836 0.795811 0
-0.607038 0.791066 0
-0.59824 0.786229 0
-0.589443 0.781279 0
-0.580645 0.776198 0
-0.571847 0.770977 0
-0.56305 0.765626 0
-0.554252 0.760156 0
-0.545455 0.7546 0
-0.536657 0.749 0
-0.527859 0.743408 0
-0.519062 0.737881 0
-0.510264 0.732482 0
-0.501466 0.72727 0
-0.492669 0.722291 0
-0.483871 0.717586 0
-0.475073 0.713174 0
-0.466276 0.709062 0
-0.457478 0.705242 0
-0.44868 0.701688 0
-0.439883 0.698371 0
-0.431085 0.695253 0
-0.422287 0.6923 0
-0.41349 0.689482 0
-0.404692 0.686778 0
-0.395894 0.684182 0
-0.387097 0.681696 0
-0.378299 0.679331 0
-0.369502 0.677106 0
-0.360704 0.675036 0
-0.351906 0.673137 0
-0.343109 0.671416 0
-0.334311 0.669868 0
-0.325513 0.668485 0
-0.316715 0.667243 0
-0.307918 0.666117 0
-0.29912 0.665077 0
-0.290322 0.664092 0
-0.281525 0.663131 0
-0.272727 0.662169 0
-0.26393 0.661181 0
-0.255132 0.660147 0
-0.246334 0.659051 0
-0.237537 0.657879 0
-0.228739 0.656621 0
-0.219941 0.655275 0
-0.211144 0.653844 0
-0.202346 0.652339 0
-0.193548 0.650777 0
-0.184751 0.649185 0
-0.175953 0.647592 0
-0.167155 0.646026 0
-0.158358 0.64451 0
-0.14956 0.643062 0
-0.140763 0.641678 0
-0.131965 0.64034 0
-0.123167 0.639012 0
-0.11437 0.637635 0
-0.105572 0.636136 0
-0.0967743 0.634426 0
-0.0879766 0.632405 0
-0.079179 0.629966 0
-0.0703813 0.626997 0
-0.0615837 0.62338 0
-0.0527861 0.618993 0
-0.0439884 0.61371 0
-0.0351905 0.607395 0
-0.0263928 0.599906 0
-0.0175952 0.591091 0
-0.00879756 0.580789 0
8.9407e-08 0.568837 0
0.00879773 0.555073 0
0.0175954 0.539347 0
0.026393 0.521527 0
0.0351907 0.501522 0
0.0439883 0.47929 0
0.052786 0.454855 0
0.0615836 0.428317 0
0.0703813 0.399858 0
0.0791789 0.369751 0
0.0879765 0.33834 0
0.0967742 0.306031 0
0.105572 0.273269 0
0.114369 0.240511 0
0.123167 0.2082 0
0.131965 0.176736 0
0.140762 0.146462 0
0.14956 0.117651 0
0.158358 0.0904949 0
0.167155 0.0651159 0
0.175953 0.0415666 0
0.184751 0.0198421 0
0.193548 -0.000105102 0
0.202346 -0.0183577 0
0.211144 -0.0350204 0
0.219941 -0.0502109 0
0.228739 -0.0640544 0
0.237537 -0.0766761 0
0.246334 -0.088194 0
0.255132 -0.0987181 0
0.26393 -0.108343 0
0.272727 -0.117143 0
0.281525 -0.125176 0
0.290323 -0.132476 0
0.29912 -0.139063 0
0.307918 -0.144938 0
0.316716 -0.150098 0
0.325513 -0.154538 0
0.334311 -0.158257 0
0.343109 -0.161266 0
0.351906 -0.163584 0
0.360704 -0.165249 0
0.369501 -0.166308 0
0.378299 -0.16682 0
0.387097 -0.166848 0
0.395894 -0.166458 0
0.404692 -0.165716 0
0.41349 -0.164682 0
0.422287 -0.16341 0
0.431085 -0.161946 0
0.439883 -0.160327 0
0.44868 -0.158581 0
0.457478 -0.156726 0
0.466276 -0.15477 0
0.475073 -0.152715 0
0.483871 -0.150554 0
0.492669 -0.148276 0
0.501466 -0.145865 0
0.510264 -0.143308 0
0.519061 -0.140593 0
0.527859 -0.137716 0
0.536657 -0.134678 0
0.545455 -0.131492 0
0.554252 -0.12818 0
0.56305 -0.124772 0
0.571848 -0.121306 0
0.580645 -0.117826 0
0.589443 -0.114377 0
0.59824 -0.111006 0
0.607038 -0.107754 0
0.615836 -0.104656 0
0.624633 -0.10174 0
0.633431 -0.0990202 0
0.642229 -0.0965002 0
0.651026 -0.0941721 0
0.659824 -0.0920174 0
0.668622 -0.0900101 0
0.677419 -0.0881196 0
0.686217 -0.0863132 0
0.695015 -0.0845584 0
0.703812 -0.0828255 0
0.71261 -0.0810892 0
0.721408 -0.0793263 0
0.730205 -0.0775191 0
0.739003 -0.0756527 0
0.7478 -0.0737162 0
0.756598 -0.0717031 0
0.765396 -0.0696105 0
0.774193 -0.0674409 0
0.782991 -0.0652007 0
0.791789 -0.0629017 0
0.800587 -0.0605591 0
0.809384 -0.058192 0
0.818182 -0.0558222 0
0.82698 -0.0534716 0
0.835777 -0.0511635 0
0.844575 -0.0489189 0
0.853373 -0.0467581 0
0.86217 -0.0446978 0
0.870968 -0.0427522 0
0.879765 -0.0409318 0
0.888563 -0.0392435 0
0.897361 -0.0376906 0
0.906158 -0.0362735 0
0.914956 -0.0349893 0
0.923754 -0.0338327 0
0.932551 -0.0327972 0
0.941349 -0.0318745 0
0.950147 -0.0310554 0
0.958944 -0.0303309 0
0.967742 -0.0296909 0
0.97654 -0.0291265 0
0.985337 -0.0286287 0
0.994135 -0.0281886 0
1.00293 -0.0277982 0
1.01173 -0.02745 0
1.02053 -0.0271367 0
1.02933 -0.0268518 0
1.03812 -0.0265888 0
1.04692 -0.0263421 0
1.05572 -0.0261057 0
1.06452 -0.0258744 0
1.07331 -0.0256424 0
1.08211 -0.0254044 0
1.09091 -0.0251546 0
1.09971 -0.0248873 0
1.1085 -0.0245958 0
1.1173 -0.0242736 0
1.1261 -0.0239131 0
1.1349 -0.0235064 0
1.1437 -0.0230445 0
1.15249 -0.0225182 0
1.16129 -0.0219173 0
1.17009 -0.0212314 0
1.17889 -0.0204501 0
1.18768 -0.0195632 0
1.19648 -0.0185615 0
1.20528 -0.0174374 0
1.21408 -0.0161854 0
1.22287 -0.0148023 0
1.23167 -0.0132878 0
1.24047 -0.011644 0
1.24927 -0.00987558 0
1.25806 -0.00798856 0
1.26686 -0.00598974 0
1.27566 -0.00388633 0
1.28446 -0.00168523 0
1.29326 0.000606771 0
1.30205 0.00298265 0
1.31085 0.00543459 0
1.31965 0.00795274 0
1.32845 0.0105247 0
1.33724 0.0131351 0
1.34604 0.0157657 0
1.35484 0.018396 0
1.36364 0.0210049 0
1.37243 0.023572 0
1.38123 0.0260794 0
1.39003 0.0285135 0
1.39883 0.0308659 0
1.40762 0.0331335 0
1.41642 0.035319 0
1.42522 0.0374296 0
1.43402 0.0394763 0
1.44282 0.0414727 0
1.45161 0.0434339 0
1.46041 0.0453758 0
1.46921 0.0473146 0
1.47801 0.0492658 0
1.4868 0.0512446 0
1.4956 0.0532647 0
1.5044 0.0553373 0
1.5132 0.0574706 0
1.52199 0.059668 0
1.53079 0.0619275 0
1.53959 0.0642407 0
1.54839 0.0665929 0
1.55718 0.0689642 0
1.56598 0.0713316 0
1.57478 0.0736705 0
1.58358 0.0759583 0
1.59238 0.0781755 0
1.60117 0.0803082 0
1.60997 0.0823479 0
1.61877 0.0842924 0
1.62757 0.0861439 0
1.63636 0.087909 0
1.64516 0.0895965 0
1.65396 0.0912176 0
1.66276 0.0927834 0
1.67155 0.0943052 0
1.68035 0.0957936 0
1.68915 0.0972579 0
1.69795 0.0987056 0
1.70674 0.100142 0
1.71554 0.101572 0
1.72434 0.102996 0
1.73314 0.104414 0
1.74194 0.105825 0
1.75073 0.107226 0
1.75953 0.108615 0
1.76833 0.109989 0
1.77713 0.111345 0
1.78592 0.112683 0
1.79472 0.114002 0
1.80352 0.115305 0
1.81232 0.116596 0
1.82111 0.117883 0
1.82991 0.119173 0
1.83871 0.120476 0
1.84751 0.1218 0
1.85631 0.123151 0
1.8651 0.124535 0
1.8739 0.12595 0
1.8827 0.127389 0
1.8915 0.128844 0
1.90029 0.130297 0
1.90909 0.131727 0
1.91789 0.133112 0
1.92669 0.134425 0
1.93548 0.13564 0
1.94428 0.136735 0
1.95308 0.13769 0
1.96188 0.138494 0
1.97067 0.13914 0
1.97947 0.139633 0
1.98827 0.139984 0
1.99707 0.140212 0
2.00587 0.140342 0
2.01466 0.140407 0
2.02346 0.14044 0
2.03226 0.140476 0
2.04106 0.140548 0
2.04985 0.140684 0
2.05865 0.140907 0
2.06745 0.141233 0
2.07625 0.141668 0
2.08504 0.14221 0
2.09384 0.142852 0
2.10264 0.143576 0
2.11144 0.144362 0
2.12023 0.145184 0
2.12903 0.146016 0
2.13783 0.146827 0
2.14663 0.147592 0
2.15543 0.148285 0
2.16422 0.148888 0
2.17302 0.149387 0
2.18182 0.149779 0
2.19062 0.150068 0
2.19941 0.150267 0
2.20821 0.150396 0
2.21701 0.150484 0
2.22581 0.150562 0
2.2346 0.150662 0
2.2434 0.150814 0
2.2522 0.151044 0
2.261 0.151367 0
2.26979 0.151791 0
2.27859 0.152316 0
2.28739 0.152931 0
2.29619 0.153623 0
2.30499 0.154373 0
2.31378 0.155164 0
2.32258 0.155979 0
2.33138 0.156807 0
2.34018 0.157638 0
2.34897 0.158465 0
2.35777 0.159286 0
2.36657 0.160097 0
2.37537 0.160897 0
2.38416 0.161682 0
2.39296 0.162449 0
2.40176 0.163195 0
2.41056 0.163917 0
2.41935 0.164612 0
2.42815 0.165276 0
2.43695 0.165903 0
2.44575 0.166489 0
2.45455 0.167023 0
2.46334 0.167495 0
2.47214 0.167893 0
2.48094 0.168203 0
2.48974 0.16841 0
2.49853 0.168505 0
2.50733 0.168482 0
2.51613 0.168341 0
2.52493 0.168089 0
2.53372 0.167742 0
2.54252 0.167322 0
2.55132 0.166854 0
2.56012 0.166367 0
2.56891 0.165888 0
2.57771 0.165441 0
2.58651 0.165044 0
2.59531 0.164708 0
2.60411 0.164435 0
2.6129 0.164221 0
2.6217 0.164052 0
2.6305 0.16391 0
2.6393 0.163769 0
2.64809 0.163605 0
2.65689 0.163392 0
2.66569 0.163107 0
2.67449 0.162732 0
2.68328 0.162259 0
2.69208 0.161688 0
2.70088 0.161027 0
2.70968 0.160292 0
2.71847 0.159503 0
2.72727 0.158683 0
2.73607 0.157856 0
2.74487 0.157041 0
2.75367 0.156253 0
2.76246 0.155502 0
2.77126 0.154791 0
2.78006 0.15412 0
2.78886 0.153484 0
2.79765 0.152876 0
2.80645 0.152288 0
2.81525 0.151717 0
2.82405 0.151159 0
2.83284 0.150619 0
2.84164 0.150106 0
2.85044 0.149635 0
2.85924 0.149227 0
2.86803 0.148905 0
2.87683 0.148695 0
2.88563 0.148625 0
2.89443 0.148717 0
2.90323 0.148992 0
2.91202 0.14946 0
2.92082 0.150123 0
2.92962 0.150974 0
2.93842 0.151991 0
2.94721 0.153143 0
2.95601 0.154389 0
2.96481 0.155682 0
2.97361 0.156974 0
2.9824 0.158218 0
2.9912 0.159373 0
3 0.160408 0
3.0088 0.161297 0
3.0176 0.162027 0
3.02639 0.162589 0
3.03519 0.162977 0
3.04399 0.163183 0
3.05279 0.163198 0
3.06158 0.163007 0
3.07038 0.162589 0
3.07918 0.161918 0
3.08798 0.160966 0
3.09677 0.159704 0
3.10557 0.158105 0
3.11437 0.156144 0
3.12317 0.153801 0
3.13196 0.151063 0
3.14076 0.147922 0
3.14956 0.144379 0
3.15836 0.14044 0
3.16716 0.136124 0
3.17595 0.131455 0
3.18475 0.126468 0
3.19355 0.121201 0
3.20235 0.115702 0
3.21114 0.110019 0
3.21994 0.1042 0
3.22874 0.0982906 0
3.23754 0.0923352 0
3.24633 0.0863738 0
3.25513 0.0804423 0
3.26393 0.0745738 0
3.27273 0.0688013 0
3.28152 0.0631567 0
3.29032 0.057673 0
3.29912 0.0523849 0
3.30792 0.0473278 0
3.31672 0.042538 0
3.32551 0.0380513 0
3.33431 0.0339021 0
3.34311 0.030122 0
3.35191 0.0267384 0
3.3607 0.0237745 0
3.3695 0.0212471 0
3.3783 0.0191678 0
3.3871 0.0175411 0
3.39589 0.0163662 0
3.40469 0.0156354 0
3.41349 0.0153362 0
3.42229 0.0154515 0
3.43108 0.0159583 0
3.43988 0.0168294 0
3.44868 0.0180312 0
3.45748 0.0195235 0
3.46628 0.0212591 0
3.47507 0.0231836 0
3.48387 0.0252364 0
3.49267 0.027353 0
3.50147 0.0294666 0
3.51026 0.0315123 0
3.51906 0.0334291 0
3.52786 0.0351637 0
3.53666 0.0366723 0
3.54545 0.0379233 0
3.55425 0.0388988 0
3.56305 0.0395942 0
3.57185 0.040018 0
3.58065 0.0401902 0
3.58944 0.0401388 0
3.59824 0.0398958 0
3.60704 0.0394938 0
3.61584 0.0389611 0
3.62463 0.0383196 0
3.63343 0.0375826 0
3.64223 0.0367552 0
3.65103 0.0358358 0
3.65982 0.034819 0
3.66862 0.0336989 0
3.67742 0.032472 0
3.68622 0.0311394 0
3.69501 0.0297074 0
3.70381 0.0281883 0
3.71261 0.026598 0
3.72141 0.0249546 0
3.73021 0.0232769 0
3.739 0.0215827 0
3.7478 0.019889 0
3.7566 0.0182115 0
3.7654 0.0165668 0
3.77419 0.0149729 0
3.78299 0.0134499 0
3.79179 0.0120212 0
3.80059 0.0107112 0
3.80938 0.00954477 0
3.81818 0.00854313 0
3.82698 0.00772272 0
3.83578 0.00709234 0
3.84457 0.00665245 0
3.85337 0.0063949 0
3.86217 0.00630466 0
3.87097 0.00636192 0
3.87977 0.00654542 0
3.88856 0.00683453 0
3.89736 0.00721245 0
3.90616 0.0076672 0
3.91496 0.00819236 0
3.92375 0.00878564 0
3.93255 0.00944755 0
3.94135 0.0101779 0
3.95015 0.0109731 0
3.95894 0.0118232 0
3.96774 0.0127095 0
3.97654 0.013605 0
3.98534 0.0144751 0
3.99413 0.0152807 0
4.00293 0.0159822 0
4.01173 0.0165433 0
4.02053 0.0169355 0
4.02933 0.0171402 0
4.03812 0.0171499 0
4.04692 0.0169687 0
4.05572 0.0166104 0
4.06452 0.0160971 0
4.07331 0.0154551 0
4.08211 0.014713 0
4.09091 0.0138979 0
4.09971 0.0130334 0
4.1085 0.0121366 0
4.1173 0.0112176 0
4.1261 0.0102782 0
4.1349 0.00931333 0
4.1437 0.00831262 0
4.15249 0.00726204 0
4.16129 0.00614642 0
4.17009 0.00495217 0
4.17889 0.00366874 0
4.18768 0.00229126 0
4.19648 0.000821569 0
4.20528 -0.000731007 0
4.21408 -0.0023484 0
4.22287 -0.00400519 0
4.23167 -0.00566907 0
4.24047 -0.00730324 0
4.24927 -0.00886868 0
4.25806 -0.0103264 0
4.26686 -0.0116403 0
4.27566 -0.012778 0
4.28446 -0.0137136 0
4.29326 -0.0144268 0
4.30205 -0.0149034 0
4.31085 -0.0151351 0
4.31965 -0.0151181 0
4.32845 -0.0148518 0
4.33724 -0.0143377 0
4.34604 -0.0135783 0
4.35484 -0.0125761 0
4.36364 -0.011334 0
4.37243 -0.00985601 0
4.38123 -0.00814911 0
4.39003 -0.00622545 0
4.39883 -0.00410535 0
4.40762 -0.00181969 0
4.41642 0.000588542 0
4.42522 0.00306329 0
4.43402 0.00553707 0
4.44282 0.00793344 0
4.45161 0.0101723 0
4.46041 0.0121746 0
4.46921 0.0138688 0
4.47801 0.0151967 0
4.4868 0.0161175 0
4.4956 0.0166104 0
4.5044 0.0166759 0
4.5132 0.0163343 0
4.52199 0.0156231 0
4.53079 0.0145928 0
4.53959 0.0133031 0
4.54839 0.0118184 0
4.55718 0.0102031 0
4.56598 0.00851868 0
4.57478 0.00682048 0
4.58358 0.0051567 0
4.59238 0.00356663 0
4.60117 0.00208158 0
4.60997 0.000725938 0
4.61877 -0.000481983 0
4.62757 -0.00152828 0
4.63636 -0.00240236 0
4.64516 -0.0030965 0
4.65396 -0.0036056 0
4.66276 -0.00392734 0
4.67155 -0.0040624 0
4.68035 -0.00401461 0
4.68915 -0.00379126 0
4.69795 -0.00340261 0
4.70675 -0.00286228 0
4.71554 -0.00218644 0
4.72434 -0.00139415 0
4.73314 -0.000506786 0
4.74194 0.000452098 0
4.75073 0.00145794 0
4.75953 0.00248472 0
4.76833 0.00350724 0
4.77713 0.0045001 0
4.78592 0.005439 0
4.79472 0.00630035 0
4.80352 0.00706075 0
4.81232 0.00769669 0
4.82111 0.00818446 0
4.82991 0.00850021 0
4.83871 0.00862081 0
4.84751 0.00852525 0
4.85631 0.00819565 0
4.8651 0.00761882 0
4.8739 0.0067886 0
4.8827 0.00570641 0
4.8915 0.00438315 0
4.90029 0.00283948 0
4.90909 0.00110638 0
4.91789 -0.000775655 0
4.92669 -0.00275871 0
4.93548 -0.00478905 0
4.94428 -0.00681111 0
4.95308 -0.00877012 0
4.96188 -0.0106154 0
4.97067 -0.0123029 0
4.97947 -0.0137967 0
4.98827 -0.0150693 0
4.99707 -0.016102 0
5.00587 -0.0168839 0
5.01466 -0.0174113 0
5.02346 -0.0176867 0
5.03226 -0.0177177 0
5.04106 -0.0175169 0
5.04985 -0.0171017 0
5.05865 -0.0164928 0
5.06745 -0.0157151 0
5.07625 -0.0147964 0
5.08504 -0.0137669 0
5.09384 -0.0126582 0
5.10264 -0.0115026 0
5.11144 -0.0103312 0
5.12023 -0.00917283 0
5.12903 -0.00805357 0
5.13783 -0.00699472 0
5.14663 -0.0060137 0
5.15543 -0.00512286 0
5.16422 -0.0043301 0
5.17302 -0.00363938 0
5.18182 -0.00305044 0
5.19062 -0.00255969 0
5.19941 -0.00216056 0
5.20821 -0.00184418 0
5.21701 -0.0015999 0
5.22581 -0.00141631 0
5.2346 -0.00128184 0
5.2434 -0.00118561 0
5.2522 -0.00111786 0
5.261 -0.00107029 0
5.26979 -0.0010363 0
5.27859 -0.00101081 0
5.28739 -0.000990112 0
5.29619 -0.000971769 0
5.30499 -0.000954118 0
5.31378 -0.000936156 0
5.32258 -0.000917691 0
5.33138 -0.000898523 0
5.34018 -0.000878695 0
5.34897 -0.000858493 0
5.35777 -0.000838057 0
5.36657 -0.000817682 0
5.37537 -0.000797557 0
5.38416 -0.000777872 0
5.39296 -0.000758844 0
5.40176 -0.000740489 0
5.41056 -0.000722798 0
5.41935 -0.000706067 0
5.42815 -0.000690194 0
5.43695 -0.000675094 0
5.44575 -0.00066091 0
5.45455 -0.000647498 0
5.46334 -0.000634965 0
5.47214 -0.000623173 0
5.48094 -0.000612089 0
5.48974 -0.000601788 0
5.49853 -0.000592093 0
5.50733 -0.000582993 0
5.51613 -0.000574549 0
5.52493 -0.000566547 0
5.53372 -0.00055907 0
5.54252 -0.000552091 0
5.55132 -0.000545542 0
5.56012 -0.000539348 0
5.56891 -0.000533573 0
5.57771 -0.000528148 0
5.58651 -0.000522916 0
5.59531 -0.000518055 0
5.60411 -0.00051344 0
5.6129 -0.000508987 0
5.6217 -0.000504747 0
5.6305 -0.000500642 0
5.6393 -0.000496691 0
5.64809 -0.000492742 0
5.65689 -0.000488925 0
5.66569 -0.000485092 0
5.67449 -0.00048111 0
5.68328 -0.000477067 0
5.69208 -0.000472893 0
5.70088 -0.000468108 0
5.70968 -0.000463374 0
5.71847 -0.000458327 0
5.72727 -0.000452812 0
5.73607 -0.000446407 0
5.74487 -0.00043979 0
5.75367 -0.000432539 0
5.76246 -0.000424142 0
5.77126 -0.000415519 0
5.78006 -0.000405692 0
5.78886 -0.000395121 0
5.79765 -0.000383962 0
5.80645 -0.000372326 0
5.81525 -0.000360388 0
5.82405 -0.00034799 0
5.83284 -0.000335897 0
5.84164 -0.000324414 0
5.85044 -0.000313959 0
5.85924 -0.000304518 0
5.86804 -0.000296874 0
5.87683 -0.000290967 0
5.88563 -0.000287437 0
5.89443 -0.000286111 0
5.90323 -0.0002878 0
5.91202 -0.000291298 0
5.92082 -0.000297305 0
5.92962 -0.000305556 0
5.93842 -0.000315703 0
5.94721 -0.000327029 0
5.95601 -0.000339892 0
5.96481 -0.000353046 0
5.97361 -0.000366868 0
5.9824 -0.000380174 0
5.9912 -0.000393831 0
6 -0.000406351 0
