-3 4.31279e-05 0
-2.9912 4.79648e-05 0
-2.9824 5.28059e-05 0
-2.97361 5.74869e-05 0
-2.96481 6.18144e-05 0
-2.95601 6.55731e-05 0
-2.94721 6.85355e-05 0
-2.93842 7.04749e-05 0
-2.92962 7.11798e-05 0
-2.92082 7.04682e-05 0
-2.91202 6.82009e-05 0
-2.90323 6.42928e-05 0
-2.89443 5.87206e-05 0
-2.88563 5.15271e-05 0
-2.87683 4.2821e-05 0
-2.86804 3.27712e-05 0
-2.85924 2.15991e-05 0
-2.85044 9.56493e-06 0
-2.84164 -3.04834e-06 0
-2.83284 -1.59502e-05 0
-2.82405 -2.88622e-05 0
-2.81525 -4.15301e-05 0
-2.80645 -5.37367e-05 0
-2.79765 -6.53084e-05 0
-2.78886 -7.61183e-05 0
-2.78006 -8.60847e-05 0
-2.77126 -9.51673e-05 0
-2.76246 -0.000103361 0
-2.75367 -0.000110686 0
-2.74487 -0.000117188 0
-2.73607 -0.000122921 0
-2.72727 -0.00012795 0
-2.71848 -0.000132342 0
-2.70968 -0.000136167 0
-2.70088 -0.00013949 0
-2.69208 -0.000142371 0
-2.68328 -0.000144867 0
-2.67449 -0.000147029 0
-2.66569 -0.000148903 0
-2.65689 -0.000150526 0
-2.64809 -0.000151935 0
-2.6393 -0.000153158 0
-2.6305 -0.00015422 0
-2.6217 -0.000155144 0
-2.6129 -0.000155946 0
-2.60411 -0.000156642 0
-2.59531 -0.000157244 0
-2.58651 -0.000157762 0
-2.57771 -0.000158206 0
-2.56891 -0.000158582 0
-2.56012 -0.000158896 0
-2.55132 -0.000159153 0
-2.54252 -0.000159356 0
-2.53372 -0.00015951 0
-2.52493 -0.000159617 0
-2.51613 -0.000159678 0
-2.50733 -0.000159697 0
-2.49853 -0.000159673 0
-2.48974 -0.000159608 0
-2.48094 -0.000159503 0
-2.47214 -0.000159358 0
-2.46334 -0.000159174 0
-2.45455 -0.000158951 0
-2.44575 -0.000158688 0
-2.43695 -0.000158388 0
-2.42815 -0.000158049 0
-2.41935 -0.000157672 0
-2.41056 -0.000157257 0
-2.40176 -0.000156804 0
-2.39296 -0.000156312 0
-2.38416 -0.000155782 0
-2.37537 -0.000155209 0
-2.36657 -0.000154594 0
-2.35777 -0.000153931 0
-2.34897 -0.000153217 0
-2.34018 -0.000152445 0
-2.33138 -0.000151607 0
-2.32258 -0.000150694 0
-2.31378 -0.000149692 0
-2.30499 -0.000148589 0
-2.29619 -0.000147364 0
-2.28739 -0.000145997 0
-2.27859 -0.000144461 0
-2.26979 -0.000142726 0
-2.261 -0.000140753 0
-2.2522 -0.0001385 0
-2.2434 -0.000135912 0
-2.2346 -0.000132929 0
-2.22581 -0.000129475 0
-2.21701 -0.000125463 0
-2.20821 -0.000120788 0
-2.19941 -0.000115325 0
-2.19062 -0.000108927 0
-2.18182 -0.000101418 0
-2.17302 -9.2589e-05 0
-2.16422 -8.21907e-05 0
-2.15543 -6.9928e-05 0
-2.14663 -5.54511e-05 0
-2.13783 -3.83446e-05 0
-2.12903 -1.81178e-05 0
-2.12023 5.80911e-06 0
-2.11144 3.41188e-05 0
-2.10264 6.76138e-05 0
-2.09384 0.000107235 0
-2.08504 0.000154079 0
-2.07625 0.000209422 0
-2.06745 0.000274741 0
-2.05865 0.000351734 0
-2.04985 0.00044234 0
-2.04106 0.000548746 0
-2.03226 0.000673404 0
-2.02346 0.000819016 0
-2.01466 0.000988516 0
-2.00587 0.00118501 0
-1.99707 0.00141171 0
-1.98827 0.00167181 0
-1.97947 0.00196833 0
-1.97067 0.00230391 0
-1.96188 0.00268059 0
-1.95308 0.00309953 0
-1.94428 0.00356081 0
-1.93548 0.00406316 0
-1.92669 0.00460392 0
-1.91789 0.00517897 0
-1.90909 0.00578298 0
-1.90029 0.0064097 0
-1.8915 0.0070524 0
-1.8827 0.00770449 0
-1.8739 0.00835996 0
-1.8651 0.00901386 0
-1.85631 0.00966259 0
-1.84751 0.0103041 0
-1.83871 0.0109377 0
-1.82991 0.0115645 0
-1.82111 0.0121871 0
-1.81232 0.0128102 0
-1.80352 0.0134404 0
-1.79472 0.0140867 0
-1.78592 0.0147609 0
-1.77713 0.0154771 0
-1.76833 0.0162514 0
-1.75953 0.0171011 0
-1.75073 0.0180434 0
-1.74194 0.0190945 0
-1.73314 0.0202681 0
-1.72434 0.0215751 0
-1.71554 0.0230226 0
-1.70675 0.0246147 0
-1.69795 0.0263523 0
-1.68915 0.028234 0
-1.68035 0.0302565 0
-1.67155 0.0324144 0
-1.66276 0.0347006 0
-1.65396 0.0371056 0
-1.64516 0.0396178 0
-1.63636 0.0422225 0
-1.62757 0.044903 0
-1.61877 0.047641 0
-1.60997 0.0504179 0
-1.60117 0.0532163 0
-1.59238 0.0560214 0
-1.58358 0.0588231 0
-1.57478 0.0616158 0
-1.56598 0.0643999 0
-1.55718 0.0671809 0
-1.54839 0.0699691 0
-1.53959 0.0727791 0
-1.53079 0.0756283 0
-1.52199 0.0785375 0
-1.5132 0.0815302 0
-1.5044 0.0846331 0
-1.4956 0.0878764 0
-1.4868 0.0912938 0
-1.47801 0.0949225 0
-1.46921 0.0988016 0
-1.46041 0.102971 0
-1.45161 0.107468 0
-1.44282 0.112328 0
-1.43402 0.117583 0
-1.42522 0.12326 0
-1.41642 0.129386 0
-1.40762 0.135983 0
-1.39883 0.143077 0
-1.39003 0.150697 0
-1.38123 0.158876 0
-1.37243 0.167653 0
-1.36364 0.177071 0
-1.35484 0.187181 0
-1.34604 0.198039 0
-1.33724 0.209709 0
-1.32845 0.222261 0
-1.31965 0.235774 0
-1.31085 0.250335 0
-1.30205 0.266043 0
-1.29326 0.283003 0
-1.28446 0.301333 0
-1.27566 0.321154 0
-1.26686 0.342591 0
-1.25806 0.365769 0
-1.24927 0.390809 0
-1.24047 0.41782 0
-1.23167 0.446898 0
-1.22287 0.478118 0
-1.21408 0.511531 0
-1.20528 0.547153 0
-1.19648 0.584954 0
-1.18768 0.624847 0
-1.17889 0.666676 0
-1.17009 0.710196 0
-1.16129 0.755062 0
-1.15249 0.800826 0
-1.1437 0.846931 0
-1.1349 0.892731 0
-1.1261 0.937508 0
-1.1173 0.980514 0
-1.1085 1.02101 0
-1.09971 1.05831 0
-1.09091 1.09185 0
-1.08211 1.12119 0
-1.07331 1.14606 0
-1.06452 1.16635 0
-1.05572 1.18213 0
-1.04692 1.1936 0
-1.03812 1.20107 0
-1.02933 1.2049 0
-1.02053 1.20554 0
-1.01173 1.20339 0
-1.00293 1.19888 0
-0.994135 1.19239 0
-0.985337 1.18425 0
-0.97654 1.17475 0
-0.967742 1.16415 0
-0.958944 1.15266 0
-0.950146 1.14045 0
-0.941349 1.12768 0
-0.932551 1.11448 0
-0.923753 1.10099 0
-0.914956 1.0873 0
-0.906158 1.07352 0
-0.897361 1.05975 0
-0.888563 1.04607 0
-0.879765 1.03255 0
-0.870968 1.01925 0
-0.86217 1.00624 0
-0.853372 0.993566 0
-0.844575 0.981259 0
-0.835777 0.96936 0
-0.826979 0.957896 0
-0.818182 0.946894 0
-0.809384 0.936372 0
-0.800586 0.926353 0
-0.791789 0.916845 0
-0.782991 0.907852 0
-0.774194 0.899374 0
-0.765396 0.891397 0
-0.756598 0.883899 0
-0.747801 0.876853 0
-0.739003 0.870219 0
-0.730205 0.863955 0
-0.721408 0.858013 0
-0.71261 0.852349 0
-0.703812 0.846914 0
-0.695015 0.841669 0
-0.686217 0.836575 0
-0.677419 0.831609 0
-0.668622 0.826749 0
-0.659824 0.821985 0
-0.651026 0.817308 0
-0.642229 0.812716 0
-0.633431 0.808202 0
-0.624634 0.803758 0
-0.615836 0.799369 0
-0.607038 0.795012 0
-0.59824 0.790657 0
-0.589443 0.786267 0
-0.580645 0.781805 0
-0.571847 0.777236 0
-0.56305 0.772526 0
-0.554252 0.767658 0
-0.545455 0.762625 0
-0.536657 0.757436 0
-0.527859 0.752117 0
-0.519062 0.746708 0
-0.510264 0.741262 0
-0.501466 0.735842 0
-0.492669 0.730513 0
-0.483871 0.725346 0
-0.475073 0.720404 0
-0.466276 0.715745 0
-0.457478 0.711415 0
-0.44868 0.707448 0
-0.439883 0.703856 0
-0.431085 0.70064 0
-0.422287 0.697773 0
-0.41349 0.695217 0
-0.404692 0.692915 0
-0.395894 0.690796 0
-0.387097 0.688786 0
-0.378299 0.686809 0
-0.369502 0.684794 0
-0.360704 0.682685 0
-0.351906 0.68044 0
-0.343109 0.678037 0
-0.334311 0.675472 0
-0.325513 0.672758 0
-0.316715 0.669925 0
-0.307918 0.667006 0
-0.29912 0.664042 0
-0.290322 0.661071 0
-0.281525 0.658124 0
-0.272727 0.655227 0
-0.26393 0.652389 0
-0.255132 0.649613 0
-0.246334 0.646892 0
-0.237537 0.644209 0
-0.228739 0.641544 0
-0.219941 0.638874 0
-0.211144 0.636184 0
-0.202346 0.633461 0
-0.193548 0.630705 0
-0.184751 0.627922 0
-0.175953 0.62513 0
-0.167155 0.622355 0
-0.158358 0.619626 0
-0.14956 0.61697 0
-0.140763 0.614409 0
-0.131965 0.611953 0
-0.123167 0.609598 0
-0.11437 0.607322 0
-0.105572 0.605081 0
-0.0967743 0.602815 0
-0.0879766 0.600437 0
-0.079179 0.597845 0
-0.0703813 0.594915 0
-0.0615837 0.591501 0
-0.0527861 0.587444 0
-0.0439884 0.582569 0
-0.0351905 0.576685 0
-0.0263928 0.569589 0
-0.0175952 0.561074 0
-0.00879756 0.550922 0
8.9407e-08 0.538919 0
0.00879773 0.524857 0
0.0175954 0.508544 0
0.026393 0.489817 0
0.0351907 0.468557 0
0.0439883 0.444704 0
0.052786 0.418276 0
0.0615836 0.389382 0
0.0703813 0.358227 0
0.0791789 0.325123 0
0.0879765 0.290472 0
0.0967742 0.254757 0
0.105572 0.218513 0
0.114369 0.182299 0
0.123167 0.146661 0
0.131965 0.112108 0
0.140762 0.0790806 0
0.14956 0.0479382 0
0.158358 0.0189465 0
0.167155 -0.00771779 0
0.175953 -0.0319647 0
0.184751 -0.0537765 0
0.193548 -0.0731954 0
0.202346 -0.0903113 0
0.211144 -0.105244 0
0.219941 -0.118139 0
0.228739 -0.129151 0
0.237537 -0.138444 0
0.246334 -0.146181 0
0.255132 -0.152524 0
0.26393 -0.157626 0
0.272727 -0.161635 0
0.281525 -0.164688 0
0.290323 -0.166914 0
0.29912 -0.168428 0
0.307918 -0.169339 0
0.316716 -0.169741 0
0.325513 -0.16972 0
0.334311 -0.16935 0
0.343109 -0.168698 0
0.351906 -0.167822 0
0.360704 -0.166772 0
0.369501 -0.165599 0
0.378299 -0.16435 0
0.387097 -0.163072 0
0.395894 -0.161814 0
0.404692 -0.160627 0
0.41349 -0.159558 0
0.422287 -0.15865 0
0.431085 -0.15794 0
0.439883 -0.157452 0
0.44868 -0.157194 0
0.457478 -0.157158 0
0.466276 -0.157318 0
0.475073 -0.157632 0
0.483871 -0.158049 0
0.492669 -0.158509 0
0.501466 -0.15895 0
0.510264 -0.159313 0
0.519061 -0.159546 0
0.527859 -0.159602 0
0.536657 -0.159448 0
0.545455 -0.159056 0
0.554252 -0.158406 0
0.56305 -0.157486 0
0.571848 -0.156287 0
0.580645 -0.154806 0
0.589443 -0.153043 0
0.59824 -0.151002 0
0.607038 -0.148694 0
0.615836 -0.146128 0
0.624633 -0.14332 0
0.633431 -0.140286 0
0.642229 -0.137042 0
0.651026 -0.133603 0
0.659824 -0.129987 0
0.668622 -0.12621 0
0.677419 -0.122292 0
0.686217 -0.118256 0
0.695015 -0.114128 0
0.703812 -0.109938 0
0.71261 -0.105719 0
0.721408 -0.101507 0
0.730205 -0.0973336 0
0.739003 -0.0932309 0
0.7478 -0.0892244 0
0.756598 -0.0853342 0
0.765396 -0.0815725 0
0.774193 -0.0779451 0
0.782991 -0.0744512 0
0.791789 -0.0710857 0
0.800587 -0.0678411 0
0.809384 -0.0647098 0
0.818182 -0.0616854 0
0.82698 -0.0587648 0
0.835777 -0.0559481 0
0.844575 -0.0532406 0
0.853373 -0.0506496 0
0.86217 -0.0481848 0
0.870968 -0.0458576 0
0.879765 -0.0436769 0
0.888563 -0.0416505 0
0.897361 -0.0397831 0
0.906158 -0.0380755 0
0.914956 -0.036526 0
0.923754 -0.0351291 0
0.932551 -0.0338777 0
0.941349 -0.0327625 0
0.950147 -0.031773 0
0.958944 -0.0308985 0
0.967742 -0.0301274 0
0.97654 -0.0294491 0
0.985337 -0.0288526 0
0.994135 -0.0283277 0
1.00293 -0.0278647 0
1.01173 -0.027455 0
1.02053 -0.0270898 0
1.02933 -0.0267617 0
1.03812 -0.0264629 0
1.04692 -0.026187 0
1.05572 -0.0259271 0
1.06452 -0.0256771 0
1.07331 -0.0254308 0
1.08211 -0.0251822 0
1.09091 -0.0249249 0
1.09971 -0.0246524 0
1.1085 -0.0243582 0
1.1173 -0.0240351 0
1.1261 -0.0236757 0
1.1349 -0.0232724 0
1.1437 -0.0228173 0
1.15249 -0.0223023 0
1.16129 -0.0217197 0
1.17009 -0.0210623 0
1.17889 -0.0203239 0
1.18768 -0.0194998 0
1.19648 -0.0185878 0
1.20528 -0.0175879 0
1.21408 -0.0165031 0
1.22287 -0.0153391 0
1.23167 -0.0141047 0
1.24047 -0.0128101 0
1.24927 -0.0114672 0
1.25806 -0.0100871 0
1.26686 -0.00868027 0
1.27566 -0.0072549 0
1.28446 -0.00581647 0
1.29326 -0.00436765 0
1.30205 -0.00290831 0
1.31085 -0.00143657 0
1.31965 5.09648e-05 0
1.32845 0.00155865 0
1.33724 0.00309089 0
1.34604 0.00465248 0
1.35484 0.00624876 0
1.36364 0.00788558 0
1.37243 0.00956968 0
1.38123 0.0113087 0
1.39003 0.0131106 0
1.39883 0.0149837 0
1.40762 0.0169355 0
1.41642 0.0189724 0
1.42522 0.0210993 0
1.43402 0.0233196 0
1.44282 0.0256346 0
1.45161 0.0280445 0
1.46041 0.0305477 0
1.46921 0.0331416 0
1.47801 0.035822 0
1.4868 0.0385833 0
1.4956 0.0414179 0
1.5044 0.0443155 0
1.5132 0.0472629 0
1.52199 0.0502428 0
1.53079 0.0532343 0
1.53959 0.0562119 0
1.54839 0.0591466 0
1.55718 0.0620062 0
1.56598 0.0647572 0
1.57478 0.0673667 0
1.58358 0.0698041 0
1.59238 0.0720445 0
1.60117 0.0740712 0
1.60997 0.0758778 0
1.61877 0.0774703 0
1.62757 0.0788684 0
1.63636 0.0801046 0
1.64516 0.081224 0
1.65396 0.0822803 0
1.66276 0.0833328 0
1.67155 0.0844401 0
1.68035 0.0856559 0
1.68915 0.0870236 0
1.69795 0.0885719 0
1.70674 0.0903135 0
1.71554 0.0922439 0
1.72434 0.0943441 0
1.73314 0.0965836 0
1.74194 0.0989243 0
1.75073 0.101325 0
1.75953 0.103744 0
1.76833 0.106144 0
1.77713 0.108491 0
1.78592 0.110759 0
1.79472 0.112925 0
1.80352 0.114974 0
1.81232 0.116894 0
1.82111 0.11868 0
1.82991 0.120329 0
1.83871 0.121844 0
1.84751 0.123227 0
1.85631 0.124483 0
1.8651 0.125617 0
1.8739 0.126634 0
1.8827 0.127535 0
1.8915 0.128325 0
1.90029 0.129007 0
1.90909 0.129586 0
1.91789 0.130072 0
1.92669 0.130478 0
1.93548 0.130825 0
1.94428 0.131135 0
1.95308 0.131432 0
1.96188 0.131742 0
1.97067 0.132085 0
1.97947 0.132477 0
1.98827 0.132929 0
1.99707 0.133439 0
2.00587 0.134004 0
2.01466 0.134609 0
2.02346 0.135239 0
2.03226 0.135874 0
2.04106 0.136497 0
2.04985 0.13709 0
2.05865 0.13764 0
2.06745 0.13814 0
2.07625 0.138585 0
2.08504 0.138977 0
2.09384 0.139325 0
2.10264 0.139637 0
2.11144 0.139926 0
2.12023 0.140206 0
2.12903 0.140489 0
2.13783 0.140787 0
2.14663 0.141109 0
2.15543 0.141461 0
2.16422 0.141848 0
2.17302 0.142272 0
2.18182 0.142733 0
2.19062 0.143233 0
2.19941 0.14377 0
2.20821 0.144344 0
2.21701 0.144954 0
2.22581 0.145602 0
2.2346 0.146291 0
2.2434 0.147025 0
2.2522 0.14781 0
2.261 0.148655 0
2.26979 0.149569 0
2.27859 0.150558 0
2.28739 0.151628 0
2.29619 0.152778 0
2.30499 0.154002 0
2.31378 0.155288 0
2.32258 0.15662 0
2.33138 0.157975 0
2.34018 0.159329 0
2.34897 0.160661 0
2.35777 0.16195 0
2.36657 0.163179 0
2.37537 0.164339 0
2.38416 0.165422 0
2.39296 0.166427 0
2.40176 0.167354 0
2.41056 0.168206 0
2.41935 0.168983 0
2.42815 0.169685 0
2.43695 0.17031 0
2.44575 0.170858 0
2.45455 0.171327 0
2.46334 0.17172 0
2.47214 0.17204 0
2.48094 0.172295 0
2.48974 0.172494 0
2.49853 0.172647 0
2.50733 0.172765 0
2.51613 0.172856 0
2.52493 0.172928 0
2.53372 0.172987 0
2.54252 0.173036 0
2.55132 0.17308 0
2.56012 0.173124 0
2.56891 0.173171 0
2.57771 0.17323 0
2.58651 0.173305 0
2.59531 0.173403 0
2.60411 0.173526 0
2.6129 0.173676 0
2.6217 0.17385 0
2.6305 0.174042 0
2.6393 0.174242 0
2.64809 0.174438 0
2.65689 0.174616 0
2.66569 0.174759 0
2.67449 0.174853 0
2.68328 0.174885 0
2.69208 0.174843 0
2.70088 0.174721 0
2.70968 0.174521 0
2.71847 0.174247 0
2.72727 0.173915 0
2.73607 0.173543 0
2.74487 0.173151 0
2.75367 0.172761 0
2.76246 0.172389 0
2.77126 0.172044 0
2.78006 0.171726 0
2.78886 0.171424 0
2.79765 0.171115 0
2.80645 0.170773 0
2.81525 0.170363 0
2.82405 0.169851 0
2.83284 0.169207 0
2.84164 0.168408 0
2.85044 0.16744 0
2.85924 0.166302 0
2.86803 0.165007 0
2.87683 0.163581 0
2.88563 0.162057 0
2.89443 0.160481 0
2.90323 0.158901 0
2.91202 0.157364 0
2.92082 0.155916 0
2.92962 0.154597 0
2.93842 0.153434 0
2.94721 0.152446 0
2.95601 0.151639 0
2.96481 0.151007 0
2.97361 0.150531 0
2.9824 0.150183 0
2.9912 0.149927 0
3 0.149719 0
3.0088 0.149514 0
3.0176 0.149267 0
3.02639 0.148935 0
3.03519 0.148484 0
3.04399 0.147887 0
3.05279 0.147126 0
3.06158 0.146191 0
3.07038 0.145081 0
3.07918 0.143799 0
3.08798 0.142347 0
3.09677 0.140729 0
3.10557 0.138945 0
3.11437 0.136991 0
3.12317 0.13486 0
3.13196 0.132541 0
3.14076 0.13002 0
3.14956 0.127284 0
3.15836 0.124323 0
3.16716 0.12113 0
3.17595 0.117705 0
3.18475 0.114058 0
3.19355 0.110208 0
3.20235 0.106183 0
3.21114 0.102018 0
3.21994 0.0977555 0
3.22874 0.0934387 0
3.23754 0.0891109 0
3.24633 0.0848115 0
3.25513 0.0805751 0
3.26393 0.0764293 0
3.27273 0.0723957 0
3.28152 0.0684906 0
3.29032 0.0647259 0
3.29912 0.0611112 0
3.30792 0.0576553 0
3.31672 0.0543665 0
3.32551 0.0512537 0
3.33431 0.0483247 0
3.34311 0.0455863 0
3.35191 0.043043 0
3.3607 0.0406951 0
3.3695 0.038539 0
3.3783 0.0365671 0
3.3871 0.0347683 0
3.39589 0.0331286 0
3.40469 0.0316333 0
3.41349 0.0302679 0
3.42229 0.0290194 0
3.43108 0.0278771 0
3.43988 0.0268338 0
3.44868 0.0258854 0
3.45748 0.0250318 0
3.46628 0.0242748 0
3.47507 0.0236173 0
3.48387 0.0230616 0
3.49267 0.0226075 0
3.50147 0.0222502 0
3.51026 0.0219805 0
3.51906 0.021783 0
3.52786 0.0216377 0
3.53666 0.0215211 0
3.54545 0.0214083 0
3.55425 0.0212757 0
3.56305 0.021103 0
3.57185 0.020877 0
3.58065 0.0205913 0
3.58944 0.0202484 0
3.59824 0.0198573 0
3.60704 0.0194331 0
3.61584 0.0189929 0
3.62463 0.0185535 0
3.63343 0.0181274 0
3.64223 0.0177215 0
3.65103 0.0173359 0
3.65982 0.0169636 0
3.66862 0.0165931 0
3.67742 0.0162093 0
3.68622 0.0157968 0
3.69501 0.0153415 0
3.70381 0.0148322 0
3.71261 0.0142614 0
3.72141 0.0136252 0
3.73021 0.012923 0
3.739 0.0121565 0
3.7478 0.0113289 0
3.7566 0.0104446 0
3.7654 0.00950975 0
3.77419 0.00853161 0
3.78299 0.00751958 0
3.79179 0.00648492 0
3.80059 0.00544113 0
3.80938 0.00440279 0
3.81818 0.00338529 0
3.82698 0.00240425 0
3.83578 0.00147481 0
3.84457 0.000611725 0
3.85337 -0.000170608 0
3.86217 -0.000857936 0
3.87097 -0.00143677 0
3.87977 -0.0018948 0
3.88856 -0.00222198 0
3.89736 -0.00241236 0
3.90616 -0.00246524 0
3.91496 -0.0023858 0
3.92375 -0.00218538 0
3.93255 -0.00188013 0
3.94135 -0.00148963 0
3.95015 -0.00103414 0
3.95894 -0.000532517 0
3.96774 -7.77462e-07 0
3.97654 0.00054893 0
3.98534 0.00110863 0
3.99413 0.00167295 0
4.00293 0.00223774 0
4.01173 0.00279849 0
4.02053 0.00334793 0
4.02933 0.00387514 0
4.03812 0.00436434 0
4.04692 0.00479526 0
4.05572 0.00514418 0
4.06452 0.00538598 0
4.07331 0.00549689 0
4.08211 0.00545803 0
4.09091 0.00525829 0
4.09971 0.00489721 0
4.1085 0.00438672 0
4.1173 0.00375157 0
4.1261 0.00302747 0
4.1349 0.00225868 0
4.1437 0.00149358 0
4.15249 0.000779794 0
4.16129 0.000159169 0
4.17009 -0.000336551 0
4.17889 -0.000688909 0
4.18768 -0.000894354 0
4.19648 -0.0009642 0
4.20528 -0.000922736 0
4.21408 -0.000803768 0
4.22287 -0.000646953 0
4.23167 -0.000492476 0
4.24047 -0.000376797 0
4.24927 -0.000328804 0
4.25806 -0.000366621 0
4.26686 -0.000496837 0
4.27566 -0.000714169 0
4.28446 -0.00100319 0
4.29326 -0.0013408 0
4.30205 -0.00169875 0
4.31085 -0.00204711 0
4.31965 -0.00235609 0
4.32845 -0.00259893 0
4.33724 -0.00275262 0
4.34604 -0.00279883 0
4.35484 -0.00272456 0
4.36364 -0.00252169 0
4.37243 -0.002187 0
4.38123 -0.0017217 0
4.39003 -0.00113108 0
4.39883 -0.000423924 0
4.40762 0.000387316 0
4.41642 0.00128763 0
4.42522 0.00225959 0
4.43402 0.0032842 0
4.44282 0.00434172 0
4.45161 0.00541232 0
4.46041 0.00647629 0
4.46921 0.00751471 0
4.47801 0.00850926 0
4.4868 0.00944227 0
4.4956 0.0102968 0
4.5044 0.0110574 0
4.5132 0.0117104 0
4.52199 0.0122454 0
4.53079 0.0126562 0
4.53959 0.0129412 0
4.54839 0.0131042 0
4.55718 0.0131534 0
4.56598 0.013101 0
4.57478 0.0129611 0
4.58358 0.012749 0
4.59238 0.0124795 0
4.60117 0.0121662 0
4.60997 0.0118207 0
4.61877 0.011452 0
4.62757 0.0110668 0
4.63636 0.0106688 0
4.64516 0.0102587 0
4.65396 0.00983433 0
4.66276 0.0093903 0
4.67155 0.00891913 0
4.68035 0.00841167 0
4.68915 0.00785874 0
4.69795 0.0072526 0
4.70675 0.00658809 0
4.71554 0.00586457 0
4.72434 0.00508641 0
4.73314 0.00426375 0
4.74194 0.00341231 0
4.75073 0.00255261 0
4.75953 0.00170911 0
4.76833 0.000908271 0
4.77713 0.000176897 0
4.78592 -0.00045979 0
4.79472 -0.000980212 0
4.80352 -0.00136774 0
4.81232 -0.00161235 0
4.82111 -0.00171074 0
4.82991 -0.00166657 0
4.83871 -0.00148954 0
4.84751 -0.00119435 0
4.85631 -0.000798699 0
4.8651 -0.000322424 0
4.8739 0.00021414 0
4.8827 0.000790549 0
4.8915 0.00138726 0
4.90029 0.00198523 0
4.90909 0.00256702 0
4.91789 0.0031171 0
4.92669 0.00362277 0
4.93548 0.00407508 0
4.94428 0.00446939 0
4.95308 0.00480563 0
4.96188 0.00508751 0
4.97067 0.00532127 0
4.97947 0.00551384 0
4.98827 0.00567115 0
4.99707 0.00579625 0
5.00587 0.0058888 0
5.01466 0.00594488 0
5.02346 0.00595766 0
5.03226 0.00591897 0
5.04106 0.00582052 0
5.04985 0.00565574 0
5.05865 0.00542091 0
5.06745 0.0051156 0
5.07625 0.00474324 0
5.08504 0.00431058 0
5.09384 0.00382759 0
5.10264 0.00330694 0
5.11144 0.00276336 0
5.12023 0.00221313 0
5.12903 0.00167308 0
5.13783 0.00115981 0
5.14663 0.000688514 0
5.15543 0.000271738 0
5.16422 -8.14535e-05 0
5.17302 -0.000366099 0
5.18182 -0.000581437 0
5.19062 -0.000730859 0
5.19941 -0.000820902 0
5.20821 -0.00086045 0
5.21701 -0.000859362 0
5.22581 -0.000827697 0
5.2346 -0.000774855 0
5.2434 -0.000708918 0
5.2522 -0.000636484 0
5.261 -0.000562595 0
5.26979 -0.000490817 0
5.27859 -0.000423605 0
5.28739 -0.000362386 0
5.29619 -0.000307705 0
5.30499 -0.000259834 0
5.31378 -0.000218437 0
5.32258 -0.000183177 0
5.33138 -0.000153435 0
5.34018 -0.000128632 0
5.34897 -0.000108151 0
5.35777 -9.13774e-05 0
5.36657 -7.78004e-05 0
5.37537 -6.70018e-05 0
5.38416 -5.84428e-05 0
5.39296 -5.17633e-05 0
5.40176 -4.66916e-05 0
5.41056 -4.29497e-05 0
5.41935 -4.02156e-05 0
5.42815 -3.84178e-05 0
5.43695 -3.7308e-05 0
5.44575 -3.67673e-05 0
5.45455 -3.66792e-05 0
5.46334 -3.69607e-05 0
5.47214 -3.74929e-05 0
5.48094 -3.82883e-05 0
5.48974 -3.91789e-05 0
5.49853 -4.02066e-05 0
5.50733 -4.13594e-05 0
5.51613 -4.25537e-05 0
5.52493 -4.38372e-05 0
5.53372 -4.50589e-05 0
5.54252 -4.63406e-05 0
5.55132 -4.75893e-05 0
5.56012 -4.8843e-05 0
5.56891 -5.01113e-05 0
5.57771 -5.13128e-05 0
5.58651 -5.25172e-05 0
5.59531 -5.37009e-05 0
5.60411 -5.49268e-05 0
5.6129 -5.60705e-05 0
5.6217 -5.7277e-05 0
5.6305 -5.84623e-05 0
5.6393 -5.96772e-05 0
5.64809 -6.09341e-05 0
5.65689 -6.22635e-05 0
5.66569 -6.35777e-05 0
5.67449 -6.5055e-05 0
5.68328 -6.66332e-05 0
5.69208 -6.87174e-05 0
5.70088 -7.06136e-05 0
5.70968 -7.27077e-05 0
5.71847 -7.50454e-05 0
5.72727 -7.76534e-05 0
5.73607 -8.06136e-05 0
5.74487 -8.43434e-05 0
5.75367 -8.8019e-05 0
5.76246 -9.25723e-05 0
5.77126 -9.71128e-05 0
5.78006 -0.000102487 0
5.78886 -0.000107971 0
5.79765 -0.000114159 0
5.80645 -0.000120631 0
5.81525 -0.000127302 0
5.82405 -0.00013441 0
5.83284 -0.000140971 0
5.84164 -0.000147574 0
5.85044 -0.000153607 0
5.85924 -0.000159304 0
5.86804 -0.000163594 0
5.87683 -0.000167066 0
5.88563 -0.000169663 0
5.89443 -0.00017082 0
5.90323 -0.000170465 0
5.91202 -0.000169081 0
5.92082 -0.000166243 0
5.92962 -0.000162141 0
5.93842 -0.000156916 0
5.94721 -0.000151213 0
5.95601 -0.000144844 0
5.96481 -0.000137654 0
5.97361 -0.000130701 0
5.9824 -0.000123804 0
5.9912 -0.000116765 0
6 -0.000110123 0
