-3 -6.83681e-05 0
-2.9912 -7.66285e-05 0
-2.9824 -8.51474e-05 0
-2.97361 -9.37262e-05 0
-2.96481 -0.000102125 0
-2.95601 -0.000110071 0
-2.94721 -0.000117269 0
-2.93842 -0.000123423 0
-2.92962 -0.000128248 0
-2.92082 -0.000131493 0
-2.91202 -0.000132955 0
-2.90323 -0.000132497 0
-2.89443 -0.000130057 0
-2.88563 -0.000125652 0
-2.87683 -0.00011938 0
-2.86804 -0.000111413 0
-2.85924 -0.000101988 0
-2.85044 -9.13906e-05 0
-2.84164 -7.99366e-05 0
-2.83284 -6.79545e-05 0
-2.82405 -5.57627e-05 0
-2.81525 -4.36543e-05 0
-2.80645 -3.18839e-05 0
-2.79765 -2.0658e-05 0
-2.78886 -1.0132e-05 0
-2.78006 -4.10301e-07 0
-2.77126 8.44828e-06 0
-2.76246 1.64256e-05 0
-2.75367 2.35343e-05 0
-2.74487 2.98113e-05 0
-2.73607 3.531e-05 0
-2.72727 4.00935e-05 0
-2.71848 4.423e-05 0
-2.70968 4.77884e-05 0
-2.70088 5.08359e-05 0
-2.69208 5.34363e-05 0
-2.68328 5.56477e-05 0
-2.67449 5.75231e-05 0
-2.66569 5.91107e-05 0
-2.65689 6.04524e-05 0
-2.64809 6.15858e-05 0
-2.6393 6.25434e-05 0
-2.6305 6.33532e-05 0
-2.6217 6.404e-05 0
-2.6129 6.46251e-05 0
-2.60411 6.51268e-05 0
-2.59531 6.55608e-05 0
-2.58651 6.59411e-05 0
-2.57771 6.6279e-05 0
-2.56891 6.65847e-05 0
-2.56012 6.68668e-05 0
-2.55132 6.71332e-05 0
-2.54252 6.73898e-05 0
-2.53372 6.76422e-05 0
-2.52493 6.78955e-05 0
-2.51613 6.81533e-05 0
-2.50733 6.84194e-05 0
-2.49853 6.8697e-05 0
-2.48974 6.89887e-05 0
-2.48094 6.92971e-05 0
-2.47214 6.96244e-05 0
-2.46334 6.99727e-05 0
-2.45455 7.03439e-05 0
-2.44575 7.07396e-05 0
-2.43695 7.11614e-05 0
-2.42815 7.1611e-05 0
-2.41935 7.20894e-05 0
-2.41056 7.25985e-05 0
-2.40176 7.31392e-05 0
-2.39296 7.37133e-05 0
-2.38416 7.43222e-05 0
-2.37537 7.4968e-05 0
-2.36657 7.56526e-05 0
-2.35777 7.63789e-05 0
-2.34897 7.71497e-05 0
-2.34018 7.79694e-05 0
-2.33138 7.88424e-05 0
-2.32258 7.97737e-05 0
-2.31378 8.07708e-05 0
-2.30499 8.18404e-05 0
-2.29619 8.29921e-05 0
-2.28739 8.42362e-05 0
-2.27859 8.5585e-05 0
-2.26979 8.70526e-05 0
-2.261 8.86558e-05 0
-2.2522 9.04145e-05 0
-2.2434 9.23512e-05 0
-2.2346 9.44925e-05 0
-2.22581 9.68694e-05 0
-2.21701 9.95182e-05 0
-2.20821 0.000102481 0
-2.19941 0.000105808 0
-2.19062 0.000109558 0
-2.18182 0.000113798 0
-2.17302 0.000118609 0
-2.16422 0.000124087 0
-2.15543 0.000130343 0
-2.14663 0.00013751 0
-2.13783 0.000145743 0
-2.12903 0.000155228 0
-2.12023 0.000166181 0
-2.11144 0.000178859 0
-2.10264 0.000193564 0
-2.09384 0.000210654 0
-2.08504 0.000230547 0
-2.07625 0.000253737 0
-2.06745 0.000280807 0
-2.05865 0.000312439 0
-2.04985 0.000349439 0
-2.04106 0.000392748 0
-2.03226 0.000443474 0
-2.02346 0.000502917 0
-2.01466 0.000572601 0
-2.00587 0.00065431 0
-1.99707 0.000750135 0
-1.98827 0.000862518 0
-1.97947 0.000994311 0
-1.97067 0.00114884 0
-1.96188 0.00132996 0
-1.95308 0.00154213 0
-1.94428 0.00179046 0
-1.93548 0.00208076 0
-1.92669 0.00241955 0
-1.91789 0.00281397 0
-1.90909 0.00327175 0
-1.90029 0.00380093 0
-1.8915 0.00440965 0
-1.8827 0.00510577 0
-1.8739 0.0058964 0
-1.8651 0.00678751 0
-1.85631 0.00778335 0
-1.84751 0.00888603 0
-1.83871 0.0100951 0
-1.82991 0.011407 0
-1.82111 0.0128152 0
-1.81232 0.0143099 0
-1.80352 0.015879 0
-1.79472 0.017508 0
-1.78592 0.019182 0
-1.77713 0.020887 0
-1.76833 0.0226109 0
-1.75953 0.0243451 0
-1.75073 0.026085 0
-1.74194 0.0278296 0
-1.73314 0.0295811 0
-1.72434 0.0313436 0
-1.71554 0.0331219 0
-1.70675 0.0349209 0
-1.69795 0.0367442 0
-1.68915 0.0385944 0
-1.68035 0.0404726 0
-1.67155 0.0423786 0
-1.66276 0.0443106 0
-1.65396 0.0462653 0
-1.64516 0.0482392 0
-1.63636 0.0502289 0
-1.62757 0.0522332 0
-1.61877 0.0542546 0
-1.60997 0.0563009 0
-1.60117 0.0583869 0
-1.59238 0.0605333 0
-1.58358 0.0627661 0
-1.57478 0.0651142 0
-1.56598 0.0676056 0
-1.55718 0.0702646 0
-1.54839 0.073109 0
-1.53959 0.0761479 0
-1.53079 0.0793822 0
-1.52199 0.0828044 0
-1.5132 0.0864025 0
-1.5044 0.0901626 0
-1.4956 0.0940727 0
-1.4868 0.0981263 0
-1.47801 0.102325 0
-1.46921 0.106681 0
-1.46041 0.111215 0
-1.45161 0.115958 0
-1.44282 0.120949 0
-1.43402 0.126231 0
-1.42522 0.131852 0
-1.41642 0.137862 0
-1.40762 0.144312 0
-1.39883 0.151251 0
-1.39003 0.15873 0
-1.38123 0.166797 0
-1.37243 0.175504 0
-1.36364 0.184899 0
-1.35484 0.195033 0
-1.34604 0.205961 0
-1.33724 0.217738 0
-1.32845 0.230427 0
-1.31965 0.244098 0
-1.31085 0.258828 0
-1.30205 0.274708 0
-1.29326 0.291839 0
-1.28446 0.310335 0
-1.27566 0.33032 0
-1.26686 0.35193 0
-1.25806 0.375301 0
-1.24927 0.400569 0
-1.24047 0.427863 0
-1.23167 0.457291 0
-1.22287 0.488933 0
-1.21408 0.522833 0
-1.20528 0.558986 0
-1.19648 0.597326 0
-1.18768 0.637717 0
-1.17889 0.679943 0
-1.17009 0.7237 0
-1.16129 0.76859 0
-1.15249 0.814123 0
-1.1437 0.859726 0
-1.1349 0.90475 0
-1.1261 0.948501 0
-1.1173 0.99027 0
-1.1085 1.02937 0
-1.09971 1.06517 0
-1.09091 1.09714 0
-1.08211 1.12487 0
-1.07331 1.14812 0
-1.06452 1.16679 0
-1.05572 1.18093 0
-1.04692 1.19072 0
-1.03812 1.19646 0
-1.02933 1.19851 0
-1.02053 1.19729 0
-1.01173 1.19322 0
-1.00293 1.18675 0
-0.994135 1.17826 0
-0.985337 1.16815 0
-0.97654 1.15675 0
-0.967742 1.14436 0
-0.958944 1.13124 0
-0.950146 1.11763 0
-0.941349 1.10371 0
-0.932551 1.08967 0
-0.923753 1.07562 0
-0.914956 1.0617 0
-0.906158 1.048 0
-0.897361 1.03457 0
-0.888563 1.02148 0
-0.879765 1.00877 0
-0.870968 0.996438 0
-0.86217 0.984509 0
-0.853372 0.972973 0
-0.844575 0.96182 0
-0.835777 0.95103 0
-0.826979 0.940586 0
-0.818182 0.930466 0
-0.809384 0.920653 0
-0.800586 0.911136 0
-0.791789 0.901907 0
-0.782991 0.892963 0
-0.774194 0.884307 0
-0.765396 0.875938 0
-0.756598 0.867861 0
-0.747801 0.860071 0
-0.739003 0.852561 0
-0.730205 0.84532 0
-0.721408 0.838329 0
-0.71261 0.831566 0
-0.703812 0.825004 0
-0.695015 0.818613 0
-0.686217 0.812368 0
-0.677419 0.806245 0
-0.668622 0.800229 0
-0.659824 0.79431 0
-0.651026 0.788489 0
-0.642229 0.782772 0
-0.633431 0.777174 0
-0.624634 0.771711 0
-0.615836 0.766401 0
-0.607038 0.761255 0
-0.59824 0.756284 0
-0.589443 0.751489 0
-0.580645 0.746865 0
-0.571847 0.742408 0
-0.56305 0.738106 0
-0.554252 0.73395 0
-0.545455 0.729931 0
-0.536657 0.726046 0
-0.527859 0.722292 0
-0.519062 0.718678 0
-0.510264 0.715216 0
-0.501466 0.71192 0
-0.492669 0.708809 0
-0.483871 0.705904 0
-0.475073 0.703223 0
-0.466276 0.70078 0
-0.457478 0.698583 0
-0.44868 0.69663 0
-0.439883 0.694913 0
-0.431085 0.693409 0
-0.422287 0.692089 0
-0.41349 0.690917 0
-0.404692 0.689849 0
-0.395894 0.688839 0
-0.387097 0.687847 0
-0.378299 0.686831 0
-0.369502 0.685756 0
-0.360704 0.684598 0
-0.351906 0.683337 0
-0.343109 0.68196 0
-0.334311 0.680461 0
-0.325513 0.678838 0
-0.316715 0.677088 0
-0.307918 0.675206 0
-0.29912 0.673191 0
-0.290322 0.671036 0
-0.281525 0.668735 0
-0.272727 0.666285 0
-0.26393 0.663683 0
-0.255132 0.66093 0
-0.246334 0.658031 0
-0.237537 0.654999 0
-0.228739 0.651851 0
-0.219941 0.648606 0
-0.211144 0.645291 0
-0.202346 0.641933 0
-0.193548 0.63856 0
-0.184751 0.635197 0
-0.175953 0.631868 0
-0.167155 0.628592 0
-0.158358 0.62538 0
-0.14956 0.622236 0
-0.140763 0.619154 0
-0.131965 0.616121 0
-0.123167 0.613111 0
-0.11437 0.610091 0
-0.105572 0.607018 0
-0.0967743 0.603838 0
-0.0879766 0.600486 0
-0.079179 0.596889 0
-0.0703813 0.592958 0
-0.0615837 0.588588 0
-0.0527861 0.583657 0
-0.0439884 0.578022 0
-0.0351905 0.571518 0
-0.0263928 0.563952 0
-0.0175952 0.555117 0
-0.00879756 0.544788 0
8.9407e-08 0.532737 0
0.00879773 0.518743 0
0.0175954 0.502607 0
0.026393 0.484169 0
0.0351907 0.463328 0
0.0439883 0.440052 0
0.052786 0.414397 0
0.0615836 0.386511 0
0.0703813 0.356642 0
0.0791789 0.325124 0
0.0879765 0.292373 0
0.0967742 0.25886 0
0.105572 0.225087 0
0.114369 0.191556 0
0.123167 0.158741 0
0.131965 0.127065 0
0.140762 0.0968749 0
0.14956 0.0684338 0
0.158358 0.0419208 0
0.167155 0.0174334 0
0.175953 -0.00500402 0
0.184751 -0.0254218 0
0.193548 -0.0438927 0
0.202346 -0.0605179 0
0.211144 -0.0754148 0
0.219941 -0.0887062 0
0.228739 -0.100518 0
0.237537 -0.110974 0
0.246334 -0.12019 0
0.255132 -0.128285 0
0.26393 -0.135366 0
0.272727 -0.141538 0
0.281525 -0.146901 0
0.290323 -0.151548 0
0.29912 -0.155563 0
0.307918 -0.159024 0
0.316716 -0.162002 0
0.325513 -0.164553 0
0.334311 -0.166729 0
0.343109 -0.168571 0
0.351906 -0.17011 0
0.360704 -0.171368 0
0.369501 -0.172361 0
0.378299 -0.173099 0
0.387097 -0.173587 0
0.395894 -0.17383 0
0.404692 -0.173828 0
0.41349 -0.173584 0
0.422287 -0.173104 0
0.431085 -0.172394 0
0.439883 -0.171462 0
0.44868 -0.170317 0
0.457478 -0.168971 0
0.466276 -0.167437 0
0.475073 -0.165728 0
0.483871 -0.163855 0
0.492669 -0.161828 0
0.501466 -0.159658 0
0.510264 -0.157349 0
0.519061 -0.154909 0
0.527859 -0.152343 0
0.536657 -0.149657 0
0.545455 -0.14686 0
0.554252 -0.143961 0
0.56305 -0.140971 0
0.571848 -0.137902 0
0.580645 -0.134765 0
0.589443 -0.131572 0
0.59824 -0.128328 0
0.607038 -0.125041 0
0.615836 -0.121713 0
0.624633 -0.118346 0
0.633431 -0.114941 0
0.642229 -0.1115 0
0.651026 -0.108025 0
0.659824 -0.104519 0
0.668622 -0.100988 0
0.677419 -0.0974389 0
0.686217 -0.0938805 0
0.695015 -0.0903223 0
0.703812 -0.086775 0
0.71261 -0.0832492 0
0.721408 -0.0797561 0
0.730205 -0.076306 0
0.739003 -0.0729091 0
0.7478 -0.0695738 0
0.756598 -0.0663082 0
0.765396 -0.0631197 0
0.774193 -0.0600147 0
0.782991 -0.0570002 0
0.791789 -0.0540836 0
0.800587 -0.0512735 0
0.809384 -0.0485809 0
0.818182 -0.0460175 0
0.82698 -0.0435954 0
0.835777 -0.0413277 0
0.844575 -0.0392252 0
0.853373 -0.0372971 0
0.86217 -0.0355486 0
0.870968 -0.0339813 0
0.879765 -0.0325919 0
0.888563 -0.0313735 0
0.897361 -0.0303156 0
0.906158 -0.0294051 0
0.914956 -0.0286269 0
0.923754 -0.0279659 0
0.932551 -0.0274061 0
0.941349 -0.0269332 0
0.950147 -0.0265333 0
0.958944 -0.0261944 0
0.967742 -0.025906 0
0.97654 -0.0256585 0
0.985337 -0.0254446 0
0.994135 -0.0252575 0
1.00293 -0.0250913 0
1.01173 -0.0249418 0
1.02053 -0.0248046 0
1.02933 -0.0246762 0
1.03812 -0.0245534 0
1.04692 -0.0244334 0
1.05572 -0.0243133 0
1.06452 -0.0241907 0
1.07331 -0.0240627 0
1.08211 -0.0239264 0
1.09091 -0.0237794 0
1.09971 -0.0236176 0
1.1085 -0.0234387 0
1.1173 -0.0232382 0
1.1261 -0.0230124 0
1.1349 -0.0227567 0
1.1437 -0.0224662 0
1.15249 -0.0221356 0
1.16129 -0.0217589 0
1.17009 -0.0213301 0
1.17889 -0.0208423 0
1.18768 -0.0202881 0
1.19648 -0.0196598 0
1.20528 -0.0189491 0
1.21408 -0.0181474 0
1.22287 -0.0172457 0
1.23167 -0.0162352 0
1.24047 -0.0151074 0
1.24927 -0.0138545 0
1.25806 -0.0124705 0
1.26686 -0.0109515 0
1.27566 -0.00929588 0
1.28446 -0.00750521 0
1.29326 -0.00558356 0
1.30205 -0.00353747 0
1.31085 -0.00137519 0
1.31965 0.000893948 0
1.32845 0.00326052 0
1.33724 0.00571535 0
1.34604 0.00824968 0
1.35484 0.0108555 0
1.36364 0.0135243 0
1.37243 0.0162466 0
1.38123 0.0190112 0
1.39003 0.0218037 0
1.39883 0.0246065 0
1.40762 0.0273985 0
1.41642 0.0301557 0
1.42522 0.0328522 0
1.43402 0.0354622 0
1.44282 0.0379615 0
1.45161 0.0403294 0
1.46041 0.0425506 0
1.46921 0.0446164 0
1.47801 0.0465251 0
1.4868 0.0482823 0
1.4956 0.0498998 0
1.5044 0.0513941 0
1.5132 0.0527853 0
1.52199 0.054095 0
1.53079 0.0553453 0
1.53959 0.0565574 0
1.54839 0.0577512 0
1.55718 0.0589452 0
1.56598 0.0601564 0
1.57478 0.0613996 0
1.58358 0.0626874 0
1.59238 0.0640302 0
1.60117 0.0654348 0
1.60997 0.0669042 0
1.61877 0.068438 0
1.62757 0.070032 0
1.63636 0.0716788 0
1.64516 0.0733687 0
1.65396 0.0750909 0
1.66276 0.076834 0
1.67155 0.0785875 0
1.68035 0.0803419 0
1.68915 0.0820895 0
1.69795 0.083824 0
1.70674 0.085541 0
1.71554 0.0872369 0
1.72434 0.0889089 0
1.73314 0.0905548 0
1.74194 0.0921722 0
1.75073 0.0937586 0
1.75953 0.0953113 0
1.76833 0.0968273 0
1.77713 0.0983036 0
1.78592 0.0997366 0
1.79472 0.101123 0
1.80352 0.102459 0
1.81232 0.10374 0
1.82111 0.104963 0
1.82991 0.106123 0
1.83871 0.107218 0
1.84751 0.108244 0
1.85631 0.109201 0
1.8651 0.110091 0
1.8739 0.110919 0
1.8827 0.111691 0
1.8915 0.112421 0
1.90029 0.113121 0
1.90909 0.113805 0
1.91789 0.114488 0
1.92669 0.115184 0
1.93548 0.115902 0
1.94428 0.116651 0
1.95308 0.117438 0
1.96188 0.118267 0
1.97067 0.119141 0
1.97947 0.120066 0
1.98827 0.121045 0
1.99707 0.122084 0
2.00587 0.123186 0
2.01466 0.124357 0
2.02346 0.125597 0
2.03226 0.126904 0
2.04106 0.128271 0
2.04985 0.129689 0
2.05865 0.131143 0
2.06745 0.132617 0
2.07625 0.134093 0
2.08504 0.135554 0
2.09384 0.136987 0
2.10264 0.138381 0
2.11144 0.139731 0
2.12023 0.141036 0
2.12903 0.142298 0
2.13783 0.143519 0
2.14663 0.144704 0
2.15543 0.145855 0
2.16422 0.14697 0
2.17302 0.148047 0
2.18182 0.149078 0
2.19062 0.150055 0
2.19941 0.150969 0
2.20821 0.15181 0
2.21701 0.152568 0
2.22581 0.153236 0
2.2346 0.153808 0
2.2434 0.154284 0
2.2522 0.154666 0
2.261 0.154961 0
2.26979 0.155183 0
2.27859 0.155353 0
2.28739 0.155493 0
2.29619 0.155634 0
2.30499 0.155807 0
2.31378 0.156041 0
2.32258 0.156363 0
2.33138 0.156794 0
2.34018 0.157342 0
2.34897 0.158006 0
2.35777 0.158774 0
2.36657 0.159622 0
2.37537 0.160517 0
2.38416 0.161425 0
2.39296 0.162312 0
2.40176 0.163145 0
2.41056 0.163902 0
2.41935 0.164572 0
2.42815 0.165153 0
2.43695 0.165655 0
2.44575 0.166097 0
2.45455 0.166504 0
2.46334 0.166904 0
2.47214 0.167325 0
2.48094 0.16779 0
2.48974 0.168314 0
2.49853 0.168902 0
2.50733 0.169551 0
2.51613 0.170244 0
2.52493 0.170961 0
2.53372 0.171672 0
2.54252 0.172347 0
2.55132 0.172956 0
2.56012 0.173471 0
2.56891 0.173872 0
2.57771 0.174141 0
2.58651 0.174273 0
2.59531 0.174266 0
2.60411 0.174129 0
2.6129 0.173874 0
2.6217 0.173519 0
2.6305 0.173087 0
2.6393 0.172596 0
2.64809 0.17207 0
2.65689 0.171525 0
2.66569 0.170975 0
2.67449 0.17043 0
2.68328 0.169895 0
2.69208 0.169373 0
2.70088 0.168863 0
2.70968 0.168362 0
2.71847 0.167865 0
2.72727 0.167368 0
2.73607 0.166869 0
2.74487 0.166363 0
2.75367 0.165849 0
2.76246 0.165326 0
2.77126 0.164794 0
2.78006 0.164253 0
2.78886 0.163706 0
2.79765 0.163153 0
2.80645 0.162599 0
2.81525 0.162044 0
2.82405 0.161489 0
2.83284 0.160934 0
2.84164 0.160375 0
2.85044 0.159809 0
2.85924 0.159231 0
2.86803 0.158641 0
2.87683 0.158039 0
2.88563 0.157434 0
2.89443 0.156837 0
2.90323 0.156269 0
2.91202 0.155754 0
2.92082 0.155318 0
2.92962 0.154986 0
2.93842 0.154781 0
2.94721 0.154719 0
2.95601 0.154804 0
2.96481 0.155032 0
2.97361 0.155387 0
2.9824 0.15584 0
2.9912 0.156351 0
3 0.156872 0
3.0088 0.157347 0
3.0176 0.157716 0
3.02639 0.157915 0
3.03519 0.157884 0
3.04399 0.157562 0
3.05279 0.156898 0
3.06158 0.15585 0
3.07038 0.154385 0
3.07918 0.152489 0
3.08798 0.15016 0
3.09677 0.147416 0
3.10557 0.144292 0
3.11437 0.140838 0
3.12317 0.137117 0
3.13196 0.133205 0
3.14076 0.12918 0
3.14956 0.125121 0
3.15836 0.121102 0
3.16716 0.117187 0
3.17595 0.113425 0
3.18475 0.10985 0
3.19355 0.106479 0
3.20235 0.103313 0
3.21114 0.100342 0
3.21994 0.0975451 0
3.22874 0.0948977 0
3.23754 0.0923731 0
3.24633 0.0899462 0
3.25513 0.0875958 0
3.26393 0.0853066 0
3.27273 0.0830678 0
3.28152 0.080873 0
3.29032 0.078718 0
3.29912 0.0765991 0
3.30792 0.0745114 0
3.31672 0.0724473 0
3.32551 0.070397 0
3.33431 0.0683476 0
3.34311 0.0662869 0
3.35191 0.0642031 0
3.3607 0.0620884 0
3.3695 0.0599397 0
3.3783 0.0577599 0
3.3871 0.0555573 0
3.39589 0.0533456 0
3.40469 0.0511412 0
3.41349 0.0489618 0
3.42229 0.046824 0
3.43108 0.0447411 0
3.43988 0.0427221 0
3.44868 0.0407705 0
3.45748 0.0388836 0
3.46628 0.0370543 0
3.47507 0.0352721 0
3.48387 0.0335259 0
3.49267 0.0318064 0
3.50147 0.0301093 0
3.51026 0.0284364 0
3.51906 0.0267974 0
3.52786 0.025209 0
3.53666 0.0236922 0
3.54545 0.0222701 0
3.55425 0.0209646 0
3.56305 0.0197922 0
3.57185 0.0187622 0
3.58065 0.0178753 0
3.58944 0.0171231 0
3.59824 0.0164896 0
3.60704 0.015953 0
3.61584 0.0154879 0
3.62463 0.015069 0
3.63343 0.0146724 0
3.64223 0.0142776 0
3.65103 0.0138694 0
3.65982 0.0134379 0
3.66862 0.0129788 0
3.67742 0.0124928 0
3.68622 0.0119854 0
3.69501 0.0114664 0
3.70381 0.0109488 0
3.71261 0.0104478 0
3.72141 0.00998054 0
3.73021 0.00956455 0
3.739 0.00921605 0
3.7478 0.0089495 0
3.7566 0.00877638 0
3.7654 0.0087042 0
3.77419 0.00873621 0
3.78299 0.00887109 0
3.79179 0.00910306 0
3.80059 0.00942134 0
3.80938 0.00981124 0
3.81818 0.0102534 0
3.82698 0.0107248 0
3.83578 0.0112002 0
3.84457 0.0116524 0
3.85337 0.0120551 0
3.86217 0.0123844 0
3.87097 0.0126209 0
3.87977 0.0127506 0
3.88856 0.0127659 0
3.89736 0.0126659 0
3.90616 0.0124547 0
3.91496 0.0121405 0
3.92375 0.0117344 0
3.93255 0.0112487 0
3.94135 0.0106957 0
3.95015 0.0100872 0
3.95894 0.00943372 0
3.96774 0.00874423 0
3.97654 0.00802648 0
3.98534 0.00728657 0
3.99413 0.00652954 0
4.00293 0.00575999 0
4.01173 0.0049823 0
4.02053 0.00420212 0
4.02933 0.00342659 0
4.03812 0.00266514 0
4.04692 0.00193002 0
4.05572 0.00123648 0
4.06452 0.000601925 0
4.07331 4.48713e-05 0
4.08211 -0.00041623 0
4.09091 -0.000764924 0
4.09971 -0.000987609 0
4.1085 -0.0010756 0
4.1173 -0.00102518 0
4.1261 -0.000838446 0
4.1349 -0.000522372 0
4.1437 -8.90613e-05 0
4.15249 0.000445081 0
4.16129 0.00106019 0
4.17009 0.00173349 0
4.17889 0.00244051 0
4.18768 0.00315568 0
4.19648 0.00385382 0
4.20528 0.00451133 0
4.21408 0.00510707 0
4.22287 0.00562414 0
4.23167 0.00604967 0
4.24047 0.00637569 0
4.24927 0.00659917 0
4.25806 0.00672187 0
4.26686 0.00674973 0
4.27566 0.00669293 0
4.28446 0.00656522 0
4.29326 0.00638314 0
4.30205 0.00616504 0
4.31085 0.00592934 0
4.31965 0.00569287 0
4.32845 0.00546881 0
4.33724 0.00526427 0
4.34604 0.00507926 0
4.35484 0.00490559 0
4.36364 0.00472727 0
4.37243 0.00452236 0
4.38123 0.00426511 0
4.39003 0.00392933 0
4.39883 0.00349197 0
4.40762 0.00293604 0
4.41642 0.00225347 0
4.42522 0.00144672 0
4.43402 0.000529046 0
4.44282 -0.000476262 0
4.45161 -0.00153803 0
4.46041 -0.0026202 0
4.46921 -0.0036857 0
4.47801 -0.00469995 0
4.4868 -0.00563444 0
4.4956 -0.00646913 0
4.5044 -0.0071936 0
4.5132 -0.00780716 0
4.52199 -0.00831738 0
4.53079 -0.00873819 0
4.53959 -0.00908683 0
4.54839 -0.00938087 0
4.55718 -0.00963591 0
4.56598 -0.009863 0
4.57478 -0.0100677 0
4.58358 -0.0102495 0
4.59238 -0.010402 0
4.60117 -0.0105141 0
4.60997 -0.0105715 0
4.61877 -0.0105584 0
4.62757 -0.0104595 0
4.63636 -0.0102625 0
4.64516 -0.00995984 0
4.65396 -0.00955042 0
4.66276 -0.00904095 0
4.67155 -0.00844621 0
4.68035 -0.00778821 0
4.68915 -0.00709481 0
4.69795 -0.00639714 0
4.70675 -0.00572657 0
4.71554 -0.00511167 0
4.72434 -0.00457506 0
4.73314 -0.00413143 0
4.74194 -0.00378652 0
4.75073 -0.00353649 0
4.75953 -0.00336956 0
4.76833 -0.00326776 0
4.77713 -0.00320943 0
4.78592 -0.00317237 0
4.79472 -0.00313607 0
4.80352 -0.00308362 0
4.81232 -0.00300322 0
4.82111 -0.00288804 0
4.82991 -0.0027366 0
4.83871 -0.00255191 0
4.84751 -0.00234119 0
4.85631 -0.00211479 0
4.8651 -0.00188574 0
4.8739 -0.00166847 0
4.8827 -0.00147833 0
4.8915 -0.00133008 0
4.90029 -0.00123755 0
4.90909 -0.00121235 0
4.91789 -0.00126342 0
4.92669 -0.00139607 0
4.93548 -0.00161186 0
4.94428 -0.00190783 0
4.95308 -0.00227631 0
4.96188 -0.0027051 0
4.97067 -0.00317782 0
4.97947 -0.00367449 0
4.98827 -0.00417299 0
4.99707 -0.00465011 0
5.00587 -0.00508313 0
5.01466 -0.00545095 0
5.02346 -0.00573547 0
5.03226 -0.0059222 0
5.04106 -0.00600086 0
5.04985 -0.005966 0
5.05865 -0.00581708 0
5.06745 -0.00555831 0
5.07625 -0.0051986 0
5.08504 -0.00475096 0
5.09384 -0.00423176 0
5.10264 -0.00365989 0
5.11144 -0.00305538 0
5.12023 -0.00243842 0
5.12903 -0.00182833 0
5.13783 -0.00124241 0
5.14663 -0.000695475 0
5.15543 -0.000199376 0
5.16422 0.000237343 0
5.17302 0.000609273 0
5.18182 0.000913894 0
5.19062 0.0011517 0
5.19941 0.00132579 0
5.20821 0.00144107 0
5.21701 0.00150419 0
5.22581 0.00152279 0
5.2346 0.00150495 0
5.2434 0.00145865 0
5.2522 0.00139147 0
5.261 0.00131017 0
5.26979 0.00122043 0
5.27859 0.0011271 0
5.28739 0.00103356 0
5.29619 0.000942775 0
5.30499 0.000856396 0
5.31378 0.000775723 0
5.32258 0.000701317 0
5.33138 0.000633525 0
5.34018 0.000572246 0
5.34897 0.000517181 0
5.35777 0.000468077 0
5.36657 0.000424358 0
5.37537 0.000385665 0
5.38416 0.000351392 0
5.39296 0.000321137 0
5.40176 0.000294451 0
5.41056 0.000270877 0
5.41935 0.000250169 0
5.42815 0.000231807 0
5.43695 0.000215613 0
5.44575 0.000201298 0
5.45455 0.000188596 0
5.46334 0.000177358 0
5.47214 0.000167342 0
5.48094 0.000158411 0
5.48974 0.000150489 0
5.49853 0.000143357 0
5.50733 0.000136961 0
5.51613 0.000131229 0
5.52493 0.000126077 0
5.53372 0.000121409 0
5.54252 0.000116989 0
5.55132 0.000113155 0
5.56012 0.000109644 0
5.56891 0.000106443 0
5.57771 0.000103505 0
5.58651 0.000100821 0
5.59531 9.83194e-05 0
5.60411 9.60161e-05 0
5.6129 9.38874e-05 0
5.6217 9.18764e-05 0
5.6305 8.99375e-05 0
5.6393 8.81014e-05 0
5.64809 8.61004e-05 0
5.65689 8.43375e-05 0
5.66569 8.25977e-05 0
5.67449 8.089e-05 0
5.68328 7.88936e-05 0
5.69208 7.70725e-05 0
5.70088 7.49407e-05 0
5.70968 7.26725e-05 0
5.71847 7.04622e-05 0
5.72727 6.78818e-05 0
5.73607 6.48496e-05 0
5.74487 6.17567e-05 0
5.75367 5.8211e-05 0
5.76246 5.45467e-05 0
5.77126 5.02118e-05 0
5.78006 4.57449e-05 0
5.78886 4.08158e-05 0
5.79765 3.54758e-05 0
5.80645 2.98266e-05 0
5.81525 2.41027e-05 0
5.82405 1.83214e-05 0
5.83284 1.2594e-05 0
5.84164 7.09992e-06 0
5.85044 2.04494e-06 0
5.85924 -2.33781e-06 0
5.86804 -6.32792e-06 0
5.87683 -9.14507e-06 0
5.88563 -1.12336e-05 0
5.89443 -1.21551e-05 0
5.90323 -1.18526e-05 0
5.91202 -1.07871e-05 0
5.92082 -8.44107e-06 0
5.92962 -5.33025e-06 0
5.93842 -1.42208e-06 0
5.94721 3.00259e-06 0
5.95601 7.94333e-06 0
5.96481 1.31748e-05 0
5.97361 1.8634e-05 0
5.9824 2.38917e-05 0
5.9912 2.92059e-05 0
6 3.41946e-05 0
