-3 0
-2.99022 9.91442e-07
-2.98045 -1.41723e-06
-2.97067 -4.16753e-07
-2.9609 -2.87311e-07
-2.95112 5.9776e-07
-2.94135 -5.34424e-07
-2.93157 -2.43135e-07
-2.9218 -1.65696e-07
-2.91202 4.87297e-08
-2.90225 -9.49039e-08
-2.89247 -6.78934e-08
-2.8827 -9.09131e-10
-2.87292 -8.98788e-08
-2.86315 2.45762e-07
-2.85337 2.1351e-08
-2.8436 -7.92117e-09
-2.83382 -3.20666e-08
-2.82405 -1.8671e-07
-2.81427 -6.22683e-08
-2.8045 -1.08207e-07
-2.79472 -3.49369e-08
-2.78495 1.09557e-07
-2.77517 1.65706e-07
-2.7654 2.45644e-08
-2.75562 4.54984e-08
-2.74585 8.39619e-08
-2.73607 -1.17765e-07
-2.72629 2.42735e-08
-2.71652 1.16975e-07
-2.70674 1.9775e-07
-2.69697 8.5542e-09
-2.68719 -1.46339e-07
-2.67742 -6.44801e-08
-2.66764 1.72662e-08
-2.65787 1.16376e-07
-2.64809 1.08698e-07
-2.63832 -1.10591e-07
-2.62854 -7.38995e-08
-2.61877 -7.81817e-08
-2.60899 -6.30216e-08
-2.59922 -3.94514e-08
-2.58944 1.44872e-07
-2.57967 1.6027e-07
-2.56989 -1.93346e-08
-2.56012 -1.31094e-07
-2.55034 1.84434e-07
-2.54057 -4.54031e-08
-2.53079 6.7987e-08
-2.52102 7.18347e-09
-2.51124 5.44857e-08
-2.50147 5.86073e-08
-2.49169 1.26342e-07
-2.48192 1.3909e-07
-2.47214 2.40666e-07
-2.46237 2.7568e-07
-2.45259 1.04779e-07
-2.44282 3.30998e-07
-2.43304 2.54969e-07
-2.42326 2.43548e-07
-2.41349 2.66344e-07
-2.40371 4.81574e-07
-2.39394 7.09308e-07
-2.38416 1.0157e-06
-2.37439 1.33918e-06
-2.36461 1.99248e-06
-2.35484 2.93491e-06
-2.34506 4.6884e-06
-2.33529 8.03876e-06
-2.32551 2.17565e-05
-2.31574 8.12476e-05
-2.30596 0.00121227
-2.29619 0.00514147
-2.28641 0.0100732
-2.27664 0.0137532
-2.26686 0.0165717
-2.25709 0.0189936
-2.24731 0.0211746
-2.23754 0.0231943
-2.22776 0.0250825
-2.21799 0.0268513
-2.20821 0.0285513
-2.19844 0.0301936
-2.18866 0.0317828
-2.17889 0.0333205
-2.16911 0.0348321
-2.15934 0.0362984
-2.14956 0.0377484
-2.13978 0.0391437
-2.13001 0.0405539
-2.12023 0.0419189
-2.11046 0.0432943
-2.10068 0.0446625
-2.09091 0.0459872
-2.08113 0.0473637
-2.07136 0.0486183
-2.06158 0.0499883
-2.05181 0.0512995
-2.04203 0.052572
-2.03226 0.0539888
-2.02248 0.0552161
-2.01271 0.0565463
-2.00293 0.0579444
-1.99316 0.0591708
-1.98338 0.060596
-1.97361 0.0619631
-1.96383 0.0631671
-1.95406 0.0646445
-1.94428 0.0660338
-1.93451 0.0672426
-1.92473 0.0687399
-1.91496 0.0701861
-1.90518 0.0714309
-1.89541 0.072972
-1.88563 0.0745292
-1.87586 0.0757915
-1.86608 0.0772871
-1.8563 0.0789733
-1.84653 0.0803506
-1.83675 0.0817937
-1.82698 0.0835987
-1.8172 0.0852132
-1.80743 0.0866246
-1.79765 0.0883957
-1.78788 0.0902785
-1.7781 0.0918278
-1.76833 0.0934949
-1.75855 0.0955553
-1.74878 0.0974554
-1.739 0.0991115
-1.72923 0.101123
-1.71945 0.103425
-1.70968 0.105437
-1.6999 0.107351
-1.69013 0.109728
-1.68035 0.112297
-1.67058 0.114559
-1.6608 0.116878
-1.65103 0.119744
-1.64125 0.122768
-1.63148 0.12552
-1.6217 0.128456
-1.61193 0.132039
-1.60215 0.13587
-1.59238 0.139571
-1.5826 0.143654
-1.57283 0.148693
-1.56305 0.154481
-1.55327 0.160824
-1.5435 0.168957
-1.53372 0.180931
-1.52395 0.195402
-1.51417 0.205842
-1.5044 0.207163
-1.49462 0.201664
-1.48485 0.194908
-1.47507 0.189525
-1.4653 0.185472
-1.45552 0.182571
-1.44575 0.180588
-1.43597 0.178782
-1.4262 0.176748
-1.41642 0.174954
-1.40665 0.173819
-1.39687 0.172915
-1.3871 0.171659
-1.37732 0.170237
-1.36755 0.169265
-1.35777 0.168769
-1.348 0.168052
-1.33822 0.166875
-1.32845 0.165885
-1.31867 0.165439
-1.3089 0.165116
-1.29912 0.164421
-1.28934 0.163346
-1.27957 0.162605
-1.26979 0.162622
-1.26002 0.162391
-1.25024 0.161311
-1.24047 0.16047
-1.23069 0.159784
-1.22092 0.157414
-1.21114 0.153268
-1.20137 0.148847
-1.19159 0.144772
-1.18182 0.141697
-1.17204 0.140308
-1.16227 0.139168
-1.15249 0.136627
-1.14272 0.134186
-1.13294 0.134018
-1.12317 0.134609
-1.11339 0.132967
-1.10362 0.130136
-1.09384 0.129787
-1.08407 0.131595
-1.07429 0.131412
-1.06452 0.12859
-1.05474 0.127342
-1.04497 0.129293
-1.03519 0.130595
-1.02542 0.128782
-1.01564 0.12687
-1.00587 0.127866
-0.99609 0.129892
-0.986315 0.129749
-0.97654 0.128123
-0.966764 0.128004
-0.956989 0.12968
-0.947214 0.130768
-0.937439 0.130385
-0.927664 0.130013
-0.917889 0.130716
-0.908113 0.13195
-0.898338 0.132812
-0.888563 0.133125
-0.878788 0.133408
-0.869013 0.134191
-0.859237 0.135488
-0.849462 0.136847
-0.839687 0.137751
-0.829912 0.13831
-0.820137 0.139372
-0.810362 0.141303
-0.800586 0.143267
-0.790811 0.144533
-0.781036 0.145714
-0.771261 0.147846
-0.761486 0.150911
-0.751711 0.153969
-0.741935 0.156751
-0.73216 0.160781
-0.722385 0.167781
-0.71261 0.176056
-0.702835 0.180197
-0.693059 0.176658
-0.683284 0.168119
-0.673509 0.15991
-0.663734 0.154094
-0.653959 0.149616
-0.644184 0.145882
-0.634408 0.143282
-0.624633 0.141544
-0.614858 0.139754
-0.605083 0.13765
-0.595308 0.135844
-0.585533 0.134774
-0.575758 0.133999
-0.565982 0.132843
-0.556207 0.131408
-0.546432 0.130383
-0.536657 0.129965
-0.526882 0.129562
-0.517107 0.128678
-0.507331 0.127643
-0.497556 0.127113
-0.487781 0.127082
-0.478006 0.126883
-0.468231 0.126161
-0.458456 0.125409
-0.44868 0.125247
-0.438905 0.125495
-0.42913 0.125438
-0.419355 0.124889
-0.40958 0.124448
-0.399805 0.124607
-0.390029 0.125092
-0.380254 0.12526
-0.370479 0.124984
-0.360704 0.124868
-0.350929 0.125427
-0.341154 0.126325
-0.331378 0.126934
-0.321603 0.127392
-0.311828 0.12833
-0.302053 0.129777
-0.292278 0.131038
-0.282502 0.131471
-0.272727 0.131038
-0.262952 0.130376
-0.253177 0.130252
-0.243402 0.130564
-0.233627 0.130408
-0.223851 0.129546
-0.214076 0.128901
-0.204301 0.129049
-0.194526 0.129292
-0.184751 0.128893
-0.174976 0.12821
-0.1652 0.127902
-0.155425 0.127924
-0.14565 0.127888
-0.135875 0.127695
-0.1261 0.127367
-0.116325 0.126905
-0.10655 0.126581
-0.0967743 0.126695
-0.0869992 0.126888
-0.077224 0.126483
-0.0674489 0.125663
-0.0576737 0.125404
-0.0478985 0.125923
-0.0381234 0.126157
-0.028348 0.125391
-0.0185728 0.124492
-0.00879765 0.124614
0.000977635 0.125323
0.0107528 0.125232
0.020528 0.12421
0.0303031 0.123612
0.0400783 0.12413
0.0498534 0.12469
0.0596286 0.124162
0.0694038 0.123151
0.0791789 0.123013
0.0889541 0.123699
0.0987293 0.123879
0.108504 0.123081
0.11828 0.122402
0.128055 0.122698
0.13783 0.123236
0.147605 0.122936
0.15738 0.122115
0.167155 0.12191
0.176931 0.122412
0.186706 0.122589
0.196481 0.122027
0.206256 0.121551
0.216031 0.121787
0.225806 0.122162
0.235582 0.121958
0.245357 0.121476
0.255132 0.1214
0.264907 0.121655
0.274682 0.121679
0.284457 0.121404
0.294233 0.121203
0.304008 0.121206
0.313783 0.121242
0.323558 0.121226
0.333333 0.121157
0.343109 0.121012
0.352884 0.120881
0.362659 0.12092
0.372434 0.121043
0.382209 0.120991
0.391984 0.120765
0.40176 0.120643
0.411535 0.120741
0.42131 0.120848
0.431085 0.120764
0.44086 0.120569
0.450635 0.12049
0.460411 0.120593
0.470186 0.120613
0.479961 0.119983
0.489736 0.118082
0.499511 0.114657
0.509286 0.110115
0.519062 0.10529
0.528837 0.100892
0.538612 0.0972026
0.548387 0.0941944
0.558162 0.0917028
0.567937 0.0894656
0.577713 0.0872489
0.587488 0.085057
0.597263 0.0830883
0.607038 0.0814135
0.616813 0.0798334
0.626589 0.0781471
0.636364 0.0764246
0.646139 0.074883
0.655914 0.0735615
0.665689 0.0722701
0.675464 0.0708586
0.68524 0.0694124
0.695015 0.0681147
0.70479 0.0669904
0.714565 0.0658806
0.72434 0.064662
0.734115 0.0634066
0.743891 0.0622721
0.753666 0.0612821
0.763441 0.0602959
0.773216 0.0591991
0.782991 0.0580605
0.792766 0.0570397
0.802541 0.0561625
0.812317 0.0552708
0.822092 0.0542429
0.831867 0.0531838
0.841642 0.0522823
0.851417 0.0515171
0.861192 0.0506724
0.870968 0.0496721
0.880743 0.048707
0.890518 0.0479319
0.900293 0.0472127
0.910068 0.0463444
0.919844 0.0453846
0.929619 0.0445525
0.939394 0.0438672
0.949169 0.0431259
0.958944 0.0422396
0.968719 0.0413637
0.978495 0.0406289
0.98827 0.0399385
0.998045 0.0391492
1.00782 0.0383012
1.0176 0.037529
1.02737 0.0368382
1.03715 0.0361171
1.04692 0.0353203
1.0567 0.0345217
1.06647 0.0337866
1.07625 0.033082
1.08602 0.032334
1.0958 0.0315321
1.10557 0.030743
1.11535 0.0300131
1.12512 0.029289
1.1349 0.0284916
1.14467 0.0276486
1.15445 0.0268583
1.16422 0.0261186
1.174 0.0253169
1.18377 0.0244188
1.19355 0.0235247
1.20332 0.0226885
1.2131 0.0218152
1.22287 0.0208157
1.23265 0.0197451
1.24242 0.018686
1.2522 0.0175832
1.26197 0.0162789
1.27175 0.0146705
1.28153 0.0127883
1.2913 0.0107954
1.30108 0.00897345
1.31085 0.00763699
1.32063 0.00695096
1.3304 0.00680953
1.34018 0.00692232
1.34995 0.00703516
1.35973 0.0070773
1.3695 0.00712716
1.37928 0.00725622
1.38905 0.00742029
1.39883 0.00752054
1.4086 0.00755315
1.41838 0.00762791
1.42815 0.00780122
1.43793 0.00797291
1.4477 0.00803332
1.45748 0.0080501
1.46725 0.00817661
1.47703 0.0083986
1.4868 0.00853782
1.49658 0.00853958
1.50635 0.00858217
1.51613 0.0087947
1.5259 0.00902948
1.53568 0.00908935
1.54545 0.00906239
1.55523 0.00919447
1.56501 0.00948009
1.57478 0.00965169
1.58456 0.00962045
1.59433 0.00964208
1.60411 0.00990125
1.61388 0.0101875
1.62366 0.0102314
1.63343 0.010167
1.64321 0.0103269
1.65298 0.0106777
1.66276 0.010858
1.67253 0.0107878
1.68231 0.010819
1.69208 0.0111407
1.70186 0.0114495
1.71163 0.0114631
1.72141 0.0114054
1.73118 0.0116228
1.74096 0.011994
1.75073 0.0121483
1.76051 0.0120953
1.77028 0.0121908
1.78006 0.0125296
1.78983 0.0128072
1.79961 0.0128411
1.80938 0.012855
1.81916 0.0130925
1.82893 0.013433
1.83871 0.0136058
1.84848 0.0136218
1.85826 0.0137429
1.86804 0.0140615
1.87781 0.014357
1.88759 0.0144512
1.89736 0.0144974
1.90714 0.014735
1.91691 0.0150971
1.92669 0.0153145
1.93646 0.0153593
1.94624 0.0154993
1.95601 0.0158576
1.96579 0.0161999
1.97556 0.0163158
1.98534 0.0163812
1.99511 0.0166771
2.00489 0.0171068
2.01466 0.01734
2.02444 0.0173861
2.03421 0.0176054
2.04399 0.0180824
2.05376 0.0184502
2.06354 0.0185333
2.07331 0.0186848
2.08309 0.0191675
2.09286 0.0196672
2.10264 0.0198504
2.11241 0.0199806
2.12219 0.0204551
2.13196 0.0210887
2.14174 0.0214478
2.15152 0.0216388
2.16129 0.0221375
2.17107 0.0229761
2.18084 0.0237255
2.19062 0.0242508
2.20039 0.0248662
2.21017 0.0256502
2.21994 0.0261878
2.22972 0.0262352
2.23949 0.0261629
2.24927 0.0263926
2.25904 0.0267588
2.26882 0.0268466
2.27859 0.0267149
2.28837 0.0267943
2.29814 0.0271528
2.30792 0.0273815
2.31769 0.02729
2.32747 0.0272327
2.33724 0.0275116
2.34702 0.0278598
2.35679 0.0278881
2.36657 0.0277447
2.37634 0.0278665
2.38612 0.0282403
2.39589 0.0284255
2.40567 0.0283025
2.41544 0.0282724
2.42522 0.0285756
2.435 0.028889
2.44477 0.0288743
2.45455 0.028745
2.46432 0.0289052
2.4741 0.0292754
2.48387 0.0294265
2.49365 0.0292926
2.50342 0.0292817
2.5132 0.0295984
2.52297 0.0298976
2.53275 0.0298566
2.54252 0.0297208
2.5523 0.0299037
2.56207 0.0302893
2.57185 0.0304126
2.58162 0.0302396
2.5914 0.0302384
2.60117 0.0305987
2.61095 0.0309005
2.62072 0.0308052
2.6305 0.0306327
2.64027 0.0308507
2.65005 0.0312932
2.65982 0.0314066
2.6696 0.0311582
2.67937 0.0311222
2.68915 0.0315525
2.69892 0.0319323
2.7087 0.0317889
2.71847 0.0314946
2.72825 0.0316996
2.73803 0.0322583
2.7478 0.0324252
2.75758 0.0320749
2.76735 0.031942
2.77713 0.0324253
2.7869 0.0329082
2.79668 0.0327597
2.80645 0.032385
2.81623 0.032561
2.826 0.0331507
2.83578 0.0333432
2.84555 0.0330062
2.85533 0.0328799
2.8651 0.0333186
2.87488 0.0337256
2.88465 0.0335938
2.89443 0.033341
2.9042 0.0335545
2.91398 0.033999
2.92375 0.0340707
2.93353 0.0338444
2.9433 0.0338999
2.95308 0.0342937
2.96285 0.0344864
2.97263 0.0343109
2.9824 0.0342613
2.99218 0.0346114
3.00196 0.0349226
3.01173 0.0348067
3.02151 0.0346128
3.03128 0.0348383
3.04106 0.0352698
3.05083 0.0353326
3.06061 0.0350669
3.07038 0.035068
3.08016 0.0354904
3.08993 0.0357923
3.09971 0.0356384
3.10948 0.0354406
3.11926 0.0356616
3.12903 0.0360789
3.13881 0.0361867
3.14858 0.0359972
3.15836 0.0359581
3.16813 0.0362398
3.17791 0.0365409
3.18768 0.036574
3.19746 0.0364352
3.20723 0.0364349
3.21701 0.0366983
3.22678 0.0369957
3.23656 0.0370166
3.24633 0.03683
3.25611 0.0368548
3.26588 0.0372251
3.27566 0.0375058
3.28543 0.0373665
3.29521 0.0371686
3.30499 0.0373944
3.31476 0.0378246
3.32454 0.037899
3.33431 0.0376544
3.34409 0.0376347
3.35386 0.0379832
3.36364 0.0382663
3.37341 0.0382102
3.38319 0.0380762
3.39296 0.0381921
3.40274 0.0384926
3.41251 0.0386728
3.42229 0.0386153
3.43206 0.0385274
3.44184 0.0386523
3.45161 0.0389278
3.46139 0.0390678
3.47116 0.0389945
3.48094 0.038954
3.49071 0.0391243
3.50049 0.0393604
3.51026 0.0394567
3.52004 0.0394314
3.52981 0.0394352
3.53959 0.0395546
3.54936 0.03976
3.55914 0.0399207
3.56891 0.0399164
3.57869 0.039839
3.58847 0.0399428
3.59824 0.0402571
3.60802 0.0404558
3.61779 0.0403236
3.62757 0.0401563
3.63734 0.0403689
3.64712 0.0408101
3.65689 0.0409139
3.66667 0.0405939
3.67644 0.0404673
3.68622 0.0409058
3.69599 0.0413815
3.70577 0.0412589
3.71554 0.0408339
3.72532 0.0409099
3.73509 0.0415275
3.74487 0.0418597
3.75464 0.0414916
3.76442 0.0411075
3.77419 0.0414638
3.78397 0.0421701
3.79374 0.0422354
3.80352 0.0416512
3.81329 0.0414807
3.82307 0.0421633
3.83284 0.0427463
3.84262 0.0424132
3.8524 0.0418481
3.86217 0.0421135
3.87195 0.0428888
3.88172 0.0430367
3.8915 0.0425027
3.90127 0.0423239
3.91105 0.0428616
3.92082 0.0433172
3.9306 0.0431485
3.94037 0.0428355
3.95015 0.0429526
3.95992 0.04335
3.9697 0.0435662
3.97947 0.043486
3.98925 0.0433602
3.99902 0.0434523
4.0088 0.0437472
4.01857 0.0439611
4.02835 0.043908
4.03812 0.0437778
4.0479 0.0438757
4.05767 0.0441813
4.06745 0.0443822
4.07722 0.044309
4.087 0.0441735
4.09677 0.0442906
4.10655 0.0446241
4.11632 0.0448023
4.1261 0.0446645
4.13587 0.0445442
4.14565 0.0447705
4.15543 0.0451313
4.1652 0.045182
4.17498 0.0449111
4.18475 0.0446413
4.19453 0.0443313
4.2043 0.0435173
4.21408 0.0420885
4.22385 0.0406338
4.23363 0.03973
4.2434 0.0392367
4.25318 0.0386343
4.26295 0.0378154
4.27273 0.0371369
4.2825 0.0367907
4.29228 0.0365221
4.30205 0.0360459
4.31183 0.0354381
4.3216 0.0349753
4.33138 0.0347353
4.34115 0.0345103
4.35093 0.0341038
4.3607 0.0336039
4.37048 0.0332549
4.38025 0.0330978
4.39003 0.0329036
4.3998 0.0325078
4.40958 0.0320551
4.41935 0.0317983
4.42913 0.0317211
4.43891 0.0315295
4.44868 0.0310896
4.45846 0.0306766
4.46823 0.0305626
4.47801 0.0305393
4.48778 0.0302302
4.49756 0.0297339
4.50733 0.0294809
4.51711 0.0295057
4.52688 0.029388
4.53666 0.0289639
4.54643 0.0285822
4.55621 0.0285076
4.56598 0.0285077
4.57576 0.0282562
4.58553 0.0278349
4.59531 0.0275777
4.60508 0.0275664
4.61486 0.0275199
4.62463 0.0272063
4.63441 0.0267993
4.64418 0.0266414
4.65396 0.0267046
4.66373 0.0265916
4.67351 0.026176
4.68328 0.0258461
4.69306 0.0258608
4.70283 0.0258926
4.71261 0.0255954
4.72238 0.0252043
4.73216 0.0250898
4.74194 0.02511
4.75171 0.0249253
4.76149 0.0246071
4.77126 0.0244263
4.78104 0.024346
4.79081 0.0241828
4.80059 0.0239835
4.81036 0.0238635
4.82014 0.0237379
4.82991 0.0235103
4.83969 0.0232905
4.84946 0.0232045
4.85924 0.0231624
4.86901 0.0229802
4.87879 0.0226632
4.88856 0.0224532
4.89834 0.0224936
4.90811 0.0225211
4.91789 0.0222086
4.92766 0.0217744
4.93744 0.0217132
4.94721 0.0219127
4.95699 0.0217841
4.96676 0.0213052
4.97654 0.0210561
4.98631 0.0211728
4.99609 0.0211803
5.00587 0.0208876
5.01564 0.0206061
5.02542 0.0205081
5.03519 0.02045
5.04497 0.0203386
5.05474 0.0202077
5.06452 0.0200476
5.07429 0.0198372
5.08407 0.01966
5.09384 0.0196238
5.10362 0.0196323
5.11339 0.0194227
5.12317 0.0190348
5.13294 0.0188984
5.14272 0.0190743
5.15249 0.0190207
5.16227 0.0185808
5.17204 0.0183139
5.18182 0.0184246
5.19159 0.0184392
5.20137 0.018167
5.21114 0.0179193
5.22092 0.0178193
5.23069 0.0177393
5.24047 0.017662
5.25024 0.0175768
5.26002 0.017375
5.26979 0.0171043
5.27957 0.0170081
5.28934 0.0170989
5.29912 0.0170025
5.3089 0.0166011
5.31867 0.0163787
5.32845 0.0165279
5.33822 0.0165179
5.348 0.0161621
5.35777 0.015928
5.36755 0.0159258
5.37732 0.0158708
5.3871 0.0157453
5.39687 0.0155867
5.40665 0.0153447
5.41642 0.0152051
5.4262 0.0152668
5.43597 0.0151959
5.44575 0.0148371
5.45552 0.0146119
5.4653 0.0147274
5.47507 0.0147087
5.48485 0.0143641
5.49462 0.0141484
5.5044 0.0141553
5.51417 0.0140905
5.52395 0.0139444
5.53372 0.0137363
5.5435 0.0135192
5.55328 0.0135214
5.56305 0.0135355
5.57283 0.013232
5.5826 0.0129661
5.59238 0.013032
5.60215 0.0130082
5.61193 0.0127099
5.6217 0.012515
5.63148 0.0124838
5.64125 0.0124152
5.65103 0.0122535
5.6608 0.0119974
5.67058 0.0118855
5.68035 0.0119339
5.69013 0.0117173
5.6999 0.0114141
5.70968 0.0114129
5.71945 0.0113799
5.72923 0.0111265
5.739 0.0109287
5.74878 0.0108721
5.75855 0.0108141
5.76833 0.0105772
5.7781 0.0103531
5.78788 0.0103603
5.79765 0.0102234
5.80743 0.00993827
5.8172 0.00986779
5.82698 0.00981161
5.83675 0.00958778
5.84653 0.00939738
5.85631 0.00934969
5.86608 0.00919237
5.87586 0.00893186
5.88563 0.00886271
5.89541 0.00874138
5.90518 0.0084857
5.91496 0.00837846
5.92473 0.00826466
5.93451 0.00802691
5.94428 0.00789601
5.95406 0.00776679
5.96383 0.00752803
5.97361 0.00739457
5.98338 0.00722616
5.99316 0.00701272
6.00293 0.00688315
6.01271 0.00667842
6.02248 0.00648778
6.03226 0.00631265
6.04203 0.00609565
6.05181 0.00590863
6.06158 0.00568811
6.07136 0.00547468
6.08113 0.00525675
6.09091 0.00503
6.10068 0.00479431
6.11046 0.00453917
6.12023 0.00427885
6.13001 0.00400454
6.13979 0.00370601
6.14956 0.00337819
6.15934 0.00302274
6.16911 0.00262164
6.17889 0.00214138
6.18866 0.00148337
6.19844 0.000678523
6.20821 0.00014023
6.21799 9.62455e-06
6.22776 3.7241e-06
6.23754 1.19931e-06
6.24731 8.00446e-07
6.25709 3.58818e-07
6.26686 1.61558e-07
6.27664 3.62737e-07
6.28641 2.9969e-07
6.29619 3.26023e-07
6.30596 1.4999e-07
6.31574 3.69108e-08
6.32551 4.01329e-08
6.33529 1.20589e-07
6.34506 1.34829e-07
6.35484 -1.0648e-07
6.36461 2.18376e-07
6.37439 -1.68708e-08
6.38416 3.32431e-08
6.39394 -1.25979e-07
6.40371 7.63489e-08
6.41349 2.18768e-07
6.42326 2.22677e-07
6.43304 1.06594e-07
6.44282 2.67591e-08
6.45259 3.17909e-07
6.46237 1.39361e-07
6.47214 4.21693e-09
6.48192 7.03421e-08
6.49169 -1.00306e-07
6.50147 -1.3761e-08
6.51124 2.84677e-07
6.52102 5.57245e-08
6.53079 1.44783e-07
6.54057 8.33866e-09
6.55034 5.54054e-07
6.56012 3.88414e-07
6.56989 8.39471e-08
6.57967 -7.7639e-08
6.58944 2.11368e-07
6.59922 1.75802e-07
6.60899 3.44801e-07
6.61877 3.184e-07
6.62854 2.49281e-07
6.63832 6.54266e-07
6.64809 -3.6118e-08
6.65787 5.2089e-07
6.66764 -9.5672e-08
6.67742 -4.71541e-07
6.68719 -9.48884e-08
6.69697 1.78962e-07
6.70675 9.13863e-08
6.71652 1.47129e-07
6.7263 7.16925e-07
6.73607 7.66085e-07
6.74585 7.06678e-07
6.75562 1.05781e-06
6.7654 1.03781e-06
6.77517 1.04031e-06
6.78495 1.80588e-06
6.79472 9.12597e-07
6.8045 6.87911e-07
6.81427 3.58319e-07
6.82405 3.69023e-07
6.83382 2.0348e-06
6.8436 2.68674e-06
6.85337 8.51116e-07
6.86315 3.26602e-07
6.87292 3.21654e-06
6.8827 3.84082e-07
6.89247 6.5831e-06
6.90225 -3.2967e-07
6.91202 1.05444e-05
6.9218 9.5417e-06
6.93157 2.24147e-06
6.94135 3.37602e-06
6.95112 1.74113e-05
6.9609 7.76664e-05
6.97067 7.4715e-05
6.98045 0.000432501
6.99022 0.00259902
7 0
