-3 -3.06827e-08
-2.9912 -5.86212e-08
-2.98241 4.83512e-08
-2.97361 4.50135e-08
-2.96481 1.04944e-07
-2.95601 1.66078e-09
-2.94721 -4.17895e-08
-2.93842 -6.13484e-08
-2.92962 -8.63878e-08
-2.92082 -4.58535e-08
-2.91202 -7.46638e-08
-2.90323 -6.82171e-08
-2.89443 -1.65345e-07
-2.88563 -1.04772e-07
-2.87683 -2.48611e-09
-2.86804 -3.1428e-10
-2.85924 1.68937e-08
-2.85044 1.08187e-07
-2.84164 6.96736e-09
-2.83284 -8.6504e-08
-2.82405 -1.64389e-07
-2.81525 -1.39329e-07
-2.80645 2.06179e-08
-2.79765 1.54575e-07
-2.78886 1.8122e-07
-2.78006 8.37349e-08
-2.77126 -3.88927e-08
-2.76246 -1.39516e-07
-2.75367 -4.74603e-08
-2.74487 1.76659e-07
-2.73607 3.28526e-07
-2.72727 2.2739e-07
-2.71848 9.93478e-08
-2.70968 9.18676e-08
-2.70088 2.07173e-07
-2.69208 1.71057e-07
-2.68328 1.92398e-07
-2.67449 2.83444e-07
-2.66569 3.42606e-07
-2.65689 3.30534e-07
-2.64809 2.97652e-07
-2.6393 2.80118e-07
-2.6305 1.2352e-07
-2.6217 3.43897e-07
-2.6129 4.27354e-07
-2.60411 4.86549e-07
-2.59531 3.10911e-07
-2.58651 3.4722e-07
-2.57771 3.75059e-07
-2.56891 2.18833e-07
-2.56012 1.6766e-07
-2.55132 4.326e-07
-2.54252 5.11279e-07
-2.53372 4.94561e-07
-2.52493 5.68697e-07
-2.51613 7.11385e-07
-2.50733 8.87283e-07
-2.49853 1.1411e-06
-2.48974 2.2349e-06
-2.48094 3.82952e-06
-2.47214 5.19604e-06
-2.46334 6.92433e-06
-2.45455 1.12363e-05
-2.44575 1.98363e-05
-2.43695 3.19787e-05
-2.42815 4.45322e-05
-2.41935 5.47231e-05
-2.41056 6.34313e-05
-2.40176 7.76068e-05
-2.39296 0.000104379
-2.38416 0.000136446
-2.37537 0.000153194
-2.36657 0.000160888
-2.35777 0.000242812
-2.34897 0.00053404
-2.34018 0.00108094
-2.33138 0.00170577
-2.32258 0.00206932
-2.31378 0.00193761
-2.30499 0.001394
-2.29619 0.000762902
-2.28739 0.000333751
-2.27859 0.000191709
-2.26979 0.000285015
-2.261 0.000571472
-2.2522 0.00104242
-2.2434 0.00163564
-2.2346 0.0021884
-2.22581 0.00253318
-2.21701 0.00266472
-2.20821 0.00278283
-2.19941 0.00310233
-2.19062 0.00363038
-2.18182 0.00423479
-2.17302 0.004922
-2.16422 0.00586609
-2.15543 0.0071802
-2.14663 0.00915705
-2.13783 0.013166
-2.12903 0.0217557
-2.12023 0.0364363
-2.11144 0.0544756
-2.10264 0.0685911
-2.09384 0.0714094
-2.08504 0.0612816
-2.07625 0.0437428
-2.06745 0.0270735
-2.05865 0.0163464
-2.04985 0.0113183
-2.04106 0.00892674
-2.03226 0.00682305
-2.02346 0.00466865
-2.01466 0.00316345
-2.00587 0.00271907
-1.99707 0.00303782
-1.98827 0.00346618
-1.97947 0.00350571
-1.97067 0.00310556
-1.96188 0.00259758
-1.95308 0.00231871
-1.94428 0.0022646
-1.93548 0.00221457
-1.92669 0.00234636
-1.91789 0.00373733
-1.90909 0.00805902
-1.90029 0.0164584
-1.8915 0.0284682
-1.8827 0.0419262
-1.8739 0.0540982
-1.8651 0.0631648
-1.85631 0.0689567
-1.84751 0.0725118
-1.83871 0.0750292
-1.82991 0.0771252
-1.82111 0.0788101
-1.81232 0.0799151
-1.80352 0.0804544
-1.79472 0.0806752
-1.78592 0.080887
-1.77713 0.0812813
-1.76833 0.0818815
-1.75953 0.0826452
-1.75073 0.083595
-1.74194 0.0847816
-1.73314 0.0860888
-1.72434 0.0872574
-1.71554 0.0884525
-1.70674 0.090913
-1.69795 0.0965931
-1.68915 0.106382
-1.68035 0.118268
-1.67155 0.127598
-1.66276 0.129938
-1.65396 0.12432
-1.64516 0.113941
-1.63636 0.103712
-1.62757 0.0969655
-1.61877 0.094092
-1.60997 0.0935991
-1.60117 0.0939192
-1.59238 0.0942848
-1.58358 0.0945252
-1.57478 0.094631
-1.56598 0.0946368
-1.55718 0.0946662
-1.54839 0.0948635
-1.53959 0.0952605
-1.53079 0.0957763
-1.52199 0.0963281
-1.5132 0.0969007
-1.5044 0.0975083
-1.4956 0.0981503
-1.4868 0.0988351
-1.47801 0.0996278
-1.46921 0.100622
-1.46041 0.101834
-1.45161 0.103131
-1.44282 0.104273
-1.43402 0.105068
-1.42522 0.105506
-1.41642 0.105765
-1.40762 0.10609
-1.39883 0.106635
-1.39003 0.107401
-1.38123 0.108302
-1.37243 0.109268
-1.36364 0.110284
-1.35484 0.111348
-1.34604 0.112436
-1.33724 0.113604
-1.32845 0.115201
-1.31965 0.117976
-1.31085 0.122822
-1.30205 0.130202
-1.29326 0.139647
-1.28446 0.149798
-1.27566 0.159046
-1.26686 0.166343
-1.25806 0.171588
-1.24927 0.175389
-1.24047 0.178523
-1.23167 0.181532
-1.22287 0.184642
-1.21408 0.187909
-1.20528 0.191378
-1.19648 0.195148
-1.18768 0.199342
-1.17889 0.20405
-1.17009 0.209389
-1.16129 0.215688
-1.15249 0.223569
-1.14369 0.233533
-1.1349 0.245044
-1.1261 0.255802
-1.1173 0.262156
-1.1085 0.260879
-1.09971 0.251214
-1.09091 0.235596
-1.08211 0.218374
-1.07331 0.203475
-1.06452 0.192705
-1.05572 0.185697
-1.04692 0.181072
-1.03812 0.177622
-1.02933 0.174771
-1.02053 0.172367
-1.01173 0.170357
-1.00293 0.168654
-0.994135 0.167177
-0.985337 0.165883
-0.97654 0.164753
-0.967742 0.163764
-0.958944 0.162898
-0.950147 0.162145
-0.941349 0.161502
-0.932551 0.160957
-0.923754 0.160496
-0.914956 0.160107
-0.906158 0.159791
-0.897361 0.159552
-0.888563 0.15939
-0.879765 0.1593
-0.870968 0.159271
-0.86217 0.159289
-0.853372 0.159346
-0.844575 0.159435
-0.835777 0.15956
-0.82698 0.159724
-0.818182 0.159938
-0.809384 0.160211
-0.800587 0.160549
-0.791789 0.16095
-0.782991 0.161406
-0.774194 0.161902
-0.765396 0.16243
-0.756598 0.16299
-0.747801 0.1636
-0.739003 0.164279
-0.730205 0.16504
-0.721408 0.165888
-0.71261 0.166819
-0.703812 0.167829
-0.695015 0.168913
-0.686217 0.170072
-0.677419 0.171307
-0.668622 0.172626
-0.659824 0.174037
-0.651026 0.175551
-0.642229 0.177179
-0.633431 0.178936
-0.624634 0.180847
-0.615836 0.18294
-0.607038 0.185254
-0.598241 0.187833
-0.589443 0.190736
-0.580645 0.194015
-0.571847 0.197716
-0.56305 0.201947
-0.554252 0.20699
-0.545455 0.21331
-0.536657 0.221269
-0.527859 0.230592
-0.519062 0.239963
-0.510264 0.24721
-0.501466 0.250192
-0.492669 0.247904
-0.483871 0.241043
-0.475073 0.23162
-0.466276 0.221902
-0.457478 0.213421
-0.44868 0.206642
-0.439883 0.201273
-0.431085 0.196827
-0.422287 0.192962
-0.41349 0.189537
-0.404692 0.186493
-0.395895 0.18377
-0.387097 0.181305
-0.378299 0.179047
-0.369502 0.176969
-0.360704 0.175045
-0.351906 0.173255
-0.343108 0.171579
-0.334311 0.17001
-0.325513 0.168544
-0.316716 0.167178
-0.307918 0.165905
-0.29912 0.164711
-0.290323 0.163585
-0.281525 0.162518
-0.272727 0.161513
-0.26393 0.160576
-0.255132 0.159713
-0.246334 0.158921
-0.237537 0.158189
-0.228739 0.157504
-0.219941 0.156859
-0.211144 0.156257
-0.202346 0.155702
-0.193548 0.155197
-0.184751 0.15474
-0.175953 0.154325
-0.167156 0.153948
-0.158358 0.153613
-0.14956 0.153325
-0.140762 0.15309
-0.131965 0.152909
-0.123167 0.152779
-0.11437 0.152696
-0.105572 0.15266
-0.0967741 0.152677
-0.0879766 0.152755
-0.0791788 0.1529
-0.0703813 0.153117
-0.0615835 0.153404
-0.0527859 0.153763
-0.0439883 0.154199
-0.0351906 0.154723
-0.0263931 0.155347
-0.0175953 0.156086
-0.00879765 0.156954
1.19209e-07 0.157979
0.00879765 0.159196
0.0175953 0.160648
0.0263929 0.162387
0.0351906 0.164505
0.0439883 0.167145
0.0527859 0.170441
0.0615836 0.174361
0.0703813 0.178521
0.0791788 0.18215
0.0879766 0.18429
0.0967741 0.184201
0.105572 0.181724
0.11437 0.17737
0.123167 0.172071
0.131965 0.166753
0.140762 0.162008
0.14956 0.158012
0.158358 0.15466
0.167156 0.151758
0.175953 0.149158
0.184751 0.14678
0.193548 0.144586
0.202346 0.142543
0.211144 0.14061
0.219941 0.138753
0.228739 0.136974
0.237537 0.135287
0.246334 0.133593
0.255132 0.131525
0.26393 0.128402
0.272727 0.123452
0.281525 0.116271
0.290322 0.10723
0.29912 0.0974941
0.307918 0.0885798
0.316715 0.0816723
0.325513 0.0771594
0.334311 0.0746411
0.343109 0.0733285
0.351906 0.072511
0.360704 0.0717977
0.369502 0.0710827
0.378299 0.0703824
0.387097 0.0697123
0.395895 0.0690608
0.404692 0.0684155
0.41349 0.067779
0.422287 0.0671618
0.431085 0.0665687
0.439883 0.065996
0.44868 0.0654385
0.457478 0.0648925
0.466276 0.0643564
0.475073 0.0638299
0.483871 0.0633139
0.492669 0.0628098
0.501467 0.0623165
0.510264 0.0618287
0.519062 0.0613408
0.527859 0.0608501
0.536657 0.0603597
0.545455 0.0598765
0.554252 0.0594077
0.56305 0.0589564
0.571847 0.0585205
0.580645 0.0580952
0.589443 0.0576751
0.59824 0.0572572
0.607038 0.0568424
0.615836 0.056433
0.624634 0.0560308
0.633431 0.0556346
0.642229 0.0552417
0.651027 0.054851
0.659824 0.0544636
0.668622 0.0540822
0.677419 0.0537093
0.686217 0.0533432
0.695015 0.0529805
0.703812 0.0526174
0.71261 0.0522517
0.721408 0.0518827
0.730205 0.0515112
0.739003 0.0511407
0.747801 0.0507767
0.756598 0.0504218
0.765396 0.050073
0.774194 0.0497247
0.782991 0.0493731
0.791789 0.0490174
0.800587 0.0486521
0.809384 0.0482644
0.818182 0.0478504
0.82698 0.04743
0.835777 0.0470094
0.844575 0.0464658
0.853372 0.0454196
0.86217 0.0432394
0.870968 0.0392825
0.879765 0.0332993
0.888563 0.0257419
0.897361 0.0177212
0.906158 0.0105728
0.914956 0.00527765
0.923754 0.00210107
0.932552 0.000639518
0.941349 0.000183823
0.950147 0.000116311
0.958944 0.000106827
0.967742 7.3855e-05
0.97654 4.09591e-05
0.985337 2.75881e-05
0.994135 2.6118e-05
1.00293 2.32164e-05
1.01173 1.71469e-05
1.02053 1.26687e-05
1.02933 1.20142e-05
1.03812 1.24652e-05
1.04692 1.21188e-05
1.05572 1.19656e-05
1.06452 1.44109e-05
1.07331 2.03871e-05
1.08211 3.10595e-05
1.09091 5.29288e-05
1.09971 0.000105055
1.1085 0.000224752
1.1173 0.000465948
1.1261 0.000883797
1.1349 0.00150908
1.1437 0.00232333
1.15249 0.00325419
1.16129 0.00419564
1.17009 0.0050458
1.17889 0.00574051
1.18768 0.00626581
1.19648 0.00664789
1.20528 0.00692962
1.21408 0.00715027
1.22287 0.00733629
1.23167 0.00750196
1.24047 0.0076547
1.24927 0.00779887
1.25806 0.00793734
1.26686 0.00807109
1.27566 0.00820014
1.28446 0.00832456
1.29326 0.00844495
1.30205 0.00856214
1.31085 0.00867715
1.31965 0.008791
1.32845 0.0089044
1.33724 0.00901805
1.34604 0.00913239
1.35484 0.00924777
1.36364 0.00936375
1.37243 0.00947907
1.38123 0.00959271
1.39003 0.00970394
1.39883 0.00981295
1.40762 0.0099212
1.41642 0.0100305
1.42522 0.010142
1.43402 0.0102561
1.44282 0.0103717
1.45161 0.0104876
1.46041 0.0106027
1.46921 0.0107166
1.47801 0.0108292
1.4868 0.010941
1.4956 0.0110522
1.5044 0.0111628
1.5132 0.0112724
1.52199 0.0113806
1.53079 0.0114885
1.53959 0.0115965
1.54839 0.0117062
1.55718 0.0118182
1.56598 0.0119327
1.57478 0.0120487
1.58358 0.0121653
1.59238 0.0122817
1.60117 0.0123968
1.60997 0.0125099
1.61877 0.0126206
1.62757 0.0127284
1.63636 0.0128347
1.64516 0.0129405
1.65396 0.0130477
1.66276 0.0131572
1.67155 0.0132694
1.68035 0.0133838
1.68915 0.0135004
1.69795 0.0136191
1.70674 0.0137396
1.71554 0.0138607
1.72434 0.0139806
1.73314 0.0140983
1.74194 0.0142146
1.75073 0.0143319
1.75953 0.0144527
1.76833 0.0145777
1.77713 0.0147052
1.78592 0.014832
1.79472 0.0149552
1.80352 0.0150746
1.81232 0.0151915
1.82111 0.0153091
1.82991 0.0154294
1.83871 0.0155526
1.84751 0.0156775
1.85631 0.0158018
1.8651 0.015924
1.8739 0.016045
1.8827 0.0161668
1.8915 0.0162917
1.90029 0.0164198
1.90909 0.0165491
1.91789 0.016677
1.92669 0.0168016
1.93548 0.0169234
1.94428 0.017045
1.95308 0.0171684
1.96188 0.0172951
1.97067 0.0174247
1.97947 0.0175559
1.98827 0.0176877
1.99707 0.0178194
2.00587 0.0179516
2.01466 0.0180849
2.02346 0.0182189
2.03226 0.0183529
2.04106 0.0184853
2.04985 0.0186154
2.05865 0.0187436
2.06745 0.0188717
2.07625 0.0190024
2.08504 0.0191378
2.09384 0.0192787
2.10264 0.0194239
2.11144 0.0195718
2.12023 0.0197197
2.12903 0.0198658
2.13783 0.020009
2.14663 0.0201499
2.15543 0.0202903
2.16422 0.0204324
2.17302 0.0205779
2.18182 0.0207274
2.19062 0.02088
2.19941 0.0210339
2.20821 0.0211871
2.21701 0.0213381
2.22581 0.0214869
2.2346 0.0216349
2.2434 0.0217845
2.2522 0.0219375
2.261 0.0220941
2.26979 0.0222528
2.27859 0.0224114
2.28739 0.022569
2.29619 0.0227261
2.30499 0.0228847
2.31378 0.0230465
2.32258 0.0232125
2.33138 0.0233818
2.34018 0.0235523
2.34897 0.0237223
2.35777 0.0238899
2.36657 0.0240558
2.37537 0.0242208
2.38416 0.0243874
2.39296 0.0245573
2.40176 0.0247324
2.41056 0.0249122
2.41935 0.0250965
2.42815 0.0252836
2.43695 0.0254723
2.44575 0.0256615
2.45455 0.0258505
2.46334 0.0260391
2.47214 0.0262268
2.48094 0.0264145
2.48974 0.0266026
2.49853 0.0267923
2.50733 0.026985
2.51613 0.0271812
2.52493 0.0273811
2.53372 0.0275844
2.54252 0.0277908
2.55132 0.0280009
2.56012 0.0282154
2.56891 0.0284348
2.57771 0.0286587
2.58651 0.0288857
2.59531 0.029114
2.60411 0.0293418
2.6129 0.0295697
2.6217 0.0297993
2.6305 0.0300329
2.6393 0.0302723
2.64809 0.0305176
2.65689 0.0307675
2.66569 0.03102
2.67449 0.0312735
2.68328 0.0315279
2.69208 0.0317838
2.70088 0.0320425
2.70968 0.0323041
2.71848 0.0325678
2.72727 0.0328335
2.73607 0.033102
2.74487 0.0333759
2.75367 0.0336586
2.76246 0.0339527
2.77126 0.0342586
2.78006 0.0345747
2.78886 0.034898
2.79765 0.0352256
2.80645 0.0355564
2.81525 0.0358907
2.82405 0.0362298
2.83284 0.0365757
2.84164 0.0369304
2.85044 0.0372949
2.85924 0.0376694
2.86804 0.0380527
2.87683 0.0384451
2.88563 0.0388472
2.89443 0.0392599
2.90323 0.0396833
2.91202 0.0401158
2.92082 0.0405556
2.92962 0.0410023
2.93842 0.041458
2.94721 0.0419278
2.95601 0.0424162
2.96481 0.0429266
2.97361 0.0434608
2.9824 0.0440191
2.9912 0.0446025
3 0.0452102
3.0088 0.0458424
3.0176 0.0464996
3.02639 0.0471849
3.03519 0.0479023
3.04399 0.0486562
3.05279 0.0494502
3.06158 0.0502876
3.07038 0.0511738
3.07918 0.0521166
3.08798 0.0531276
3.09677 0.0542219
3.10557 0.0554179
3.11437 0.0567355
3.12317 0.0581958
3.13196 0.0598339
3.14076 0.0617153
3.14956 0.0639323
3.15836 0.0665482
3.16716 0.0694916
3.17595 0.0724624
3.18475 0.0749467
3.19355 0.0763801
3.20235 0.0763975
3.21114 0.0750158
3.21994 0.07263
3.22874 0.069818
3.23754 0.0670905
3.24633 0.0647285
3.25513 0.0627812
3.26393 0.0611681
3.27273 0.0597894
3.28152 0.0585788
3.29032 0.0575018
3.29912 0.0565354
3.30792 0.0556589
3.31672 0.0548552
3.32551 0.0541123
3.33431 0.0534222
3.34311 0.0527783
3.35191 0.0521739
3.3607 0.0516042
3.3695 0.0510655
3.3783 0.0505558
3.3871 0.050074
3.39589 0.0496187
3.40469 0.0491885
3.41349 0.0487806
3.42229 0.048391
3.43109 0.0480157
3.43988 0.0476526
3.44868 0.0473008
3.45748 0.0469618
3.46628 0.0466368
3.47507 0.0463263
3.48387 0.0460299
3.49267 0.0457454
3.50147 0.0454702
3.51026 0.0452015
3.51906 0.0449374
3.52786 0.0446775
3.53666 0.0444244
3.54545 0.0441814
3.55425 0.0439519
3.56305 0.0437359
3.57185 0.0435299
3.58065 0.0433284
3.58944 0.0431269
3.59824 0.0429238
3.60704 0.0427215
3.61584 0.0425221
3.62463 0.0423273
3.63343 0.0421369
3.64223 0.0419504
3.65103 0.041768
3.65982 0.0415909
3.66862 0.0414195
3.67742 0.0412531
3.68622 0.0410902
3.69501 0.04093
3.70381 0.0407731
3.71261 0.0406208
3.72141 0.0404733
3.73021 0.0403293
3.739 0.0401863
3.7478 0.0400428
3.7566 0.0398992
3.7654 0.0397577
3.77419 0.0396199
3.78299 0.0394857
3.79179 0.0393538
3.80059 0.0392223
3.80938 0.0390908
3.81818 0.0389608
3.82698 0.0388349
3.83578 0.0387154
3.84457 0.0386025
3.85337 0.0384942
3.86217 0.0383866
3.87097 0.0382763
3.87977 0.0381626
3.88856 0.0380476
3.89736 0.0379339
3.90616 0.0378226
3.91496 0.0377126
3.92375 0.037601
3.93255 0.037487
3.94135 0.0373715
3.95015 0.0372578
3.95894 0.0371495
3.96774 0.0370484
3.97654 0.0369544
3.98534 0.0368656
3.99414 0.0367792
4.00293 0.0366923
4.01173 0.0366029
4.02053 0.0365103
4.02933 0.0364147
4.03812 0.0363179
4.04692 0.0362223
4.05572 0.0361306
4.06452 0.0360442
4.07331 0.0359626
4.08211 0.035883
4.09091 0.0358016
4.09971 0.035717
4.1085 0.0356308
4.1173 0.0355471
4.1261 0.0354686
4.1349 0.0353949
4.14369 0.0353222
4.15249 0.0352465
4.16129 0.0351668
4.17009 0.0350847
4.17889 0.0350034
4.18768 0.0349252
4.19648 0.034851
4.20528 0.0347794
4.21408 0.0347084
4.22287 0.0346366
4.23167 0.0345632
4.24047 0.0344882
4.24927 0.0344117
4.25806 0.0343346
4.26686 0.0342583
4.27566 0.0341852
4.28446 0.0341173
4.29326 0.0340548
4.30205 0.033995
4.31085 0.0339344
4.31965 0.0338701
4.32845 0.0338017
4.33724 0.0337317
4.34604 0.033663
4.35484 0.033597
4.36364 0.0335339
4.37243 0.0334724
4.38123 0.0334121
4.39003 0.0333536
4.39883 0.0332974
4.40762 0.0332445
4.41642 0.0331938
4.42522 0.0331426
4.43402 0.0330861
4.44281 0.0330209
4.45161 0.0329476
4.46041 0.032872
4.46921 0.0328012
4.47801 0.0327384
4.4868 0.032681
4.4956 0.032623
4.5044 0.0325611
4.5132 0.0324982
4.52199 0.0324395
4.53079 0.0323886
4.53959 0.0323434
4.54839 0.032299
4.55719 0.0322522
4.56598 0.0322027
4.57478 0.0321517
4.58358 0.0320994
4.59238 0.0320441
4.60117 0.0319847
4.60997 0.0319226
4.61877 0.0318607
4.62757 0.0318021
4.63636 0.0317487
4.64516 0.0317009
4.65396 0.0316592
4.66276 0.0316223
4.67155 0.0315875
4.68035 0.0315495
4.68915 0.0315039
4.69795 0.0314487
4.70675 0.0313867
4.71554 0.0313236
4.72434 0.0312646
4.73314 0.031212
4.74194 0.0311642
4.75073 0.0311173
4.75953 0.0310676
4.76833 0.031014
4.77713 0.0309568
4.78592 0.0308986
4.79472 0.030841
4.80352 0.0307853
4.81232 0.0307321
4.82111 0.030682
4.82991 0.0306359
4.83871 0.0305929
4.84751 0.0305509
4.85631 0.0305063
4.8651 0.0304575
4.8739 0.0304069
4.8827 0.0303594
4.8915 0.0303181
4.90029 0.0302828
4.90909 0.0302498
4.91789 0.030215
4.92669 0.0301759
4.93548 0.0301317
4.94428 0.0300833
4.95308 0.0300319
4.96188 0.029979
4.97067 0.0299271
4.97947 0.0298772
4.98827 0.02983
4.99707 0.0297857
5.00587 0.0297443
5.01466 0.0297034
5.02346 0.0296582
5.03226 0.0296048
5.04106 0.0295446
5.04985 0.0294828
5.05865 0.0294239
5.06745 0.0293699
5.07625 0.0293199
5.08504 0.0292688
5.09384 0.0292113
5.10264 0.0291474
5.11144 0.0290794
5.12023 0.029
5.12903 0.0288933
5.13783 0.0287623
5.14663 0.0286091
5.15543 0.0282901
5.16422 0.0273401
5.17302 0.0250502
5.18182 0.0209483
5.19062 0.0153582
5.19941 0.00946133
5.20821 0.0046525
5.21701 0.00169874
5.22581 0.000422922
5.2346 9.82929e-05
5.2434 7.0401e-05
5.2522 5.44263e-05
5.261 2.75931e-05
5.26979 1.62652e-05
5.27859 1.49551e-05
5.28739 1.1352e-05
5.29619 6.95897e-06
5.30499 5.67005e-06
5.31378 5.27368e-06
5.32258 4.03999e-06
5.33138 2.87419e-06
5.34018 2.57909e-06
5.34897 2.3613e-06
5.35777 1.69396e-06
5.36657 1.59921e-06
5.37537 1.62418e-06
5.38416 1.45436e-06
5.39296 1.13215e-06
5.40176 1.0256e-06
5.41056 9.15818e-07
5.41936 7.72345e-07
5.42815 4.9357e-07
5.43695 5.83584e-07
5.44575 5.49504e-07
5.45455 3.74232e-07
5.46334 2.98349e-07
5.47214 3.7564e-07
5.48094 3.04015e-07
5.48974 3.96065e-07
5.49853 4.20918e-07
5.50733 4.44327e-07
5.51613 4.84123e-07
5.52493 2.63026e-07
5.53372 2.22031e-07
5.54252 -1.84357e-08
5.55132 -7.98341e-08
5.56012 -1.45154e-07
5.56891 -1.14128e-07
5.57771 -1.75925e-08
5.58651 2.18981e-08
5.59531 5.23201e-08
5.60411 1.50338e-07
5.6129 1.82837e-07
5.6217 2.61792e-07
5.6305 2.61812e-07
5.6393 2.31226e-07
5.64809 1.82041e-07
5.65689 2.32371e-08
5.66569 1.11948e-07
5.67449 1.74273e-07
5.68328 2.66648e-07
5.69208 2.59352e-07
5.70088 2.68883e-07
5.70968 7.9715e-08
5.71848 1.86914e-07
5.72727 1.5478e-07
5.73607 1.48004e-07
5.74487 4.20667e-08
5.75367 1.81056e-07
5.76246 1.41095e-07
5.77126 1.13278e-07
5.78006 5.48694e-08
5.78886 -2.96054e-08
5.79765 1.0016e-07
5.80645 6.7534e-08
5.81525 2.04554e-07
5.82405 1.47193e-07
5.83284 1.87493e-07
5.84164 1.52974e-07
5.85044 2.0259e-07
5.85924 1.68299e-07
5.86804 2.71609e-07
5.87683 2.00757e-07
5.88563 3.49115e-07
5.89443 3.80454e-07
5.90323 2.90783e-07
5.91202 2.91688e-07
5.92082 1.63835e-07
5.92962 2.50565e-07
5.93842 1.71505e-07
5.94721 1.5686e-07
5.95601 1.23406e-07
5.96481 1.32623e-07
5.97361 -2.93163e-08
5.9824 -1.03533e-07
5.9912 -7.1508e-08
6 -1.0126e-07
