-3 8.93165e-08
-2.9912 -8.40853e-08
-2.98241 -1.23349e-07
-2.97361 -1.05862e-07
-2.96481 8.70577e-08
-2.95601 1.79908e-07
-2.94721 2.65046e-07
-2.93842 2.33354e-07
-2.92962 2.20004e-07
-2.92082 1.3893e-07
-2.91202 1.05082e-07
-2.90323 1.98612e-08
-2.89443 6.14006e-08
-2.88563 1.17844e-07
-2.87683 2.51967e-07
-2.86804 4.05908e-07
-2.85924 5.00782e-07
-2.85044 3.94748e-07
-2.84164 3.81825e-07
-2.83284 2.15256e-07
-2.82405 1.56671e-07
-2.81525 6.50341e-08
-2.80645 -7.95067e-08
-2.79765 -1.40788e-07
-2.78886 -6.85323e-08
-2.78006 -6.39786e-09
-2.77126 -1.00869e-07
-2.76246 -3.54835e-07
-2.75367 -3.85314e-07
-2.74487 -2.55053e-07
-2.73607 -8.62251e-09
-2.72727 9.41876e-08
-2.71848 1.14681e-07
-2.70968 1.23807e-07
-2.70088 1.10765e-07
-2.69208 -4.60606e-08
-2.68328 -1.69993e-07
-2.67449 -1.13331e-07
-2.66569 -1.42828e-07
-2.65689 -1.78121e-07
-2.64809 -3.29626e-08
-2.6393 -4.33796e-09
-2.6305 9.12822e-08
-2.6217 8.22065e-08
-2.6129 1.08018e-07
-2.60411 1.47782e-07
-2.59531 4.86677e-08
-2.58651 1.35872e-07
-2.57771 2.23816e-07
-2.56891 2.55426e-07
-2.56012 3.06916e-07
-2.55132 2.07101e-07
-2.54252 3.21342e-07
-2.53372 3.4328e-07
-2.52493 3.53761e-07
-2.51613 3.70121e-07
-2.50733 3.59057e-07
-2.49853 2.94971e-07
-2.48974 2.56136e-07
-2.48094 2.63329e-07
-2.47214 1.38899e-07
-2.46334 1.173e-07
-2.45455 2.20932e-07
-2.44575 2.52436e-07
-2.43695 3.15524e-07
-2.42815 3.97814e-07
-2.41935 4.09345e-07
-2.41056 4.09422e-07
-2.40176 3.55905e-07
-2.39296 3.30809e-07
-2.38416 4.47677e-07
-2.37537 5.191e-07
-2.36657 5.55403e-07
-2.35777 5.42095e-07
-2.34897 4.8746e-07
-2.34018 3.87065e-07
-2.33138 5.50852e-07
-2.32258 5.91119e-07
-2.31378 6.52042e-07
-2.30499 6.63987e-07
-2.29619 7.0971e-07
-2.28739 7.89822e-07
-2.27859 7.59953e-07
-2.26979 6.59526e-07
-2.261 6.70278e-07
-2.2522 6.20465e-07
-2.2434 5.26351e-07
-2.2346 4.22733e-07
-2.22581 5.21924e-07
-2.21701 6.44382e-07
-2.20821 7.51723e-07
-2.19941 8.43732e-07
-2.19062 9.90845e-07
-2.18182 1.16346e-06
-2.17302 1.22065e-06
-2.16422 1.29072e-06
-2.15543 1.62069e-06
-2.14663 1.64205e-06
-2.13783 1.69351e-06
-2.12903 1.91397e-06
-2.12023 2.35839e-06
-2.11144 2.46313e-06
-2.10264 2.69828e-06
-2.09384 3.42236e-06
-2.08504 4.04681e-06
-2.07625 4.29723e-06
-2.06745 4.78594e-06
-2.05865 6.31022e-06
-2.04985 7.61995e-06
-2.04106 7.92544e-06
-2.03226 9.73891e-06
-2.02346 1.34093e-05
-2.01466 1.56415e-05
-2.00587 1.67257e-05
-1.99707 2.35872e-05
-1.98827 3.59996e-05
-1.97947 4.23954e-05
-1.97067 4.87453e-05
-1.96188 9.01967e-05
-1.95308 0.000162567
-1.94428 0.000194912
-1.93548 0.000310455
-1.92669 0.00132885
-1.91789 0.00493063
-1.90909 0.0128779
-1.90029 0.0255694
-1.8915 0.0411583
-1.8827 0.0562503
-1.8739 0.0678175
-1.8651 0.074777
-1.85631 0.0780538
-1.84751 0.0793816
-1.83871 0.0800807
-1.82991 0.0806754
-1.82111 0.0812185
-1.81232 0.0816892
-1.80352 0.082117
-1.79472 0.0825292
-1.78592 0.0829226
-1.77713 0.0832956
-1.76833 0.0836654
-1.75953 0.0840507
-1.75073 0.0844531
-1.74194 0.0848616
-1.73314 0.0852646
-1.72434 0.0856592
-1.71554 0.0860503
-1.70674 0.0864457
-1.69795 0.0868495
-1.68915 0.087259
-1.68035 0.0876684
-1.67155 0.0880739
-1.66276 0.0884773
-1.65396 0.0888816
-1.64516 0.0892912
-1.63636 0.0897104
-1.62757 0.0901432
-1.61877 0.0905906
-1.60997 0.0910493
-1.60117 0.0915146
-1.59238 0.0919832
-1.58358 0.0924542
-1.57478 0.0929291
-1.56598 0.0934114
-1.55718 0.0939072
-1.54839 0.0944234
-1.53959 0.0949635
-1.53079 0.095524
-1.52199 0.0960967
-1.5132 0.0966733
-1.5044 0.0972513
-1.4956 0.0978371
-1.4868 0.0984402
-1.47801 0.0990665
-1.46921 0.0997145
-1.46041 0.100377
-1.45161 0.101046
-1.44282 0.101725
-1.43402 0.102416
-1.42522 0.103127
-1.41642 0.103864
-1.40762 0.104637
-1.39883 0.105454
-1.39003 0.106309
-1.38123 0.107197
-1.37243 0.108126
-1.36364 0.109111
-1.35484 0.110133
-1.34604 0.111161
-1.33724 0.112338
-1.32845 0.114216
-1.31965 0.11776
-1.31085 0.123884
-1.30205 0.132749
-1.29326 0.143353
-1.28446 0.153882
-1.27566 0.162643
-1.26686 0.168892
-1.25806 0.172986
-1.24927 0.175858
-1.24047 0.178354
-1.23167 0.180912
-1.22287 0.183635
-1.21408 0.186516
-1.20528 0.189586
-1.19648 0.19294
-1.18768 0.196696
-1.17889 0.200949
-1.17009 0.205791
-1.16129 0.211456
-1.15249 0.218457
-1.14369 0.227372
-1.1349 0.238122
-1.1261 0.249157
-1.1173 0.257422
-1.1085 0.259611
-1.09971 0.254068
-1.09091 0.241952
-1.08211 0.226691
-1.07331 0.212095
-1.06452 0.200547
-1.05572 0.192444
-1.04692 0.186898
-1.03812 0.182821
-1.02933 0.17953
-1.02053 0.176748
-1.01173 0.174362
-1.00293 0.172295
-0.994135 0.170499
-0.985337 0.168967
-0.97654 0.167688
-0.967742 0.166612
-0.958944 0.165665
-0.950147 0.164791
-0.941349 0.163985
-0.932551 0.16328
-0.923754 0.16271
-0.914956 0.162288
-0.906158 0.161984
-0.897361 0.161737
-0.888563 0.161486
-0.879765 0.161205
-0.870968 0.160916
-0.86217 0.160675
-0.853372 0.160527
-0.844575 0.160488
-0.835777 0.160542
-0.82698 0.160666
-0.818182 0.160846
-0.809384 0.16109
-0.800587 0.16142
-0.791789 0.161867
-0.782991 0.162451
-0.774194 0.163162
-0.765396 0.163939
-0.756598 0.164683
-0.747801 0.165301
-0.739003 0.165761
-0.730205 0.166128
-0.721408 0.166532
-0.71261 0.167103
-0.703812 0.167909
-0.695015 0.168935
-0.686217 0.170118
-0.677419 0.171396
-0.668622 0.172747
-0.659824 0.174192
-0.651026 0.175771
-0.642229 0.17751
-0.633431 0.17941
-0.624634 0.181436
-0.615836 0.183551
-0.607038 0.185741
-0.598241 0.188061
-0.589443 0.190636
-0.580645 0.193605
-0.571847 0.197076
-0.56305 0.201159
-0.554252 0.206095
-0.545455 0.212306
-0.536657 0.220163
-0.527859 0.229464
-0.519062 0.238991
-0.510264 0.246624
-0.501466 0.250181
-0.492669 0.248526
-0.483871 0.2422
-0.475073 0.233111
-0.466276 0.22351
-0.457478 0.21498
-0.44868 0.20806
-0.439883 0.202514
-0.431085 0.197883
-0.422287 0.193844
-0.41349 0.190269
-0.404692 0.187107
-0.395895 0.1843
-0.387097 0.181771
-0.378299 0.179458
-0.369502 0.177318
-0.360704 0.175326
-0.351906 0.173468
-0.343108 0.171736
-0.334311 0.170127
-0.325513 0.168633
-0.316716 0.167243
-0.307918 0.165944
-0.29912 0.164726
-0.290323 0.163586
-0.281525 0.162517
-0.272727 0.161515
-0.26393 0.160571
-0.255132 0.159678
-0.246334 0.158831
-0.237537 0.158029
-0.228739 0.157269
-0.219941 0.156558
-0.211144 0.155896
-0.202346 0.155287
-0.193548 0.15473
-0.184751 0.15422
-0.175953 0.153754
-0.167156 0.153329
-0.158358 0.152946
-0.14956 0.152609
-0.140762 0.152318
-0.131965 0.15207
-0.123167 0.151864
-0.11437 0.151699
-0.105572 0.151579
-0.0967741 0.151511
-0.0879766 0.151503
-0.0791788 0.151559
-0.0703813 0.151683
-0.0615835 0.151877
-0.0527859 0.152144
-0.0439883 0.152485
-0.0351906 0.152902
-0.0263931 0.153401
-0.0175953 0.15399
-0.00879765 0.154686
1.19209e-07 0.155509
0.00879765 0.156486
0.0175953 0.157646
0.0263929 0.15902
0.0351906 0.160661
0.0439883 0.162654
0.0527859 0.165108
0.0615836 0.168066
0.0703813 0.171384
0.0791788 0.174635
0.0879766 0.177153
0.0967741 0.178248
0.105572 0.177508
0.11437 0.174987
0.123167 0.171179
0.131965 0.16679
0.140762 0.162441
0.14956 0.15849
0.158358 0.155027
0.167156 0.15198
0.175953 0.149244
0.184751 0.146741
0.193548 0.144427
0.202346 0.142263
0.211144 0.1402
0.219941 0.138202
0.228739 0.136264
0.237537 0.134367
0.246334 0.132342
0.255132 0.129754
0.26393 0.125931
0.272727 0.120251
0.281525 0.112569
0.290322 0.103493
0.29912 0.0942638
0.307918 0.0862428
0.316715 0.0803193
0.325513 0.0766021
0.334311 0.0745593
0.343109 0.073435
0.351906 0.0726381
0.360704 0.0718889
0.369502 0.0711391
0.378299 0.0704175
0.387097 0.0697375
0.395895 0.069086
0.404692 0.0684492
0.41349 0.0678236
0.422287 0.0672095
0.431085 0.066606
0.439883 0.0660125
0.44868 0.0654316
0.457478 0.0648655
0.466276 0.0643129
0.475073 0.0637667
0.483871 0.0632204
0.492669 0.0626722
0.501467 0.0621254
0.510264 0.0615853
0.519062 0.0610572
0.527859 0.0605436
0.536657 0.0600442
0.545455 0.059557
0.554252 0.0590793
0.56305 0.0586096
0.571847 0.0581473
0.580645 0.0576933
0.589443 0.0572475
0.59824 0.056807
0.607038 0.0563676
0.615836 0.0559247
0.624634 0.0554756
0.633431 0.0550216
0.642229 0.0545677
0.651027 0.0541198
0.659824 0.0536821
0.668622 0.0532536
0.677419 0.0528295
0.686217 0.0524034
0.695015 0.0519709
0.703812 0.0515306
0.71261 0.0510839
0.721408 0.0506336
0.730205 0.050181
0.739003 0.0497255
0.747801 0.0492634
0.756598 0.0487882
0.765396 0.0482944
0.774194 0.0477802
0.782991 0.0472441
0.791789 0.0466781
0.800587 0.0460645
0.809384 0.0453845
0.818182 0.0446216
0.82698 0.0437331
0.835777 0.042578
0.844575 0.0408508
0.853372 0.0381112
0.86217 0.0339694
0.870968 0.0283569
0.879765 0.0217136
0.888563 0.0149209
0.897361 0.00897703
0.906158 0.00458737
0.914956 0.00191709
0.923754 0.000639356
0.932552 0.000200855
0.941349 0.000112893
0.950147 0.000101693
0.958944 8.83329e-05
0.967742 8.45906e-05
0.97654 0.000104294
0.985337 0.000136004
0.994135 0.000163058
1.00293 0.000192128
1.01173 0.000264049
1.02053 0.000433849
1.02933 0.000728331
1.03812 0.00110563
1.04692 0.00145232
1.05572 0.00163117
1.06452 0.00155806
1.07331 0.00125515
1.08211 0.000839141
1.09091 0.000453773
1.09971 0.000194179
1.1085 7.35691e-05
1.1173 4.62835e-05
1.1261 5.63603e-05
1.1349 7.29836e-05
1.1437 9.10615e-05
1.15249 0.000114901
1.16129 0.000149828
1.17009 0.000221905
1.17889 0.000406299
1.18768 0.00083311
1.19648 0.00164053
1.20528 0.00289114
1.21408 0.00450284
1.22287 0.00624866
1.23167 0.0078387
1.24047 0.0090387
1.24927 0.00975756
1.25806 0.0100598
1.26686 0.0101118
1.27566 0.0100989
1.28446 0.0101588
1.29326 0.0103484
1.30205 0.0106548
1.31085 0.0110342
1.31965 0.0114568
1.32845 0.0119226
1.33724 0.0124407
1.34604 0.0129948
1.35484 0.0135315
1.36364 0.0139919
1.37243 0.0143585
1.38123 0.0146775
1.39003 0.0150351
1.39883 0.0155074
1.40762 0.0161234
1.41642 0.0168699
1.42522 0.017734
1.43402 0.0187491
1.44282 0.0200001
1.45161 0.0215731
1.46041 0.0234896
1.46921 0.0256964
1.47801 0.0281172
1.4868 0.030686
1.4956 0.0332732
1.5044 0.0355718
1.5132 0.0371662
1.52199 0.0379301
1.53079 0.0385089
1.53959 0.0403286
1.54839 0.0447694
1.55718 0.0518748
1.56598 0.0596242
1.57478 0.0646112
1.58358 0.0639344
1.59238 0.0570227
1.60117 0.0460369
1.60997 0.0345571
1.61877 0.0255619
1.62757 0.0201343
1.63636 0.0175907
1.64516 0.0165587
1.65396 0.0160061
1.66276 0.0155718
1.67155 0.015298
1.68035 0.0152567
1.68915 0.0154149
1.69795 0.0157069
1.70674 0.0161141
1.71554 0.0166436
1.72434 0.0172564
1.73314 0.0178381
1.74194 0.0182347
1.75073 0.0183204
1.75953 0.0180545
1.76833 0.0175066
1.77713 0.0168363
1.78592 0.0162307
1.79472 0.0158237
1.80352 0.0156466
1.81232 0.0156405
1.82111 0.015713
1.82991 0.015795
1.83871 0.0158604
1.84751 0.0159129
1.85631 0.0159645
1.8651 0.0160237
1.8739 0.0160945
1.8827 0.0161771
1.8915 0.0162694
1.90029 0.0163665
1.90909 0.0164648
1.91789 0.0165631
1.92669 0.0166621
1.93548 0.0167631
1.94428 0.0168673
1.95308 0.0169746
1.96188 0.0170847
1.97067 0.017196
1.97947 0.0173067
1.98827 0.0174155
1.99707 0.0175225
2.00587 0.0176285
2.01466 0.017735
2.02346 0.0178437
2.03226 0.0179559
2.04106 0.0180722
2.04985 0.0181922
2.05865 0.0183144
2.06745 0.0184372
2.07625 0.0185598
2.08504 0.0186823
2.09384 0.018806
2.10264 0.0189327
2.11144 0.0190637
2.12023 0.0191991
2.12903 0.0193376
2.13783 0.0194775
2.14663 0.0196168
2.15543 0.0197553
2.16422 0.0198933
2.17302 0.0200316
2.18182 0.0201712
2.19062 0.0203134
2.19941 0.0204595
2.20821 0.0206098
2.21701 0.0207632
2.22581 0.0209168
2.2346 0.0210673
2.2434 0.021213
2.2522 0.0213547
2.261 0.0214955
2.26979 0.0216391
2.27859 0.0217876
2.28739 0.0219407
2.29619 0.022097
2.30499 0.0222559
2.31378 0.0224173
2.32258 0.0225816
2.33138 0.0227482
2.34018 0.0229148
2.34897 0.0230796
2.35777 0.0232418
2.36657 0.0234031
2.37537 0.0235663
2.38416 0.0237349
2.39296 0.0239113
2.40176 0.024095
2.41056 0.0242837
2.41935 0.0244728
2.42815 0.024659
2.43695 0.0248411
2.44575 0.0250207
2.45455 0.0252011
2.46334 0.0253845
2.47214 0.0255711
2.48094 0.0257598
2.48974 0.0259491
2.49853 0.0261387
2.50733 0.0263297
2.51613 0.0265235
2.52493 0.0267208
2.53372 0.0269218
2.54252 0.0271258
2.55132 0.0273323
2.56012 0.0275409
2.56891 0.0277521
2.57771 0.0279666
2.58651 0.0281845
2.59531 0.0284056
2.60411 0.028629
2.6129 0.028854
2.6217 0.0290802
2.6305 0.0293081
2.6393 0.0295398
2.64809 0.0297771
2.65689 0.0300216
2.66569 0.0302726
2.67449 0.0305282
2.68328 0.0307855
2.69208 0.0310435
2.70088 0.031303
2.70968 0.0315664
2.71848 0.0318358
2.72727 0.032112
2.73607 0.032394
2.74487 0.0326799
2.75367 0.0329683
2.76246 0.033259
2.77126 0.0335534
2.78006 0.0338532
2.78886 0.0341592
2.79765 0.0344714
2.80645 0.0347898
2.81525 0.0351151
2.82405 0.0354481
2.83284 0.0357897
2.84164 0.0361396
2.85044 0.0364963
2.85924 0.036858
2.86804 0.0372239
2.87683 0.0375951
2.88563 0.0379743
2.89443 0.0383653
2.90323 0.038771
2.91202 0.0391922
2.92082 0.0396284
2.92962 0.0400779
2.93842 0.0405394
2.94721 0.0410122
2.95601 0.0414971
2.96481 0.0419961
2.97361 0.042512
2.9824 0.0430485
2.9912 0.0436086
3 0.044194
3.0088 0.044804
3.0176 0.0454375
3.02639 0.0460952
3.03519 0.0467806
3.04399 0.0474991
3.05279 0.0482563
3.06158 0.0490577
3.07038 0.0499091
3.07918 0.0508167
3.08798 0.0517882
3.09677 0.0528332
3.10557 0.0539649
3.11437 0.0551998
3.12317 0.0565578
3.13196 0.0580662
3.14076 0.0597773
3.14956 0.0617835
3.15836 0.0641939
3.16716 0.0670483
3.17595 0.0701954
3.18475 0.0732257
3.19355 0.0755505
3.20235 0.0766273
3.21114 0.0762132
3.21994 0.0744863
3.22874 0.07195
3.23754 0.0691882
3.24633 0.0666304
3.25513 0.0644574
3.26393 0.0626549
3.27273 0.0611317
3.28152 0.0598072
3.29032 0.0586344
3.29912 0.0575865
3.30792 0.0566411
3.31672 0.0557784
3.32551 0.0549857
3.33431 0.0542555
3.34311 0.053582
3.35191 0.0529567
3.3607 0.0523701
3.3695 0.0518134
3.3783 0.0512817
3.3871 0.0507742
3.39589 0.0502927
3.40469 0.0498402
3.41349 0.0494166
3.42229 0.0490186
3.43109 0.0486388
3.43988 0.0482704
3.44868 0.0479098
3.45748 0.0475582
3.46628 0.0472193
3.47507 0.0468953
3.48387 0.0465851
3.49267 0.0462843
3.50147 0.0459881
3.51026 0.045695
3.51906 0.045408
3.52786 0.0451324
3.53666 0.0448721
3.54545 0.0446277
3.55425 0.0443956
3.56305 0.0441704
3.57185 0.0439478
3.58065 0.0437265
3.58944 0.0435071
3.59824 0.0432914
3.60704 0.0430816
3.61584 0.0428783
3.62463 0.0426832
3.63343 0.0424957
3.64223 0.0423155
3.65103 0.0421402
3.65982 0.0419672
3.66862 0.0417947
3.67742 0.0416217
3.68622 0.0414488
3.69501 0.0412765
3.70381 0.0411058
3.71261 0.0409381
3.72141 0.0407752
3.73021 0.040618
3.739 0.0404665
3.7478 0.0403194
3.7566 0.0401758
3.7654 0.0400361
3.77419 0.0399011
3.78299 0.0397708
3.79179 0.0396435
3.80059 0.0395164
3.80938 0.0393866
3.81818 0.0392525
3.82698 0.0391151
3.83578 0.0389768
3.84457 0.038841
3.85337 0.0387114
3.86217 0.0385898
3.87097 0.0384766
3.87977 0.03837
3.88856 0.0382668
3.89736 0.038163
3.90616 0.0380552
3.91496 0.0379426
3.92375 0.0378263
3.93255 0.0377093
3.94135 0.0375942
3.95015 0.0374815
3.95894 0.0373699
3.96774 0.0372586
3.97654 0.0371486
3.98534 0.0370426
3.99414 0.0369441
4.00293 0.036853
4.01173 0.036767
4.02053 0.0366816
4.02933 0.0365947
4.03812 0.0365069
4.04692 0.0364203
4.05572 0.0363362
4.06452 0.0362537
4.07331 0.0361705
4.08211 0.0360848
4.09091 0.0359961
4.09971 0.0359048
4.1085 0.0358116
4.1173 0.0357179
4.1261 0.0356256
4.1349 0.0355368
4.14369 0.0354527
4.15249 0.0353725
4.16129 0.0352939
4.17009 0.0352142
4.17889 0.0351321
4.18768 0.0350481
4.19648 0.0349624
4.20528 0.034876
4.21408 0.0347909
4.22287 0.0347104
4.23167 0.0346372
4.24047 0.0345709
4.24927 0.0345081
4.25806 0.0344446
4.26686 0.0343781
4.27566 0.0343095
4.28446 0.0342412
4.29326 0.0341741
4.30205 0.0341079
4.31085 0.0340405
4.31965 0.0339707
4.32845 0.0338988
4.33724 0.0338257
4.34604 0.0337526
4.35484 0.0336803
4.36364 0.0336092
4.37243 0.03354
4.38123 0.0334738
4.39003 0.0334106
4.39883 0.0333482
4.40762 0.033282
4.41642 0.0332082
4.42522 0.033127
4.43402 0.0330427
4.44281 0.0329623
4.45161 0.0328911
4.46041 0.0328293
4.46921 0.0327734
4.47801 0.0327188
4.4868 0.0326626
4.4956 0.0326041
4.5044 0.0325445
4.5132 0.0324851
4.52199 0.0324259
4.53079 0.0323668
4.53959 0.0323068
4.54839 0.0322462
4.55719 0.0321857
4.56598 0.0321256
4.57478 0.0320649
4.58358 0.0320025
4.59238 0.0319383
4.60117 0.0318738
4.60997 0.0318103
4.61877 0.0317474
4.62757 0.0316839
4.63636 0.0316191
4.64516 0.0315554
4.65396 0.031496
4.66276 0.0314425
4.67155 0.0313928
4.68035 0.0313428
4.68915 0.0312895
4.69795 0.0312322
4.70675 0.0311721
4.71554 0.0311108
4.72434 0.0310497
4.73314 0.0309904
4.74194 0.0309329
4.75073 0.0308752
4.75953 0.0308148
4.76833 0.0307519
4.77713 0.0306905
4.78592 0.0306344
4.79472 0.0305834
4.80352 0.0305326
4.81232 0.030476
4.82111 0.0304114
4.82991 0.0303413
4.83871 0.030269
4.84751 0.0301966
4.85631 0.030125
4.8651 0.0300544
4.8739 0.0299853
4.8827 0.0299176
4.8915 0.0298522
4.90029 0.0297908
4.90909 0.0297343
4.91789 0.0296805
4.92669 0.0296239
4.93548 0.0295591
4.94428 0.0294843
4.95308 0.0294027
4.96188 0.0293197
4.97067 0.0292379
4.97947 0.0291564
4.98827 0.0290715
4.99707 0.02898
5.00587 0.0288824
5.01466 0.0287819
5.02346 0.0286831
5.03226 0.0285878
5.04106 0.0284922
5.04985 0.0283883
5.05865 0.0282683
5.06745 0.02813
5.07625 0.0279749
5.08504 0.0278045
5.09384 0.027618
5.10264 0.0274105
5.11144 0.0271688
5.12023 0.0268712
5.12903 0.0264978
5.13783 0.0260175
5.14663 0.0253107
5.15543 0.024072
5.16422 0.0218489
5.17302 0.0183292
5.18182 0.0137147
5.19062 0.00881155
5.19941 0.00465469
5.20821 0.00191267
5.21701 0.000576543
5.22581 0.00015101
5.2346 9.38819e-05
5.2434 0.000102457
5.2522 0.000100013
5.261 9.24988e-05
5.26979 8.56515e-05
5.27859 8.3505e-05
5.28739 9.72591e-05
5.29619 0.000130055
5.30499 0.000162066
5.31378 0.000166454
5.32258 0.000154783
5.33138 0.00021359
5.34018 0.000469098
5.34897 0.000960377
5.35777 0.00152627
5.36657 0.00186272
5.37537 0.00175107
5.38416 0.00125142
5.39296 0.000651088
5.40176 0.000222592
5.41056 4.00133e-05
5.41936 8.53403e-06
5.42815 1.36393e-05
5.43695 1.08726e-05
5.44575 5.76577e-06
5.45455 5.47643e-06
5.46334 6.13994e-06
5.47214 5.14524e-06
5.48094 4.02844e-06
5.48974 3.81126e-06
5.49853 3.51439e-06
5.50733 4.19482e-06
5.51613 9.03132e-06
5.52493 1.87023e-05
5.53372 3.02118e-05
5.54252 3.79364e-05
5.55132 3.85446e-05
5.56012 3.49259e-05
5.56891 3.60494e-05
5.57771 5.15676e-05
5.58651 7.82831e-05
5.59531 0.000101067
5.60411 0.000129436
5.6129 0.000246064
5.6217 0.000574244
5.6305 0.00112826
5.6393 0.00169285
5.64809 0.00193146
5.65689 0.00167416
5.66569 0.00108407
5.67449 0.000502603
5.68328 0.000157257
5.69208 4.34153e-05
5.70088 3.99402e-05
5.70968 6.15185e-05
5.71848 0.000100631
5.72727 0.000206244
5.73607 0.000467569
5.74487 0.000946602
5.75367 0.00156463
5.76246 0.00213661
5.77126 0.00261682
5.78006 0.00315108
5.78886 0.00368304
5.79765 0.00390937
5.80645 0.00443915
5.81525 0.00783834
5.82405 0.0168151
5.83284 0.0300163
5.84164 0.0406643
5.85044 0.0415926
5.85924 0.0321524
5.86804 0.0188942
5.87683 0.00914233
5.88563 0.00508225
5.89443 0.00426201
5.90323 0.00387053
5.91202 0.0030554
5.92082 0.00212435
5.92962 0.00132983
5.93842 0.000718383
5.94721 0.000337357
5.95601 0.000246535
5.96481 0.000502705
5.97361 0.00109423
5.9824 0.00176138
5.9912 0.00204979
6 0.00172571
