-1 0
-0.995112 7.71037e-07
-0.990225 4.69756e-06
-0.985337 -5.64989e-06
-0.98045 8.74398e-06
-0.975562 3.71621e-06
-0.970675 -4.69505e-06
-0.965787 9.30794e-07
-0.960899 1.74786e-06
-0.956012 8.04177e-07
-0.951124 1.51331e-06
-0.946237 2.53844e-06
-0.941349 -1.20046e-06
-0.936461 -1.26128e-06
-0.931574 6.13906e-07
-0.926686 2.26204e-07
-0.921799 -3.75586e-07
-0.916911 2.83322e-06
-0.912023 5.92874e-07
-0.907136 1.18943e-06
-0.902248 -1.22595e-07
-0.897361 -6.655e-07
-0.892473 -2.29444e-06
-0.887585 1.14704e-06
-0.882698 2.28005e-06
-0.87781 2.29334e-07
-0.872923 1.25876e-06
-0.868035 8.14038e-07
-0.863147 -6.7362e-07
-0.85826 -3.61736e-06
-0.853372 1.18686e-06
-0.848485 1.43919e-06
-0.843597 -1.69347e-06
-0.83871 6.71455e-07
-0.833822 -1.70672e-07
-0.828934 -2.26683e-06
-0.824047 -1.47072e-06
-0.819159 2.2307e-07
-0.814272 5.89721e-07
-0.809384 8.71352e-08
-0.804497 1.14491e-06
-0.799609 -2.27112e-09
-0.794721 1.17451e-06
-0.789834 2.00946e-06
-0.784946 -8.38549e-07
-0.780059 1.53146e-06
-0.775171 -2.87769e-07
-0.770283 1.46192e-06
-0.765396 6.75411e-07
-0.760508 -1.77788e-06
-0.755621 -1.63676e-06
-0.750733 3.83454e-07
-0.745846 3.66192e-07
-0.740958 7.12615e-07
-0.73607 1.61124e-07
-0.731183 -4.53653e-07
-0.726295 -7.15532e-07
-0.721408 -1.45941e-06
-0.71652 -5.03254e-08
-0.711632 -1.62078e-07
-0.706745 1.23807e-06
-0.701857 2.28928e-06
-0.69697 1.00913e-06
-0.692082 1.0058e-06
-0.687195 1.13565e-06
-0.682307 1.21577e-06
-0.677419 3.99674e-07
-0.672532 1.80062e-06
-0.667644 9.58295e-07
-0.662757 1.18032e-06
-0.657869 4.32656e-07
-0.652982 1.0871e-06
-0.648094 4.38928e-07
-0.643206 8.63849e-08
-0.638319 -1.59274e-07
-0.633431 1.32255e-06
-0.628544 -6.49085e-07
-0.623656 1.27609e-06
-0.618768 -2.62808e-06
-0.613881 -8.89389e-07
-0.608993 -1.01923e-06
-0.604106 1.2774e-06
-0.599218 5.00942e-07
-0.594331 6.55692e-07
-0.589443 -1.0993e-07
-0.584555 -4.97736e-07
-0.579668 -3.26611e-07
-0.57478 -8.16286e-08
-0.569892 -5.09591e-07
-0.565005 -2.82181e-07
-0.560117 -1.06782e-07
-0.55523 1.33233e-06
-0.550342 -1.11982e-06
-0.545455 -2.97499e-07
-0.540567 2.09268e-07
-0.535679 -1.09655e-07
-0.530792 -2.77969e-10
-0.525904 2.48805e-06
-0.521017 -3.92493e-07
-0.516129 -3.59628e-07
-0.511241 1.02757e-06
-0.506354 7.18331e-07
-0.501466 9.2742e-07
-0.496579 1.94461e-07
-0.491691 4.85857e-07
-0.486804 1.75451e-06
-0.481916 1.81949e-06
-0.477028 7.4604e-07
-0.472141 1.64377e-06
-0.467253 5.22864e-07
-0.462366 1.91092e-06
-0.457478 2.65259e-06
-0.45259 2.4336e-06
-0.447703 4.00314e-06
-0.442815 5.64113e-06
-0.437928 7.11532e-06
-0.43304 1.14685e-05
-0.428152 1.95604e-05
-0.423265 3.48362e-05
-0.418377 7.00317e-05
-0.41349 0.000186981
-0.408602 0.000839774
-0.403715 0.0283364
-0.398827 0.244503
-0.393939 0.339237
-0.389052 0.350128
-0.384164 0.360695
-0.379277 0.371818
-0.374389 0.384428
-0.369501 0.398524
-0.364614 0.413876
-0.359726 0.431014
-0.354839 0.449856
-0.349951 0.471568
-0.345064 0.496251
-0.340176 0.525293
-0.335288 0.559631
-0.330401 0.600879
-0.325513 0.653151
-0.320626 0.721412
-0.315738 0.817501
-0.310851 0.972613
-0.305963 1.33646
-0.301075 1.53468
-0.296188 1.17259
-0.2913 0.995602
-0.286413 0.899935
-0.281525 0.835931
-0.276637 0.789195
-0.27175 0.753919
-0.266862 0.727669
-0.261975 0.707278
-0.257087 0.6924
-0.252199 0.683136
-0.247312 0.679387
-0.242424 0.680655
-0.237537 0.688864
-0.232649 0.705519
-0.227762 0.735654
-0.222874 0.788092
-0.217986 0.891329
-0.213099 1.30859
-0.208211 2.07037
-0.203324 0.585976
-0.198436 0.146036
-0.193548 0.13746
-0.188661 0.133194
-0.183773 0.129433
-0.178886 0.125617
-0.173998 0.122144
-0.16911 0.118967
-0.164223 0.115802
-0.159335 0.113002
-0.154448 0.110239
-0.14956 0.107653
-0.144672 0.104991
-0.139785 0.102409
-0.134897 0.0998822
-0.13001 0.0977493
-0.125122 0.0956747
-0.120234 0.0936029
-0.115347 0.091441
-0.110459 0.0895013
-0.105572 0.0876636
-0.100684 0.0857778
-0.0957966 0.0841212
-0.090909 0.0825565
-0.0860214 0.0808152
-0.0811338 0.0791883
-0.0762463 0.0777227
-0.0713587 0.0762558
-0.0664711 0.0747128
-0.0615835 0.0733633
-0.0566959 0.0720039
-0.0518084 0.0706907
-0.0469208 0.0694031
-0.0420332 0.0681156
-0.0371456 0.0669543
-0.032258 0.0657123
-0.0273705 0.0645852
-0.0224829 0.063482
-0.0175953 0.0623573
-0.0127077 0.0612788
-0.00782013 0.0602536
-0.00293255 0.0592642
0.00195503 0.0582379
0.00684261 0.0572397
0.0117302 0.0563751
0.0166178 0.0554886
0.0215054 0.0545491
0.0263929 0.0535422
0.0312805 0.0526532
0.0361681 0.0517334
0.0410557 0.0495026
0.0459433 0.0295478
0.0508308 0.00420956
0.0557185 0.000130791
0.0606061 3.75161e-05
0.0654937 1.89967e-05
0.0703813 9.56106e-06
0.0752689 5.54068e-06
0.0801564 3.04178e-06
0.085044 1.28596e-06
0.0899316 1.64051e-06
0.0948192 1.86139e-06
0.0997068 1.34445e-06
0.104594 1.9018e-07
0.109482 -9.49332e-08
0.11437 2.31582e-07
0.119257 1.07776e-06
0.124145 8.55728e-07
0.129032 4.26389e-07
0.13392 7.82466e-07
0.138808 5.84096e-08
0.143695 -7.13218e-07
0.148583 -2.71627e-07
0.15347 -8.80027e-09
0.158358 -2.49709e-07
0.163245 -5.02787e-07
0.168133 -7.39221e-07
0.173021 1.75066e-07
0.177908 8.39192e-08
0.182796 -1.48202e-07
0.187683 -6.46119e-07
0.192571 -1.65172e-06
0.197459 -1.29703e-06
0.202346 -5.09744e-07
0.207234 1.16956e-07
0.212121 5.4817e-07
0.217009 8.72231e-07
0.221896 7.72924e-07
0.226784 -1.06951e-07
0.231672 -8.31755e-07
0.236559 -7.59897e-07
0.241447 -6.05779e-07
0.246334 2.27831e-08
0.251222 5.33935e-07
0.256109 6.67126e-07
0.260997 5.19211e-07
0.265885 5.39247e-07
0.270772 5.26941e-07
0.27566 -4.21322e-07
0.280547 -8.61257e-07
0.285435 -2.50784e-07
0.290323 2.34144e-08
0.29521 -7.7796e-08
0.300098 4.10456e-07
0.304985 2.8954e-07
0.309873 7.9188e-07
0.31476 6.78012e-07
0.319648 5.45135e-07
0.324536 -1.74963e-08
0.329423 2.03779e-07
0.334311 1.37275e-07
0.339198 -3.57978e-07
0.344086 -5.12329e-08
0.348974 -4.04723e-07
0.353861 -2.9068e-07
0.358749 3.20858e-08
0.363636 5.32748e-09
0.368524 3.20739e-07
0.373412 8.03808e-08
0.378299 -4.85144e-08
0.383187 2.25513e-07
0.388074 1.17269e-06
0.392962 7.54395e-07
0.397849 -2.47064e-07
0.402737 1.28438e-07
0.407625 -7.13935e-07
0.412512 -1.15039e-06
0.4174 -7.96905e-07
0.422287 -8.62414e-07
0.427175 -3.54536e-07
0.432063 8.17984e-07
0.43695 5.63604e-08
0.441838 4.96292e-08
0.446725 5.41363e-07
0.451613 1.06862e-07
0.4565 -9.92367e-08
0.461388 -2.98236e-07
0.466276 1.47725e-07
0.471163 -1.10715e-07
0.476051 2.69097e-07
0.480938 1.13097e-06
0.485826 7.05402e-07
0.490714 5.14283e-07
0.495601 4.4e-07
0.500489 -1.82578e-07
0.505376 -9.56527e-07
0.510264 1.27674e-06
0.515152 5.18335e-07
0.520039 4.29351e-07
0.524927 -3.93323e-07
0.529814 -1.8695e-07
0.534702 -5.81014e-07
0.539589 1.12038e-08
0.544477 3.88015e-07
0.549365 8.61095e-07
0.554252 -2.22383e-07
0.55914 -1.22623e-06
0.564027 -6.12687e-07
0.568915 -1.24951e-07
0.573803 -4.12439e-07
0.57869 -8.79318e-07
0.583578 -4.01222e-07
0.588465 5.04873e-07
0.593353 5.37936e-07
0.59824 2.01336e-08
0.603128 -9.51914e-08
0.608016 3.64038e-07
0.612903 1.955e-07
0.617791 4.94174e-07
0.622678 6.42467e-07
0.627566 1.04565e-07
0.632454 -3.16141e-08
0.637341 -2.70747e-07
0.642229 -1.23625e-08
0.647116 2.33529e-07
0.652004 1.47217e-07
0.656892 6.43414e-07
0.661779 2.22912e-08
0.666667 -3.11552e-07
0.671554 -4.43115e-07
0.676442 2.28302e-07
0.681329 4.85251e-07
0.686217 -2.39675e-07
0.691105 -4.38936e-07
0.695992 -3.31271e-07
0.70088 -6.48306e-07
0.705767 -4.93213e-07
0.710655 1.97335e-07
0.715543 -4.28375e-08
0.72043 5.88492e-08
0.725318 6.53744e-07
0.730205 5.78247e-07
0.735093 2.11892e-07
0.73998 -8.08028e-07
0.744868 -6.49748e-07
0.749756 -1.0874e-07
0.754643 -8.36481e-08
0.759531 2.76169e-08
0.764418 3.58193e-07
0.769306 4.60245e-07
0.774194 3.15307e-07
0.779081 3.85198e-08
0.783969 2.93898e-07
0.788856 3.40115e-07
0.793744 -4.16421e-07
0.798632 -6.6409e-07
0.803519 3.59605e-08
0.808407 1.20421e-07
0.813294 1.17864e-08
0.818182 1.42511e-07
0.823069 5.80726e-08
0.827957 5.37072e-07
0.832845 5.81512e-07
0.837732 1.69567e-07
0.84262 2.58294e-07
0.847507 -2.9838e-07
0.852395 -8.44732e-07
0.857283 -9.84384e-07
0.86217 -2.1201e-07
0.867058 2.783e-07
0.871945 5.67374e-07
0.876833 4.88639e-07
0.88172 1.25174e-08
0.886608 -2.3858e-07
0.891496 -2.96127e-07
0.896383 4.13322e-07
0.901271 7.88724e-07
0.906158 8.65878e-07
0.911046 5.92729e-07
0.915933 2.26828e-07
0.920821 1.09366e-07
0.925709 2.20838e-07
0.930596 6.2056e-07
0.935484 1.94606e-07
0.940371 4.98792e-08
0.945259 -4.03497e-07
0.950147 -9.61824e-08
0.955034 7.10355e-07
0.959922 1.30375e-06
0.964809 8.69501e-07
0.969697 2.23287e-07
0.974585 1.72709e-07
0.979472 -1.85032e-07
0.98436 -2.55615e-07
0.989247 4.33028e-07
0.994135 -3.50621e-07
0.999022 -1.86258e-08
1.00391 5.91794e-07
1.0088 5.965e-07
1.01369 -4.1288e-07
1.01857 -2.94698e-07
1.02346 1.94698e-07
1.02835 -8.51845e-08
1.03324 -1.11713e-07
1.03812 3.07555e-07
1.04301 3.95659e-07
1.0479 8.9792e-07
1.05279 9.81722e-07
1.05767 4.4812e-07
1.06256 -2.22309e-07
1.06745 -5.84366e-07
1.07234 1.52038e-07
1.07722 3.60229e-07
1.08211 4.90469e-07
1.087 7.38174e-07
1.09189 1.07805e-06
1.09677 7.26051e-07
1.10166 9.18075e-08
1.10655 4.52647e-08
1.11144 6.55019e-07
1.11632 8.26013e-07
1.12121 6.22248e-07
1.1261 -2.78946e-08
1.13099 -1.50269e-07
1.13587 2.09264e-07
1.14076 4.29863e-07
1.14565 4.88805e-07
1.15054 -2.90627e-07
1.15543 -3.88969e-07
1.16031 -9.52855e-08
1.1652 -2.77204e-08
1.17009 -1.0483e-07
1.17498 2.30011e-07
1.17986 6.39439e-07
1.18475 8.47642e-07
1.18964 9.79393e-07
1.19453 6.00805e-07
1.19941 1.89733e-07
1.2043 -2.23238e-07
1.20919 -5.71278e-07
1.21408 -6.23909e-07
1.21896 -2.90684e-07
1.22385 7.75023e-08
1.22874 -2.52029e-07
1.23363 -4.37242e-08
1.23851 1.83931e-07
1.2434 9.05791e-07
1.24829 -1.09019e-07
1.25318 -6.8248e-07
1.25806 -3.08669e-08
1.26295 -3.70394e-07
1.26784 -8.30408e-07
1.27273 -2.42515e-07
1.27761 -4.42416e-08
1.2825 -3.55289e-07
1.28739 -8.40942e-07
1.29228 -2.80402e-07
1.29717 3.2107e-07
1.30205 4.24615e-07
1.30694 -6.96433e-08
1.31183 -1.32189e-07
1.31672 1.22045e-07
1.3216 -1.13226e-08
1.32649 4.87247e-07
1.33138 1.26693e-07
1.33627 -4.28771e-07
1.34115 -2.26699e-07
1.34604 -2.2599e-07
1.35093 -5.15965e-07
1.35582 -8.13757e-09
1.3607 4.29689e-07
1.36559 2.68133e-07
1.37048 -3.10169e-07
1.37537 1.52047e-07
1.38025 1.2988e-08
1.38514 -1.39094e-07
1.39003 6.50418e-07
1.39492 4.30869e-07
1.3998 4.86199e-07
1.40469 6.23825e-07
1.40958 9.24072e-07
1.41447 9.15991e-07
1.41935 5.47184e-07
1.42424 1.03889e-07
1.42913 2.46985e-07
1.43402 1.44875e-06
1.43891 2.78339e-06
1.44379 3.55329e-06
1.44868 4.12337e-06
1.45357 6.98193e-06
1.45846 9.68426e-06
1.46334 1.95691e-05
1.46823 6.00126e-05
1.47312 0.000123798
1.47801 0.00322369
1.48289 0.0171661
1.48778 0.0316502
1.49267 0.0353724
1.49756 0.0357804
1.50244 0.0361624
1.50733 0.0365094
1.51222 0.0369077
1.51711 0.0373123
1.52199 0.0376262
1.52688 0.0379379
1.53177 0.0382707
1.53666 0.0386431
1.54154 0.0390643
1.54643 0.0394556
1.55132 0.0398195
1.55621 0.0401726
1.56109 0.0405515
1.56598 0.040961
1.57087 0.0414324
1.57576 0.0418962
1.58065 0.0422907
1.58553 0.0427268
1.59042 0.0431764
1.59531 0.0436476
1.6002 0.0441231
1.60508 0.0445703
1.60997 0.045059
1.61486 0.0455922
1.61975 0.0460962
1.62463 0.0465996
1.62952 0.0471467
1.63441 0.0477079
1.6393 0.0482777
1.64418 0.0488205
1.64907 0.0493474
1.65396 0.0499382
1.65885 0.0504992
1.66373 0.051084
1.66862 0.0517403
1.67351 0.0524108
1.6784 0.0530459
1.68328 0.0537479
1.68817 0.054538
1.69306 0.055252
1.69795 0.0559563
1.70283 0.0566722
1.70772 0.0574992
1.71261 0.0584105
1.7175 0.0593533
1.72239 0.0602623
1.72727 0.0610772
1.73216 0.0619721
1.73705 0.0630721
1.74194 0.0641941
1.74682 0.0652344
1.75171 0.0662788
1.7566 0.0674045
1.76149 0.068635
1.76637 0.0699097
1.77126 0.0713139
1.77615 0.0728171
1.78104 0.0744083
1.78592 0.0760389
1.79081 0.0776492
1.7957 0.0794079
1.80059 0.0814158
1.80547 0.0835201
1.81036 0.0856798
1.81525 0.0881616
1.82014 0.0909856
1.82502 0.0939775
1.82991 0.0971232
1.8348 0.100655
1.83969 0.10472
1.84457 0.109267
1.84946 0.114415
1.85435 0.120579
1.85924 0.128141
1.86413 0.137618
1.86901 0.149767
1.8739 0.167603
1.87879 0.205747
1.88368 0.383735
1.88856 0.595134
1.89345 0.531238
1.89834 0.403979
1.90323 0.347761
1.90811 0.313322
1.913 0.289386
1.91789 0.271218
1.92278 0.256638
1.92766 0.244619
1.93255 0.234586
1.93744 0.225904
1.94233 0.218379
1.94721 0.211676
1.9521 0.205683
1.95699 0.200284
1.96188 0.195282
1.96676 0.190694
1.97165 0.186527
1.97654 0.182761
1.98143 0.179316
1.98631 0.176006
1.9912 0.172935
1.99609 0.169999
2.00098 0.167327
2.00587 0.164903
2.01075 0.16245
2.01564 0.160135
2.02053 0.157922
2.02542 0.155788
2.0303 0.15386
2.03519 0.152063
2.04008 0.150222
2.04497 0.148421
2.04985 0.14684
2.05474 0.145392
2.05963 0.143939
2.06452 0.142407
2.0694 0.141048
2.07429 0.139741
2.07918 0.13843
2.08407 0.137217
2.08895 0.136139
2.09384 0.135175
2.09873 0.133993
2.10362 0.132813
2.1085 0.131736
2.11339 0.130726
2.11828 0.12982
2.12317 0.12893
2.12805 0.127942
2.13294 0.126963
2.13783 0.126158
2.14272 0.125487
2.1476 0.124654
2.15249 0.123844
2.15738 0.123166
2.16227 0.12239
2.16716 0.121569
2.17204 0.120845
2.17693 0.120255
2.18182 0.119575
2.18671 0.118905
2.19159 0.118336
2.19648 0.117827
2.20137 0.117197
2.20626 0.116589
2.21114 0.116111
2.21603 0.115602
2.22092 0.11505
2.22581 0.114446
2.23069 0.113973
2.23558 0.113467
2.24047 0.112892
2.24536 0.112479
2.25024 0.112151
2.25513 0.111638
2.26002 0.111144
2.26491 0.110782
2.26979 0.110409
2.27468 0.109922
2.27957 0.109515
2.28446 0.109186
2.28935 0.108791
2.29423 0.108418
2.29912 0.108139
2.30401 0.107883
2.3089 0.107503
2.31378 0.107079
2.31867 0.106665
2.32356 0.106277
2.32845 0.106035
2.33333 0.105917
2.33822 0.105677
2.34311 0.105284
2.348 0.104956
2.35288 0.104658
2.35777 0.104398
2.36266 0.104203
2.36755 0.103973
2.37243 0.103797
2.37732 0.103583
2.38221 0.103301
2.3871 0.103068
2.39198 0.102879
2.39687 0.102756
2.40176 0.102617
2.40665 0.102315
2.41153 0.102096
2.41642 0.10195
2.42131 0.101787
2.4262 0.101619
2.43109 0.101405
2.43597 0.101322
2.44086 0.101174
2.44575 0.101068
2.45064 0.100994
2.45552 0.100871
2.46041 0.100849
2.4653 0.100828
2.47019 0.100667
2.47507 0.100494
2.47996 0.100417
2.48485 0.100289
2.48974 0.100153
2.49462 0.100163
2.49951 0.100141
2.5044 0.100134
2.50929 0.100049
2.51417 0.099981
2.51906 0.100058
2.52395 0.100068
2.52884 0.100064
2.53372 0.100185
2.53861 0.100161
2.5435 0.100009
2.54839 0.100022
2.55327 0.100157
2.55816 0.100405
2.56305 0.100519
2.56794 0.100439
2.57282 0.100468
2.57771 0.100621
2.5826 0.10072
2.58749 0.100808
2.59238 0.101093
2.59726 0.101394
2.60215 0.101475
2.60704 0.101656
2.61193 0.101945
2.61681 0.102118
2.6217 0.102363
2.62659 0.102924
2.63148 0.10321
2.63636 0.103422
2.64125 0.103878
2.64614 0.104363
2.65103 0.105002
2.65591 0.105552
2.6608 0.106155
2.66569 0.107014
2.67058 0.107649
2.67546 0.108352
2.68035 0.109387
2.68524 0.110586
2.69013 0.111903
2.69501 0.11343
2.6999 0.115446
2.70479 0.117786
2.70968 0.120552
2.71457 0.124228
2.71945 0.129908
2.72434 0.139802
2.72923 0.158529
2.73412 0.155105
2.739 0.131315
2.74389 0.128144
2.74878 0.134479
2.75367 0.137693
2.75855 0.139953
2.76344 0.142483
2.76833 0.145185
2.77322 0.147804
2.7781 0.150375
2.78299 0.153021
2.78788 0.155693
2.79277 0.158402
2.79765 0.161313
2.80254 0.164354
2.80743 0.16754
2.81232 0.170604
2.8172 0.173622
2.82209 0.176852
2.82698 0.180241
2.83187 0.183661
2.83675 0.18711
2.84164 0.190633
2.84653 0.194389
2.85142 0.198269
2.8563 0.202278
2.86119 0.206371
2.86608 0.21067
2.87097 0.215028
2.87586 0.219397
2.88074 0.224047
2.88563 0.228981
2.89052 0.234024
2.89541 0.239408
2.90029 0.244764
2.90518 0.250161
2.91007 0.256085
2.91496 0.26211
2.91984 0.268387
2.92473 0.275327
2.92962 0.282429
2.93451 0.289768
2.93939 0.297476
2.94428 0.305813
2.94917 0.314481
2.95406 0.323336
2.95894 0.33292
2.96383 0.343158
2.96872 0.354204
2.97361 0.366145
2.97849 0.378706
2.98338 0.392214
2.98827 0.40702
2.99316 0.423473
2.99804 0.441207
3.00293 0.460843
3.00782 0.48297
3.01271 0.507923
3.0176 0.536274
3.02248 0.569839
3.02737 0.610471
3.03226 0.660936
3.03715 0.72846
3.04203 0.830688
3.04692 1.03693
3.05181 1.14854
3.0567 0.9949
3.06158 0.808719
3.06647 0.750937
3.07136 0.823507
3.07625 0.985548
3.08113 1.43422
3.08602 1.49508
3.09091 0.7573
3.0958 0.52157
3.10068 0.475967
3.10557 0.445754
3.11046 0.42256
3.11535 0.404131
3.12023 0.38904
3.12512 0.376016
3.13001 0.364861
3.1349 0.354934
3.13978 0.346004
3.14467 0.337991
3.14956 0.330996
3.15445 0.324742
3.15934 0.318567
3.16422 0.313278
3.16911 0.308248
3.174 0.303765
3.17889 0.299524
3.18377 0.295342
3.18866 0.291287
3.19355 0.287742
3.19844 0.284634
3.20332 0.281698
3.20821 0.27869
3.2131 0.276058
3.21799 0.273547
3.22287 0.271183
3.22776 0.268958
3.23265 0.266913
3.23754 0.265149
3.24242 0.263375
3.24731 0.260802
3.2522 0.253765
3.25709 0.140577
3.26197 0.0102933
3.26686 0.0006074
3.27175 0.000144147
3.27664 5.28191e-05
3.28153 2.54621e-05
3.28641 1.4229e-05
3.2913 9.69016e-06
3.29619 5.74617e-06
3.30108 3.72124e-06
3.30596 4.15761e-06
3.31085 3.8851e-06
3.31574 2.8163e-06
3.32063 1.48011e-06
3.32551 2.72358e-06
3.3304 1.20429e-06
3.33529 5.88895e-07
3.34018 4.59143e-07
3.34506 -7.7957e-07
3.34995 -3.95384e-07
3.35484 -8.02771e-08
3.35973 1.14201e-06
3.36461 4.42303e-07
3.3695 -5.73075e-07
3.37439 -6.44244e-07
3.37928 1.21171e-06
3.38416 -3.91835e-07
3.38905 1.05894e-07
3.39394 1.27046e-06
3.39883 9.58164e-07
3.40371 6.47269e-07
3.4086 1.39663e-07
3.41349 4.35915e-07
3.41838 -1.1377e-07
3.42326 -3.25074e-07
3.42815 -9.66826e-08
3.43304 -3.65334e-07
3.43793 -4.38069e-07
3.44282 9.29732e-08
3.4477 4.04068e-07
3.45259 -1.58259e-07
3.45748 -8.19375e-07
3.46237 6.08573e-07
3.46725 -1.00511e-07
3.47214 2.00098e-08
3.47703 9.2803e-07
3.48192 1.0332e-06
3.4868 5.52928e-07
3.49169 1.07129e-08
3.49658 -1.09361e-06
3.50147 -1.61317e-07
3.50635 1.74873e-07
3.51124 1.51022e-06
3.51613 1.85499e-06
3.52102 -1.40744e-07
3.5259 2.07318e-07
3.53079 2.8792e-07
3.53568 -5.61509e-07
3.54057 -8.60585e-07
3.54545 -2.34243e-08
3.55034 7.10345e-07
3.55523 -3.97502e-07
3.56012 -2.12197e-07
3.56501 -5.66982e-07
3.56989 -1.96548e-07
3.57478 -1.13544e-06
3.57967 5.26564e-07
3.58456 1.1177e-06
3.58944 1.26347e-06
3.59433 9.01512e-07
3.59922 3.70398e-07
3.60411 -9.71607e-07
3.60899 3.74876e-07
3.61388 7.13616e-09
3.61877 5.18751e-07
3.62366 8.2476e-07
3.62854 1.72656e-06
3.63343 1.08667e-06
3.63832 9.6625e-07
3.64321 -4.51464e-07
3.64809 5.64905e-07
3.65298 6.84371e-07
3.65787 2.52217e-06
3.66276 7.0685e-07
3.66764 -5.37213e-07
3.67253 5.36881e-07
3.67742 8.03326e-07
3.68231 1.06521e-06
3.68719 -7.65587e-07
3.69208 -2.67977e-06
3.69697 -1.31641e-06
3.70186 -3.46599e-07
3.70674 8.86394e-07
3.71163 3.47169e-09
3.71652 -7.71951e-07
3.72141 -7.02042e-07
3.7263 5.99481e-08
3.73118 -1.48781e-06
3.73607 -1.27164e-06
3.74096 2.62488e-06
3.74585 -4.55848e-07
3.75073 -7.49563e-07
3.75562 1.40253e-06
3.76051 1.61276e-06
3.7654 -5.06918e-07
3.77028 -1.61959e-06
3.77517 -3.009e-07
3.78006 -2.52341e-06
3.78495 -5.00361e-07
3.78983 -1.452e-07
3.79472 1.10354e-07
3.79961 -3.78046e-07
3.8045 -1.42794e-06
3.80938 2.01526e-06
3.81427 3.16939e-09
3.81916 -1.97162e-06
3.82405 -1.98089e-06
3.82893 9.04512e-07
3.83382 4.35389e-07
3.83871 -4.11631e-07
3.8436 2.23895e-07
3.84848 4.80264e-07
3.85337 1.71945e-06
3.85826 -2.80366e-06
3.86315 -4.40273e-07
3.86804 -1.18372e-06
3.87292 1.79028e-06
3.87781 2.55161e-06
3.8827 -3.2664e-07
3.88759 1.29364e-06
3.89247 8.8276e-07
3.89736 1.7942e-06
3.90225 1.41543e-06
3.90714 1.77041e-06
3.91202 4.71758e-08
3.91691 1.99297e-06
3.9218 2.22677e-06
3.92669 -1.35669e-06
3.93157 -4.77876e-06
3.93646 2.47309e-06
3.94135 -3.04958e-06
3.94624 4.80342e-06
3.95112 -3.17127e-06
3.95601 -4.23714e-06
3.9609 1.83772e-06
3.96579 4.46011e-07
3.97067 9.71029e-06
3.97556 2.99414e-06
3.98045 1.83514e-05
3.98534 -5.8681e-06
3.99022 8.12113e-05
3.99511 0.000611247
4 0
