-1 0
-0.995112 -8.46229e-06
-0.990225 -5.87572e-06
-0.985337 -3.66382e-06
-0.98045 2.33375e-06
-0.975562 2.39582e-06
-0.970675 -6.63049e-06
-0.965787 3.7599e-06
-0.960899 1.52269e-06
-0.956012 1.99265e-06
-0.951124 4.31717e-07
-0.946237 9.99659e-07
-0.941349 -1.40847e-06
-0.936461 1.91578e-06
-0.931574 9.20943e-07
-0.926686 -5.42484e-06
-0.921799 -1.33172e-06
-0.916911 -3.9285e-07
-0.912023 -3.9649e-07
-0.907136 1.6019e-06
-0.902248 -1.91853e-06
-0.897361 1.23965e-06
-0.892473 -1.92534e-06
-0.887585 -1.45162e-07
-0.882698 2.3583e-06
-0.87781 -2.41972e-06
-0.872923 -1.84546e-06
-0.868035 3.6478e-07
-0.863147 -5.4729e-07
-0.85826 -4.8398e-06
-0.853372 6.27885e-07
-0.848485 1.83845e-06
-0.843597 -1.82413e-07
-0.83871 2.30667e-07
-0.833822 4.03087e-07
-0.828934 -1.89295e-06
-0.824047 -3.1935e-07
-0.819159 2.41276e-07
-0.814272 2.22004e-07
-0.809384 -1.03721e-07
-0.804497 -1.56601e-06
-0.799609 3.44877e-07
-0.794721 -1.17797e-06
-0.789834 4.4685e-07
-0.784946 1.72356e-07
-0.780059 8.52824e-07
-0.775171 -4.6956e-07
-0.770283 1.33203e-06
-0.765396 1.33714e-07
-0.760508 1.81914e-07
-0.755621 5.15337e-07
-0.750733 8.18386e-08
-0.745846 5.29615e-07
-0.740958 8.42785e-07
-0.73607 -4.19953e-07
-0.731183 9.22535e-07
-0.726295 -9.8716e-07
-0.721408 -2.43076e-06
-0.71652 -1.8714e-07
-0.711632 1.56905e-06
-0.706745 3.21612e-07
-0.701857 -8.76975e-07
-0.69697 -3.43199e-07
-0.692082 3.21615e-06
-0.687195 2.60782e-06
-0.682307 4.91491e-07
-0.677419 -9.33858e-07
-0.672532 1.27006e-06
-0.667644 -2.14419e-06
-0.662757 -6.7891e-07
-0.657869 -9.43375e-07
-0.652982 3.83218e-07
-0.648094 7.32736e-07
-0.643206 1.29191e-06
-0.638319 9.39824e-07
-0.633431 -2.8345e-07
-0.628544 -1.0204e-06
-0.623656 1.02844e-06
-0.618768 2.64091e-07
-0.613881 -1.13567e-06
-0.608993 6.37315e-07
-0.604106 8.04896e-07
-0.599218 2.57594e-08
-0.594331 5.22671e-07
-0.589443 -7.35843e-07
-0.584555 -8.36552e-07
-0.579668 1.01099e-07
-0.57478 4.82941e-07
-0.569892 -1.06272e-06
-0.565005 4.32557e-07
-0.560117 2.87954e-07
-0.55523 -5.6949e-07
-0.550342 2.50266e-07
-0.545455 2.00055e-06
-0.540567 9.71655e-07
-0.535679 -2.41044e-07
-0.530792 5.49084e-07
-0.525904 1.29414e-06
-0.521017 1.41229e-06
-0.516129 9.64228e-07
-0.511241 -1.99575e-07
-0.506354 -9.39406e-07
-0.501466 2.38686e-08
-0.496579 3.55851e-07
-0.491691 9.60908e-07
-0.486804 2.34177e-06
-0.481916 2.19846e-06
-0.477028 -7.9501e-08
-0.472141 -5.76894e-07
-0.467253 1.22059e-06
-0.462366 2.45718e-06
-0.457478 1.92814e-06
-0.45259 2.28466e-06
-0.447703 2.578e-06
-0.442815 2.62616e-06
-0.437928 6.01294e-06
-0.43304 1.00683e-05
-0.428152 1.67144e-05
-0.423265 4.31916e-05
-0.418377 0.000161039
-0.41349 0.00255297
-0.408602 0.0504162
-0.403715 0.0892649
-0.398827 0.0915195
-0.393939 0.0929494
-0.389052 0.0943765
-0.384164 0.0959001
-0.379277 0.0972495
-0.374389 0.0987141
-0.369501 0.100323
-0.364614 0.102056
-0.359726 0.10364
-0.354839 0.105536
-0.349951 0.107572
-0.345064 0.109535
-0.340176 0.111662
-0.335288 0.114201
-0.330401 0.117156
-0.325513 0.136118
-0.320626 0.305992
-0.315738 0.417197
-0.310851 0.429162
-0.305963 0.439305
-0.301075 0.450417
-0.296188 0.462437
-0.2913 0.475353
-0.286413 0.4893
-0.281525 0.504489
-0.276637 0.521185
-0.27175 0.539253
-0.266862 0.55903
-0.261975 0.581351
-0.257087 0.606122
-0.252199 0.634279
-0.247312 0.666067
-0.242424 0.702038
-0.237537 0.744167
-0.232649 0.794001
-0.227762 0.854016
-0.222874 0.928528
-0.217986 1.02314
-0.213099 1.14815
-0.208211 1.32735
-0.203324 1.61629
-0.198436 2.23216
-0.193548 3.37551
-0.188661 2.86379
-0.183773 0.658091
-0.178886 0.337308
-0.173998 0.294853
-0.16911 0.268198
-0.164223 0.247449
-0.159335 0.230475
-0.154448 0.216281
-0.14956 0.204125
-0.144672 0.19326
-0.139785 0.183589
-0.134897 0.175137
-0.13001 0.167288
-0.125122 0.160028
-0.120234 0.153507
-0.115347 0.147731
-0.110459 0.142255
-0.105572 0.13701
-0.100684 0.132319
-0.0957966 0.127909
-0.090909 0.123666
-0.0860214 0.119623
-0.0811338 0.116049
-0.0762463 0.112578
-0.0713587 0.109009
-0.0664711 0.105764
-0.0615835 0.102916
-0.0566959 0.100092
-0.0518084 0.0973132
-0.0469208 0.0947397
-0.0420332 0.0922025
-0.0371456 0.0896949
-0.032258 0.0873329
-0.0273705 0.0852064
-0.0224829 0.0830798
-0.0175953 0.0809616
-0.0127077 0.0789911
-0.00782013 0.0771434
-0.00293255 0.0753667
0.00195503 0.0734803
0.00684261 0.0717591
0.0117302 0.0700084
0.0166178 0.0684018
0.0215054 0.0669338
0.0263929 0.0654657
0.0312805 0.0638063
0.0361681 0.0604063
0.0410557 0.0352478
0.0459433 0.00476626
0.0508308 0.000157532
0.0557185 4.3306e-05
0.0606061 2.33273e-05
0.0654937 1.20804e-05
0.0703813 6.66612e-06
0.0752689 5.07604e-06
0.0801564 3.72708e-06
0.085044 2.729e-06
0.0899316 1.72546e-06
0.0948192 8.68499e-07
0.0997068 5.63584e-07
0.104594 1.25369e-06
0.109482 5.79042e-07
0.11437 -1.52321e-07
0.119257 2.30265e-08
0.124145 7.09305e-08
0.129032 2.56601e-07
0.13392 -1.09823e-07
0.138808 1.81903e-07
0.143695 1.18864e-07
0.148583 6.75465e-07
0.15347 9.6379e-07
0.158358 4.17096e-07
0.163245 -7.97773e-08
0.168133 3.21189e-07
0.173021 1.54397e-06
0.177908 9.31316e-07
0.182796 6.46878e-07
0.187683 -8.32299e-08
0.192571 -5.14211e-07
0.197459 2.78783e-07
0.202346 1.15162e-07
0.207234 3.49922e-07
0.212121 2.7949e-07
0.217009 7.86911e-08
0.221896 3.46808e-07
0.226784 3.40292e-07
0.231672 3.3834e-07
0.236559 4.82171e-07
0.241447 -1.82572e-07
0.246334 -3.01128e-07
0.251222 -6.07571e-08
0.256109 6.37447e-07
0.260997 8.92448e-07
0.265885 3.72089e-07
0.270772 8.11969e-07
0.27566 3.3026e-08
0.280547 -3.75486e-07
0.285435 -3.80308e-07
0.290323 -4.93063e-07
0.29521 -1.08812e-06
0.300098 -1.05985e-06
0.304985 -6.62789e-07
0.309873 -3.78543e-07
0.31476 2.97668e-07
0.319648 3.32837e-07
0.324536 1.72205e-07
0.329423 -2.66656e-07
0.334311 -2.77439e-07
0.339198 -9.0221e-08
0.344086 1.0673e-07
0.348974 -5.6708e-07
0.353861 -2.88717e-07
0.358749 5.17225e-07
0.363636 2.38362e-07
0.368524 -1.36858e-08
0.373412 -2.6645e-07
0.378299 2.80254e-07
0.383187 3.95451e-07
0.388074 2.38445e-07
0.392962 3.96293e-07
0.397849 2.35506e-08
0.402737 9.08188e-08
0.407625 -8.95651e-07
0.412512 -9.73953e-07
0.4174 -8.57451e-07
0.422287 -1.31927e-06
0.427175 -5.94538e-07
0.432063 -4.71949e-07
0.43695 -2.36465e-07
0.441838 -2.93648e-07
0.446725 -3.83705e-08
0.451613 -1.20626e-07
0.4565 -2.31519e-07
0.461388 1.23477e-07
0.466276 1.88173e-06
0.471163 5.5839e-07
0.476051 -7.57953e-07
0.480938 4.62038e-08
0.485826 -2.02617e-07
0.490714 1.55042e-07
0.495601 7.30513e-07
0.500489 6.62294e-07
0.505376 1.79885e-07
0.510264 1.30882e-06
0.515152 1.02375e-06
0.520039 1.45183e-06
0.524927 2.28047e-07
0.529814 1.03907e-06
0.534702 9.57581e-07
0.539589 4.48034e-07
0.544477 5.42844e-07
0.549365 1.04273e-06
0.554252 6.8269e-07
0.55914 2.52047e-07
0.564027 5.26959e-07
0.568915 3.23417e-07
0.573803 1.19489e-08
0.57869 -4.50642e-07
0.583578 -3.73443e-07
0.588465 -1.64555e-07
0.593353 3.47687e-07
0.59824 3.44959e-07
0.603128 -3.21359e-09
0.608016 -4.75474e-07
0.612903 -1.89792e-07
0.617791 -4.45102e-07
0.622678 -5.39861e-07
0.627566 -1.0064e-06
0.632454 2.00872e-07
0.637341 1.04431e-06
0.642229 4.29389e-07
0.647116 -1.23968e-07
0.652004 8.53015e-07
0.656892 1.73591e-06
0.661779 1.07562e-06
0.666667 3.72609e-08
0.671554 2.29921e-07
0.676442 1.15401e-07
0.681329 -1.23452e-07
0.686217 5.22799e-07
0.691105 7.50887e-07
0.695992 1.72679e-07
0.70088 -3.33136e-07
0.705767 9.95372e-08
0.710655 5.84756e-07
0.715543 2.18102e-07
0.72043 -1.97881e-07
0.725318 4.09315e-07
0.730205 -3.63291e-08
0.735093 -1.21034e-06
0.73998 -7.77606e-07
0.744868 -2.56663e-07
0.749756 5.3901e-07
0.754643 7.0938e-07
0.759531 -1.89528e-07
0.764418 -2.48474e-07
0.769306 5.17769e-07
0.774194 9.74746e-07
0.779081 2.34016e-07
0.783969 -1.67056e-07
0.788856 2.93597e-07
0.793744 2.75403e-07
0.798632 3.02573e-07
0.803519 4.97374e-07
0.808407 -1.49899e-07
0.813294 -5.80701e-07
0.818182 -2.74212e-07
0.823069 -6.88639e-07
0.827957 -6.37779e-07
0.832845 -4.18542e-07
0.837732 2.33598e-07
0.84262 7.49423e-07
0.847507 8.7744e-07
0.852395 1.18284e-07
0.857283 -1.56667e-07
0.86217 5.63071e-08
0.867058 2.18591e-07
0.871945 -9.81702e-08
0.876833 2.78699e-07
0.88172 2.42534e-07
0.886608 5.51218e-07
0.891496 1.06787e-06
0.896383 7.23675e-07
0.901271 9.79057e-08
0.906158 8.17847e-07
0.911046 8.70218e-07
0.915933 9.16667e-08
0.920821 1.84444e-07
0.925709 -3.78771e-07
0.930596 2.96497e-07
0.935484 5.63556e-07
0.940371 -5.55149e-07
0.945259 -1.21145e-06
0.950147 -3.27466e-07
0.955034 4.45056e-07
0.959922 6.36381e-07
0.964809 2.0266e-07
0.969697 -1.41244e-07
0.974585 -9.34954e-08
0.979472 -1.16281e-08
0.98436 -4.81297e-07
0.989247 -5.13609e-07
0.994135 -9.12316e-07
0.999022 -8.85553e-08
1.00391 1.46527e-07
1.0088 5.75317e-07
1.01369 7.90335e-07
1.01857 1.00577e-06
1.02346 2.02212e-07
1.02835 -4.26578e-07
1.03324 -3.00449e-07
1.03812 3.3769e-07
1.04301 5.83865e-07
1.0479 3.96832e-07
1.05279 5.48733e-07
1.05767 1.02344e-06
1.06256 2.29886e-06
1.06745 2.73818e-06
1.07234 3.24322e-06
1.07722 4.44702e-06
1.08211 7.1631e-06
1.087 1.02704e-05
1.09189 2.31404e-05
1.09677 5.63686e-05
1.10166 0.000115678
1.10655 0.00281827
1.11144 0.0178574
1.11632 0.0356887
1.12121 0.0409487
1.1261 0.0415344
1.13099 0.0421067
1.13587 0.0426477
1.14076 0.0431005
1.14565 0.0436215
1.15054 0.0442014
1.15543 0.0447521
1.16031 0.0452991
1.1652 0.0458309
1.17009 0.0464132
1.17498 0.0470384
1.17986 0.0476582
1.18475 0.0483092
1.18964 0.0489998
1.19453 0.0496414
1.19941 0.0502455
1.2043 0.0509306
1.20919 0.0516838
1.21408 0.0523916
1.21896 0.0531086
1.22385 0.0538591
1.22874 0.0546097
1.23363 0.0554141
1.23851 0.0562476
1.2434 0.0571056
1.24829 0.0580278
1.25318 0.0589736
1.25806 0.0599143
1.26295 0.0608942
1.26784 0.0618686
1.27273 0.0629219
1.27761 0.0640705
1.2825 0.065231
1.28739 0.0664471
1.29228 0.0676478
1.29717 0.0689326
1.30205 0.0703622
1.30694 0.0718136
1.31183 0.0733171
1.31672 0.0748846
1.3216 0.0765307
1.32649 0.078385
1.33138 0.0804333
1.33627 0.0825001
1.34115 0.084591
1.34604 0.0869546
1.35093 0.0895723
1.35582 0.0922914
1.3607 0.0953099
1.36559 0.0986969
1.37048 0.102431
1.37537 0.106576
1.38025 0.111383
1.38514 0.116909
1.39003 0.123329
1.39492 0.131164
1.3998 0.14108
1.40469 0.154049
1.40958 0.173115
1.41447 0.207457
1.41935 0.344161
1.42424 0.522693
1.42913 0.482164
1.43402 0.369094
1.43891 0.316933
1.44379 0.285453
1.44868 0.263871
1.45357 0.247423
1.45846 0.234148
1.46334 0.223135
1.46823 0.213723
1.47312 0.205561
1.47801 0.198497
1.48289 0.192349
1.48778 0.186755
1.49267 0.181484
1.49756 0.176721
1.50244 0.172601
1.50733 0.168828
1.51222 0.165132
1.51711 0.16167
1.52199 0.158441
1.52688 0.155552
1.53177 0.152799
1.53666 0.150069
1.54154 0.147634
1.54643 0.145392
1.55132 0.143124
1.55621 0.140845
1.56109 0.138799
1.56598 0.13695
1.57087 0.135185
1.57576 0.133462
1.58065 0.131738
1.58553 0.130041
1.59042 0.128446
1.59531 0.12706
1.6002 0.125702
1.60508 0.124256
1.60997 0.122912
1.61486 0.12172
1.61975 0.120528
1.62463 0.119289
1.62952 0.118206
1.63441 0.11713
1.6393 0.115942
1.64418 0.114833
1.64907 0.113652
1.65396 0.112602
1.65885 0.111725
1.66373 0.1108
1.66862 0.109953
1.67351 0.109113
1.6784 0.10821
1.68328 0.107397
1.68817 0.106612
1.69306 0.105725
1.69795 0.10484
1.70283 0.103947
1.70772 0.103241
1.71261 0.102604
1.7175 0.101964
1.72239 0.101302
1.72727 0.100572
1.73216 0.0998996
1.73705 0.099211
1.74194 0.0985948
1.74682 0.0979736
1.75171 0.0973141
1.7566 0.096756
1.76149 0.0960987
1.76637 0.0954215
1.77126 0.0949216
1.77615 0.0943835
1.78104 0.0938489
1.78592 0.0933879
1.79081 0.092886
1.7957 0.0923242
1.80059 0.0918234
1.80547 0.0913246
1.81036 0.090749
1.81525 0.090283
1.82014 0.0898704
1.82502 0.0893919
1.82991 0.0889149
1.8348 0.0884356
1.83969 0.0879521
1.84457 0.087493
1.84946 0.0870798
1.85435 0.0867058
1.85924 0.0863057
1.86413 0.0858434
1.86901 0.0854381
1.8739 0.0850748
1.87879 0.0847274
1.88368 0.0842776
1.88856 0.0838808
1.89345 0.0835135
1.89834 0.0830851
1.90323 0.082715
1.90811 0.0824273
1.913 0.0820622
1.91789 0.081732
1.92278 0.0813946
1.92766 0.0810098
1.93255 0.0807722
1.93744 0.0805217
1.94233 0.0801663
1.94721 0.0797841
1.9521 0.0794112
1.95699 0.0790781
1.96188 0.0787638
1.96676 0.0784949
1.97165 0.0782171
1.97654 0.0779005
1.98143 0.0776207
1.98631 0.0773656
1.9912 0.07711
1.99609 0.0768601
2.00098 0.0765723
2.00587 0.0762176
2.01075 0.0758336
2.01564 0.0755826
2.02053 0.0753531
2.02542 0.0750632
2.0303 0.0747286
2.03519 0.0744549
2.04008 0.0742325
2.04497 0.0740131
2.04985 0.0738014
2.05474 0.0736118
2.05963 0.0733894
2.06452 0.0731097
2.0694 0.0728989
2.07429 0.0726324
2.07918 0.0723266
2.08407 0.0720963
2.08895 0.0718477
2.09384 0.0715876
2.09873 0.0713766
2.10362 0.0712178
2.1085 0.0710204
2.11339 0.0709076
2.11828 0.0706561
2.12317 0.0703148
2.12805 0.0701412
2.13294 0.0699963
2.13783 0.0697945
2.14272 0.0695334
2.1476 0.069355
2.15249 0.0691283
2.15738 0.0688531
2.16227 0.068658
2.16716 0.0685103
2.17204 0.0683756
2.17693 0.0682219
2.18182 0.0679799
2.18671 0.0677469
2.19159 0.0675807
2.19648 0.0674065
2.20137 0.0673283
2.20626 0.0672276
2.21114 0.0670424
2.21603 0.0668133
2.22092 0.0665659
2.22581 0.0663296
2.23069 0.0661432
2.23558 0.066013
2.24047 0.0659015
2.24536 0.0657321
2.25024 0.0655693
2.25513 0.0654504
2.26002 0.0652875
2.26491 0.0650847
2.26979 0.0649291
2.27468 0.0648029
2.27957 0.064618
2.28446 0.0644552
2.28935 0.0642941
2.29423 0.0641616
2.29912 0.0640186
2.30401 0.0638726
2.3089 0.0637326
2.31378 0.0635709
2.31867 0.0633903
2.32356 0.0632169
2.32845 0.063112
2.33333 0.0629943
2.33822 0.062878
2.34311 0.0627182
2.348 0.0624943
2.35288 0.0623228
2.35777 0.0622379
2.36266 0.0621526
2.36755 0.0619647
2.37243 0.0617917
2.37732 0.0616235
2.38221 0.0613642
2.3871 0.0611609
2.39198 0.0611573
2.39687 0.0611594
2.40176 0.06102
2.40665 0.06087
2.41153 0.0606561
2.41642 0.0604352
2.42131 0.0603754
2.4262 0.0602513
2.43109 0.0600687
2.43597 0.0598769
2.44086 0.0596684
2.44575 0.0595254
2.45064 0.05943
2.45552 0.0592162
2.46041 0.0590883
2.4653 0.0590095
2.47019 0.0588855
2.47507 0.0588291
2.47996 0.0587019
2.48485 0.0585647
2.48974 0.0588915
2.49462 0.0617965
2.49951 0.132117
2.5044 0.305947
2.50929 0.412528
2.51417 0.467035
2.51906 0.595104
2.52395 0.929983
2.52884 0.971808
2.53372 0.690639
2.53861 0.556355
2.5435 0.491816
2.54839 0.450454
2.55327 0.420855
2.55816 0.398389
2.56305 0.380267
2.56794 0.365761
2.57282 0.353878
2.57771 0.343768
2.5826 0.335343
2.58749 0.327946
2.59238 0.321628
2.59726 0.316067
2.60215 0.311142
2.60704 0.306945
2.61193 0.303208
2.61681 0.299998
2.6217 0.297254
2.62659 0.294828
2.63148 0.292698
2.63636 0.29073
2.64125 0.289204
2.64614 0.288122
2.65103 0.28702
2.65591 0.286315
2.6608 0.285791
2.66569 0.285386
2.67058 0.285362
2.67546 0.28544
2.68035 0.285792
2.68524 0.286399
2.69013 0.286689
2.69501 0.287414
2.6999 0.288862
2.70479 0.29009
2.70968 0.291259
2.71457 0.292918
2.71945 0.294848
2.72434 0.297072
2.72923 0.299479
2.73412 0.30204
2.739 0.304937
2.74389 0.308008
2.74878 0.311345
2.75367 0.315108
2.75855 0.319271
2.76344 0.323821
2.76833 0.328777
2.77322 0.334219
2.7781 0.340236
2.78299 0.346867
2.78788 0.35425
2.79277 0.362565
2.79765 0.371959
2.80254 0.382904
2.80743 0.39524
2.81232 0.409411
2.8172 0.426541
2.82209 0.447166
2.82698 0.472719
2.83187 0.506326
2.83675 0.55391
2.84164 0.634064
2.84653 0.790252
2.85142 0.823436
2.8563 0.685772
2.86119 0.601856
2.86608 0.462563
2.87097 0.271668
2.87586 0.216675
2.88074 0.206527
2.88563 0.198427
2.89052 0.191706
2.89541 0.185763
2.90029 0.180595
2.90518 0.176007
2.91007 0.171898
2.91496 0.168174
2.91984 0.164884
2.92473 0.161612
2.92962 0.158584
2.93451 0.155767
2.93939 0.153178
2.94428 0.150938
2.94917 0.148623
2.95406 0.146539
2.95894 0.144442
2.96383 0.142448
2.96872 0.140694
2.97361 0.138908
2.97849 0.137203
2.98338 0.135555
2.98827 0.133991
2.99316 0.132648
2.99804 0.131454
3.00293 0.130175
3.00782 0.128853
3.01271 0.127482
3.0176 0.126205
3.02248 0.125096
3.02737 0.124114
3.03226 0.122966
3.03715 0.121959
3.04203 0.121042
3.04692 0.119994
3.05181 0.118901
3.0567 0.117952
3.06158 0.117274
3.06647 0.116562
3.07136 0.115782
3.07625 0.114774
3.08113 0.11394
3.08602 0.113294
3.09091 0.112553
3.0958 0.111843
3.10068 0.111232
3.10557 0.110574
3.11046 0.109871
3.11535 0.108982
3.12023 0.108283
3.12512 0.107679
3.13001 0.107196
3.1349 0.10663
3.13978 0.105987
3.14467 0.105382
3.14956 0.104854
3.15445 0.10422
3.15934 0.103728
3.16422 0.103203
3.16911 0.102662
3.174 0.102022
3.17889 0.101571
3.18377 0.101244
3.18866 0.100554
3.19355 0.100019
3.19844 0.09981
3.20332 0.0994259
3.20821 0.0988574
3.2131 0.0982567
3.21799 0.0978174
3.22287 0.097348
3.22776 0.0969631
3.23265 0.0965961
3.23754 0.0962893
3.24242 0.095866
3.24731 0.0954287
3.2522 0.0950189
3.25709 0.0946368
3.26197 0.0942388
3.26686 0.0939094
3.27175 0.0935903
3.27664 0.0932289
3.28153 0.0926866
3.28641 0.0922976
3.2913 0.0920569
3.29619 0.091797
3.30108 0.0914113
3.30596 0.0911672
3.31085 0.0908848
3.31574 0.0904054
3.32063 0.0900108
3.32551 0.0898218
3.3304 0.089541
3.33529 0.0891427
3.34018 0.0886233
3.34506 0.0835513
3.34995 0.0315931
3.35484 0.000685733
3.35973 9.74679e-05
3.36461 3.08746e-05
3.3695 1.42208e-05
3.37439 8.83603e-06
3.37928 4.38657e-06
3.38416 2.33949e-06
3.38905 1.03705e-06
3.39394 7.70699e-07
3.39883 5.50701e-07
3.40371 7.17794e-07
3.4086 -5.48421e-07
3.41349 3.91859e-07
3.41838 1.62467e-06
3.42326 6.4649e-07
3.42815 7.94986e-07
3.43304 -1.2272e-07
3.43793 -1.9425e-06
3.44282 9.7584e-07
3.4477 1.15995e-06
3.45259 6.62403e-08
3.45748 4.01603e-07
3.46237 1.56815e-07
3.46725 -5.29522e-07
3.47214 9.66775e-08
3.47703 1.24169e-06
3.48192 6.15596e-07
3.4868 2.8141e-07
3.49169 2.8262e-07
3.49658 3.25151e-08
3.50147 1.2536e-07
3.50635 1.42603e-07
3.51124 3.0597e-07
3.51613 -2.56348e-07
3.52102 4.7708e-07
3.5259 1.51987e-06
3.53079 2.29291e-07
3.53568 1.53194e-07
3.54057 6.24561e-07
3.54545 -7.31792e-07
3.55034 7.8276e-07
3.55523 -5.39921e-07
3.56012 2.37335e-07
3.56501 -5.05818e-07
3.56989 3.42531e-07
3.57478 1.60275e-06
3.57967 4.12004e-07
3.58456 1.23427e-06
3.58944 1.39768e-06
3.59433 5.58226e-08
3.59922 6.22719e-07
3.60411 5.94624e-07
3.60899 6.46357e-07
3.61388 2.44836e-06
3.61877 9.61477e-07
3.62366 -3.38833e-08
3.62854 1.45393e-06
3.63343 5.37932e-07
3.63832 -1.11122e-06
3.64321 1.34787e-06
3.64809 8.30619e-07
3.65298 -2.18235e-06
3.65787 -1.61032e-06
3.66276 -6.2259e-07
3.66764 -1.59014e-06
3.67253 -2.25051e-06
3.67742 -1.37289e-06
3.68231 -9.75106e-07
3.68719 -2.24637e-07
3.69208 -1.98336e-06
3.69697 7.46183e-07
3.70186 -6.14189e-07
3.70674 -5.6527e-07
3.71163 -7.60786e-07
3.71652 -7.47472e-07
3.72141 2.82683e-06
3.7263 2.94527e-07
3.73118 -2.31844e-07
3.73607 -6.90091e-07
3.74096 5.92809e-07
3.74585 -2.94186e-06
3.75073 -2.22628e-06
3.75562 -2.27243e-06
3.76051 -2.18042e-06
3.7654 -9.18121e-07
3.77028 -9.89025e-07
3.77517 4.03521e-07
3.78006 -9.10577e-07
3.78495 -1.93675e-06
3.78983 1.29114e-06
3.79472 4.00307e-07
3.79961 1.36118e-06
3.8045 -9.45205e-07
3.80938 -1.04509e-06
3.81427 -4.17123e-07
3.81916 7.93282e-07
3.82405 9.32736e-07
3.82893 3.18809e-07
3.83382 1.29692e-06
3.83871 9.51564e-07
3.8436 -1.1897e-06
3.84848 -1.98875e-06
3.85337 -3.66528e-07
3.85826 1.99164e-06
3.86315 1.96843e-07
3.86804 -4.22956e-07
3.87292 -5.83981e-07
3.87781 -1.19259e-06
3.8827 -4.9906e-07
3.88759 8.34331e-07
3.89247 2.11483e-06
3.89736 -1.88414e-06
3.90225 -2.10041e-06
3.90714 2.70989e-06
3.91202 3.90783e-07
3.91691 1.67554e-06
3.9218 -8.15072e-07
3.92669 1.62054e-06
3.93157 1.03178e-06
3.93646 9.43465e-07
3.94135 3.43805e-06
3.94624 4.87279e-06
3.95112 -1.23398e-06
3.95601 5.66333e-06
3.9609 -5.48807e-07
3.96579 4.67572e-06
3.97067 2.05909e-07
3.97556 2.15389e-07
3.98045 1.5359e-05
3.98534 1.0487e-05
3.99022 8.62741e-05
3.99511 0.000626988
4 0
