-1 0
-0.995112 1.20547e-05
-0.990225 -5.65328e-06
-0.985337 2.80452e-06
-0.98045 2.70557e-06
-0.975562 1.53037e-06
-0.970675 2.79902e-07
-0.965787 3.24962e-06
-0.960899 3.14466e-07
-0.956012 5.05178e-07
-0.951124 3.53305e-07
-0.946237 -1.42651e-06
-0.941349 2.68914e-06
-0.936461 1.35713e-06
-0.931574 5.2459e-07
-0.926686 3.06717e-07
-0.921799 7.10561e-07
-0.916911 1.9697e-06
-0.912023 2.36205e-06
-0.907136 -2.79013e-06
-0.902248 -1.90708e-06
-0.897361 -2.40103e-06
-0.892473 2.85703e-06
-0.887585 -2.70744e-06
-0.882698 1.61162e-06
-0.87781 -1.04133e-06
-0.872923 2.84079e-06
-0.868035 -8.0111e-07
-0.863147 -6.98794e-07
-0.85826 -5.28034e-07
-0.853372 1.34698e-06
-0.848485 -1.19353e-06
-0.843597 3.70869e-06
-0.83871 2.08431e-06
-0.833822 -5.61401e-07
-0.828934 -8.12913e-07
-0.824047 -1.33223e-06
-0.819159 9.16003e-07
-0.814272 1.01401e-08
-0.809384 -4.42178e-07
-0.804497 3.9808e-07
-0.799609 1.05548e-06
-0.794721 1.47507e-06
-0.789834 -7.66938e-07
-0.784946 1.92519e-08
-0.780059 -1.44985e-06
-0.775171 -5.782e-07
-0.770283 8.52105e-07
-0.765396 7.75805e-07
-0.760508 1.12154e-06
-0.755621 3.00065e-06
-0.750733 1.54358e-06
-0.745846 2.32881e-06
-0.740958 3.68266e-06
-0.73607 4.85206e-06
-0.731183 9.38436e-06
-0.726295 1.04922e-05
-0.721408 2.09133e-05
-0.71652 4.19376e-05
-0.711632 8.34971e-05
-0.706745 0.00029021
-0.701857 0.00183815
-0.69697 0.182495
-0.692082 0.735549
-0.687195 0.819066
-0.682307 0.927856
-0.677419 1.15584
-0.672532 1.44557
-0.667644 1.02155
-0.662757 0.852925
-0.657869 0.757852
-0.652982 0.694081
-0.648094 0.646737
-0.643206 0.609896
-0.638319 0.581021
-0.633431 0.55731
-0.628544 0.537543
-0.623656 0.521524
-0.618768 0.507593
-0.613881 0.496697
-0.608993 0.487515
-0.604106 0.480146
-0.599218 0.474388
-0.594331 0.470537
-0.589443 0.46882
-0.584555 0.469052
-0.579668 0.471806
-0.57478 0.477542
-0.569892 0.488585
-0.565005 0.507388
-0.560117 0.545174
-0.55523 0.646715
-0.550342 0.580791
-0.545455 0.486363
-0.540567 0.440738
-0.535679 0.408367
-0.530792 0.383374
-0.525904 0.36282
-0.521017 0.345259
-0.516129 0.329953
-0.511241 0.316542
-0.506354 0.304415
-0.501466 0.29336
-0.496579 0.283
-0.491691 0.27413
-0.486804 0.265602
-0.481916 0.257578
-0.477028 0.250272
-0.472141 0.24296
-0.467253 0.236237
-0.462366 0.230296
-0.457478 0.224488
-0.45259 0.21932
-0.447703 0.213908
-0.442815 0.208816
-0.437928 0.204
-0.43304 0.199698
-0.428152 0.195285
-0.423265 0.191123
-0.418377 0.187312
-0.41349 0.183425
-0.408602 0.179771
-0.403715 0.176229
-0.398827 0.173108
-0.393939 0.169803
-0.389052 0.16658
-0.384164 0.163609
-0.379277 0.160721
-0.374389 0.158027
-0.369501 0.155045
-0.364614 0.152412
-0.359726 0.149749
-0.354839 0.147319
-0.349951 0.144939
-0.345064 0.142328
-0.340176 0.140322
-0.335288 0.138373
-0.330401 0.136244
-0.325513 0.134009
-0.320626 0.132071
-0.315738 0.129911
-0.310851 0.127985
-0.305963 0.125974
-0.301075 0.114257
-0.296188 0.0832378
-0.2913 0.0755041
-0.286413 0.0740778
-0.281525 0.0729383
-0.276637 0.071717
-0.27175 0.0704811
-0.266862 0.0694747
-0.261975 0.068563
-0.257087 0.0674497
-0.252199 0.0664771
-0.247312 0.0655149
-0.242424 0.0645451
-0.237537 0.0635419
-0.232649 0.0626007
-0.227762 0.0617864
-0.222874 0.0609078
-0.217986 0.0601342
-0.213099 0.0592875
-0.208211 0.0583943
-0.203324 0.0575365
-0.198436 0.0568062
-0.193548 0.0560172
-0.188661 0.0551681
-0.183773 0.0543955
-0.178886 0.0537469
-0.173998 0.0530662
-0.16911 0.0522794
-0.164223 0.0516358
-0.159335 0.0509528
-0.154448 0.0502656
-0.14956 0.0496057
-0.144672 0.0489953
-0.139785 0.0484433
-0.134897 0.0478427
-0.13001 0.0472017
-0.125122 0.0464607
-0.120234 0.0458942
-0.115347 0.045452
-0.110459 0.0448822
-0.105572 0.0442629
-0.100684 0.0436661
-0.0957966 0.0431475
-0.090909 0.0425069
-0.0860214 0.0420115
-0.0811338 0.0414948
-0.0762463 0.0410013
-0.0713587 0.040533
-0.0664711 0.0399878
-0.0615835 0.0395054
-0.0566959 0.0389083
-0.0518084 0.0384603
-0.0469208 0.0380059
-0.0420332 0.0376609
-0.0371456 0.0372739
-0.032258 0.0367224
-0.0273705 0.0362006
-0.0224829 0.0357307
-0.0175953 0.0353882
-0.0127077 0.0349825
-0.00782013 0.0345817
-0.00293255 0.0341261
0.00195503 0.0337047
0.00684261 0.0332862
0.0117302 0.0328796
0.0166178 0.0323453
0.0215054 0.0253578
0.0263929 0.00693318
0.0312805 0.0001885
0.0361681 4.81866e-05
0.0410557 1.60449e-05
0.0459433 6.60858e-06
0.0508308 4.10578e-06
0.0557185 3.06687e-06
0.0606061 2.11815e-06
0.0654937 1.62009e-06
0.0703813 1.55002e-06
0.0752689 1.82225e-06
0.0801564 2.08167e-06
0.085044 1.13939e-06
0.0899316 -2.63342e-07
0.0948192 -6.29675e-07
0.0997068 1.52789e-07
0.104594 1.42421e-06
0.109482 1.45843e-07
0.11437 2.63466e-08
0.119257 -2.91021e-07
0.124145 -5.65317e-08
0.129032 2.4891e-07
0.13392 4.12377e-07
0.138808 3.71671e-07
0.143695 -4.14041e-07
0.148583 -7.85494e-07
0.15347 -5.61717e-07
0.158358 -8.08537e-09
0.163245 8.52777e-07
0.168133 9.31379e-07
0.173021 -1.72071e-07
0.177908 -2.23749e-07
0.182796 -4.4274e-07
0.187683 -4.81111e-07
0.192571 -4.73292e-07
0.197459 6.14559e-07
0.202346 4.72527e-07
0.207234 -7.55034e-08
0.212121 -2.38579e-08
0.217009 -3.56684e-07
0.221896 -9.86607e-07
0.226784 -3.6789e-07
0.231672 -3.17612e-07
0.236559 -1.79476e-07
0.241447 -2.65847e-08
0.246334 -7.65144e-07
0.251222 -5.52648e-07
0.256109 9.17336e-07
0.260997 1.13346e-06
0.265885 5.56508e-07
0.270772 2.4864e-07
0.27566 -1.76587e-07
0.280547 2.28264e-08
0.285435 4.49022e-07
0.290323 3.74679e-07
0.29521 5.54169e-07
0.300098 6.34162e-07
0.304985 1.435e-07
0.309873 1.54631e-07
0.31476 2.23571e-07
0.319648 4.6925e-07
0.324536 6.70226e-07
0.329423 5.12504e-07
0.334311 1.20551e-07
0.339198 2.68048e-07
0.344086 5.01934e-07
0.348974 3.2165e-07
0.353861 -2.41012e-07
0.358749 -9.91149e-07
0.363636 -7.94941e-07
0.368524 -4.06285e-07
0.373412 -2.17154e-07
0.378299 -6.3657e-08
0.383187 -1.04136e-07
0.388074 -4.18158e-07
0.392962 5.55793e-07
0.397849 2.24978e-07
0.402737 -4.16849e-07
0.407625 2.46893e-08
0.412512 7.50536e-07
0.4174 1.04404e-06
0.422287 8.07219e-07
0.427175 4.76095e-08
0.432063 4.1767e-09
0.43695 -6.78498e-08
0.441838 -4.9051e-07
0.446725 -2.61238e-07
0.451613 -1.33943e-07
0.4565 2.94487e-07
0.461388 4.97177e-07
0.466276 3.30816e-07
0.471163 3.32115e-07
0.476051 -6.95887e-08
0.480938 -6.72979e-07
0.485826 8.32793e-08
0.490714 3.86224e-07
0.495601 -9.48009e-08
0.500489 4.13788e-07
0.505376 -1.54399e-06
0.510264 -2.45579e-08
0.515152 -1.18546e-07
0.520039 -2.27944e-07
0.524927 1.05581e-07
0.529814 6.99484e-07
0.534702 -4.49785e-07
0.539589 -3.90166e-07
0.544477 -3.13099e-08
0.549365 -3.56052e-07
0.554252 1.90118e-07
0.55914 3.96589e-09
0.564027 8.81476e-08
0.568915 -2.46208e-07
0.573803 3.72974e-07
0.57869 6.3626e-07
0.583578 5.58284e-07
0.588465 -6.67869e-08
0.593353 5.05348e-08
0.59824 5.55434e-07
0.603128 6.64132e-07
0.608016 4.64412e-07
0.612903 -1.68269e-07
0.617791 -8.17182e-07
0.622678 -6.6469e-07
0.627566 -5.54013e-07
0.632454 1.12965e-07
0.637341 6.72784e-07
0.642229 6.34044e-07
0.647116 2.9703e-07
0.652004 1.06315e-07
0.656892 4.06839e-07
0.661779 2.03354e-07
0.666667 -3.5833e-07
0.671554 -7.03903e-07
0.676442 -5.51524e-07
0.681329 -1.2393e-07
0.686217 -1.56244e-07
0.691105 -4.45994e-07
0.695992 -4.7644e-07
0.70088 -2.90277e-07
0.705767 -9.66508e-08
0.710655 3.79721e-07
0.715543 4.54858e-07
0.72043 1.57105e-07
0.725318 2.2273e-07
0.730205 5.10265e-07
0.735093 -9.61886e-08
0.73998 1.26741e-07
0.744868 6.67592e-07
0.749756 5.28618e-07
0.754643 -1.04488e-07
0.759531 1.92988e-07
0.764418 5.56761e-07
0.769306 1.95655e-07
0.774194 2.54063e-07
0.779081 2.33137e-07
0.783969 -4.77178e-08
0.788856 -2.26421e-07
0.793744 -3.13376e-07
0.798632 -6.49272e-07
0.803519 -2.78197e-07
0.808407 1.39042e-07
0.813294 7.8741e-08
0.818182 4.1379e-07
0.823069 -2.38891e-08
0.827957 3.83884e-07
0.832845 -3.99203e-09
0.837732 -5.10511e-07
0.84262 -9.63882e-07
0.847507 -1.11138e-06
0.852395 2.3754e-08
0.857283 7.44751e-08
0.86217 -1.9532e-07
0.867058 -1.91082e-07
0.871945 -9.39925e-07
0.876833 -1.13223e-06
0.88172 -7.75003e-07
0.886608 -3.48038e-07
0.891496 -2.95449e-07
0.896383 2.26914e-07
0.901271 3.59234e-07
0.906158 2.06568e-07
0.911046 8.63889e-10
0.915933 1.92294e-07
0.920821 8.31131e-07
0.925709 5.24472e-07
0.930596 1.19445e-07
0.935484 1.35739e-07
0.940371 3.29108e-07
0.945259 4.27842e-07
0.950147 6.50672e-07
0.955034 5.39785e-07
0.959922 5.26212e-07
0.964809 1.22609e-07
0.969697 4.83981e-07
0.974585 6.475e-07
0.979472 9.11606e-08
0.98436 -4.96025e-07
0.989247 1.80816e-07
0.994135 5.64059e-07
0.999022 4.35978e-07
1.00391 3.76678e-07
1.0088 -3.59655e-07
1.01369 -1.33747e-06
1.01857 -9.20058e-07
1.02346 -6.6978e-07
1.02835 -4.31172e-07
1.03324 -5.28855e-07
1.03812 -1.42081e-07
1.04301 6.50893e-07
1.0479 3.63007e-07
1.05279 -8.54185e-08
1.05767 -7.17556e-08
1.06256 -5.71691e-07
1.06745 -4.65893e-07
1.07234 -2.81557e-07
1.07722 6.88992e-08
1.08211 5.53601e-07
1.087 -1.31952e-07
1.09189 -3.48457e-07
1.09677 -3.25665e-07
1.10166 2.30346e-07
1.10655 -1.0085e-07
1.11144 -5.04208e-07
1.11632 -8.34313e-08
1.12121 4.80618e-08
1.1261 6.94838e-08
1.13099 2.06668e-07
1.13587 7.4975e-08
1.14076 2.9482e-07
1.14565 4.7678e-08
1.15054 -6.16095e-07
1.15543 -2.26651e-07
1.16031 -2.91985e-07
1.1652 -2.0769e-08
1.17009 -8.47088e-09
1.17498 2.42104e-07
1.17986 7.24618e-07
1.18475 2.35756e-09
1.18964 -6.86264e-07
1.19453 -6.84041e-07
1.19941 5.85648e-07
1.2043 5.7681e-07
1.20919 9.49888e-09
1.21408 3.45709e-07
1.21896 4.19144e-07
1.22385 -5.78636e-08
1.22874 -4.51152e-08
1.23363 9.44848e-08
1.23851 1.59968e-07
1.2434 5.52788e-07
1.24829 4.96768e-07
1.25318 -6.27266e-08
1.25806 -2.48112e-07
1.26295 -2.44711e-07
1.26784 -1.14146e-07
1.27273 9.30829e-08
1.27761 6.24869e-08
1.2825 -2.34107e-07
1.28739 -2.48311e-07
1.29228 -1.4719e-07
1.29717 -2.96558e-07
1.30205 -5.58368e-08
1.30694 -6.38595e-08
1.31183 -3.97865e-07
1.31672 -6.33145e-07
1.3216 -9.90107e-07
1.32649 -9.24904e-07
1.33138 5.63315e-09
1.33627 3.43757e-07
1.34115 7.59503e-07
1.34604 7.26847e-07
1.35093 2.57409e-07
1.35582 -5.80738e-07
1.3607 -7.87007e-07
1.36559 -5.67858e-07
1.37048 -3.2575e-07
1.37537 2.33565e-07
1.38025 2.79626e-07
1.38514 2.43468e-07
1.39003 3.54094e-08
1.39492 -6.91553e-07
1.3998 -4.00908e-08
1.40469 7.61809e-07
1.40958 9.51742e-07
1.41447 8.82071e-07
1.41935 -3.45451e-07
1.42424 -5.82025e-07
1.42913 -6.08472e-07
1.43402 -4.16445e-08
1.43891 5.07568e-07
1.44379 2.25099e-07
1.44868 2.94282e-07
1.45357 7.04646e-07
1.45846 -4.35336e-07
1.46334 -1.1366e-06
1.46823 -8.87453e-07
1.47312 -1.80925e-07
1.47801 4.09482e-08
1.48289 3.44757e-07
1.48778 9.92756e-07
1.49267 6.74056e-07
1.49756 1.82401e-08
1.50244 5.63931e-07
1.50733 4.06186e-07
1.51222 4.64259e-07
1.51711 9.32729e-07
1.52199 1.17404e-06
1.52688 2.46178e-06
1.53177 2.94051e-06
1.53666 4.39582e-06
1.54154 9.61802e-06
1.54643 1.43453e-05
1.55132 5.77083e-05
1.55621 0.000366129
1.56109 0.00526049
1.56598 0.0163735
1.57087 0.0228217
1.57576 0.0235653
1.58065 0.0237495
1.58553 0.0239773
1.59042 0.024173
1.59531 0.0243263
1.6002 0.0244814
1.60508 0.0246014
1.60997 0.0247533
1.61486 0.0249602
1.61975 0.0251599
1.62463 0.0252989
1.62952 0.025433
1.63441 0.0256333
1.6393 0.0258778
1.64418 0.0260581
1.64907 0.026222
1.65396 0.026448
1.65885 0.026646
1.66373 0.0267827
1.66862 0.0269159
1.67351 0.0271032
1.6784 0.027326
1.68328 0.0275226
1.68817 0.0277298
1.69306 0.0278879
1.69795 0.0280242
1.70283 0.0282371
1.70772 0.0284729
1.71261 0.028645
1.7175 0.0287332
1.72239 0.0288955
1.72727 0.0291456
1.73216 0.0293523
1.73705 0.0296027
1.74194 0.0298437
1.74682 0.0300582
1.75171 0.0303168
1.7566 0.0306061
1.76149 0.0307849
1.76637 0.0309206
1.77126 0.0311689
1.77615 0.0314135
1.78104 0.0316131
1.78592 0.0318292
1.79081 0.0320067
1.7957 0.0322102
1.80059 0.0324438
1.80547 0.0326882
1.81036 0.0329056
1.81525 0.0331039
1.82014 0.0333211
1.82502 0.0335441
1.82991 0.0338351
1.8348 0.0340946
1.83969 0.0342812
1.84457 0.0345246
1.84946 0.0348413
1.85435 0.0351604
1.85924 0.0354436
1.86413 0.0356797
1.86901 0.035927
1.8739 0.0361814
1.87879 0.0364166
1.88368 0.0366859
1.88856 0.036952
1.89345 0.0372106
1.89834 0.0374734
1.90323 0.0377478
1.90811 0.0380114
1.913 0.0383351
1.91789 0.0386696
1.92278 0.038952
1.92766 0.0392269
1.93255 0.0395255
1.93744 0.0398464
1.94233 0.0400954
1.94721 0.0403991
1.9521 0.0408205
1.95699 0.041227
1.96188 0.0415537
1.96676 0.0418878
1.97165 0.0422187
1.97654 0.0425015
1.98143 0.0428787
1.98631 0.0432884
1.9912 0.0436221
1.99609 0.0439713
2.00098 0.0443907
2.00587 0.0448108
2.01075 0.0452371
2.01564 0.0456528
2.02053 0.0460616
2.02542 0.0464642
2.0303 0.0468328
2.03519 0.0472561
2.04008 0.0477503
2.04497 0.0482302
2.04985 0.0486863
2.05474 0.0491894
2.05963 0.0497518
2.06452 0.0502793
2.0694 0.0507357
2.07429 0.051223
2.07918 0.0517337
2.08407 0.0522762
2.08895 0.0528454
2.09384 0.0534447
2.09873 0.0540826
2.10362 0.0547141
2.1085 0.0553758
2.11339 0.0560159
2.11828 0.0566454
2.12317 0.0573056
2.12805 0.0580543
2.13294 0.0588312
2.13783 0.0595585
2.14272 0.0602152
2.1476 0.0610819
2.15249 0.0619822
2.15738 0.062743
2.16227 0.0636522
2.16716 0.0646395
2.17204 0.0656397
2.17693 0.0666393
2.18182 0.0676342
2.18671 0.0686945
2.19159 0.0698728
2.19648 0.0711759
2.20137 0.0724477
2.20626 0.0737508
2.21114 0.0751596
2.21603 0.0766366
2.22092 0.0781137
2.22581 0.0796722
2.23069 0.0814478
2.23558 0.0834008
2.24047 0.0854376
2.24536 0.0875175
2.25024 0.0898087
2.25513 0.0923402
2.26002 0.0950893
2.26491 0.0980744
2.26979 0.101285
2.27468 0.104803
2.27957 0.108826
2.28446 0.113438
2.28935 0.118596
2.29423 0.124382
2.29912 0.131023
2.30401 0.139196
2.3089 0.149134
2.31378 0.161507
2.31867 0.177909
2.32356 0.200726
2.32845 0.23631
2.33333 0.31193
2.33822 0.434697
2.34311 0.441055
2.348 0.352343
2.35288 0.303343
2.35777 0.276681
2.36266 0.258289
2.36755 0.244186
2.37243 0.233187
2.37732 0.224386
2.38221 0.216658
2.3871 0.209939
2.39198 0.204166
2.39687 0.199154
2.40176 0.194747
2.40665 0.190832
2.41153 0.187225
2.41642 0.183967
2.42131 0.180913
2.4262 0.178109
2.43109 0.175595
2.43597 0.173282
2.44086 0.171091
2.44575 0.169046
2.45064 0.167102
2.45552 0.165332
2.46041 0.163813
2.4653 0.162293
2.47019 0.160935
2.47507 0.15959
2.47996 0.158312
2.48485 0.157095
2.48974 0.156062
2.49462 0.154939
2.49951 0.153923
2.5044 0.152967
2.50929 0.151976
2.51417 0.151192
2.51906 0.150408
2.52395 0.149722
2.52884 0.149097
2.53372 0.148458
2.53861 0.147894
2.5435 0.147302
2.54839 0.146841
2.55327 0.146324
2.55816 0.145823
2.56305 0.145418
2.56794 0.145067
2.57282 0.144783
2.57771 0.144438
2.5826 0.144174
2.58749 0.143972
2.59238 0.143809
2.59726 0.143703
2.60215 0.143308
2.60704 0.143086
2.61193 0.14312
2.61681 0.143121
2.6217 0.143029
2.62659 0.14302
2.63148 0.143026
2.63636 0.143069
2.64125 0.143232
2.64614 0.143298
2.65103 0.14343
2.65591 0.143567
2.6608 0.143631
2.66569 0.143745
2.67058 0.143977
2.67546 0.144374
2.68035 0.144795
2.68524 0.145077
2.69013 0.145616
2.69501 0.145976
2.6999 0.14619
2.70479 0.146655
2.70968 0.147283
2.71457 0.147877
2.71945 0.148569
2.72434 0.149067
2.72923 0.149759
2.73412 0.150568
2.739 0.151316
2.74389 0.152289
2.74878 0.153189
2.75367 0.154065
2.75855 0.155225
2.76344 0.156421
2.76833 0.157466
2.77322 0.158805
2.7781 0.160173
2.78299 0.161513
2.78788 0.163111
2.79277 0.16468
2.79765 0.16646
2.80254 0.168466
2.80743 0.170566
2.81232 0.172841
2.8172 0.17523
2.82209 0.177907
2.82698 0.180747
2.83187 0.183908
2.83675 0.187326
2.84164 0.190945
2.84653 0.195275
2.85142 0.200137
2.8563 0.205368
2.86119 0.211632
2.86608 0.218986
2.87097 0.227514
2.87586 0.238098
2.88074 0.251538
2.88563 0.270106
2.89052 0.298848
2.89541 0.359765
2.90029 0.393159
2.90518 0.326087
2.91007 0.275703
2.91496 0.248267
2.91984 0.22833
2.92473 0.212578
2.92962 0.199365
2.93451 0.187652
2.93939 0.17731
2.94428 0.167956
2.94917 0.159652
2.95406 0.151949
2.95894 0.1446
2.96383 0.137643
2.96872 0.130998
2.97361 0.124856
2.97849 0.118925
2.98338 0.113094
2.98827 0.10722
2.99316 0.104583
2.99804 0.106306
3.00293 0.108474
3.00782 0.110328
3.01271 0.112338
3.0176 0.114564
3.02248 0.116577
3.02737 0.118523
3.03226 0.120765
3.03715 0.123085
3.04203 0.125313
3.04692 0.12766
3.05181 0.13018
3.0567 0.132482
3.06158 0.134866
3.06647 0.133368
3.07136 0.115384
3.07625 0.107541
3.08113 0.111383
3.08602 0.115597
3.09091 0.120078
3.0958 0.124683
3.10068 0.1293
3.10557 0.134131
3.11046 0.138882
3.11535 0.143703
3.12023 0.14884
3.12512 0.153943
3.13001 0.159161
3.1349 0.164712
3.13978 0.170435
3.14467 0.17619
3.14956 0.182374
3.15445 0.188596
3.15934 0.194946
3.16422 0.201773
3.16911 0.208584
3.174 0.215791
3.17889 0.223295
3.18377 0.231329
3.18866 0.23963
3.19355 0.24854
3.19844 0.257976
3.20332 0.267796
3.20821 0.278321
3.2131 0.288737
3.21799 0.300328
3.22287 0.31293
3.22776 0.326485
3.23265 0.341498
3.23754 0.357351
3.24242 0.374886
3.24731 0.393816
3.2522 0.415362
3.25709 0.439859
3.26197 0.467441
3.26686 0.500321
3.27175 0.539854
3.27664 0.588587
3.28153 0.653437
3.28641 0.748719
3.2913 0.925852
3.29619 1.20824
3.30108 1.24408
3.30596 1.01006
3.31085 0.911447
3.31574 0.863658
3.32063 0.839511
3.32551 0.838373
3.3304 0.88277
3.33529 0.928747
3.34018 0.802235
3.34506 0.719898
3.34995 0.670167
3.35484 0.634015
3.35973 0.605133
3.36461 0.581113
3.3695 0.561088
3.37439 0.542883
3.37928 0.527198
3.38416 0.512979
3.38905 0.500367
3.39394 0.488765
3.39883 0.477969
3.40371 0.46826
3.4086 0.459581
3.41349 0.450892
3.41838 0.443037
3.42326 0.435386
3.42815 0.428163
3.43304 0.421922
3.43793 0.414561
3.44282 0.356732
3.4477 0.264968
3.45259 0.0629681
3.45748 0.000817783
3.46237 0.000183006
3.46725 6.87756e-05
3.47214 3.51148e-05
3.47703 2.21565e-05
3.48192 1.27761e-05
3.4868 7.61543e-06
3.49169 6.25916e-06
3.49658 4.71279e-06
3.50147 1.74095e-06
3.50635 2.14125e-06
3.51124 2.00856e-06
3.51613 1.36156e-06
3.52102 7.93504e-07
3.5259 1.31976e-06
3.53079 -4.1262e-09
3.53568 9.83287e-07
3.54057 1.37706e-06
3.54545 4.94094e-07
3.55034 -9.80901e-08
3.55523 4.51716e-07
3.56012 8.46383e-07
3.56501 6.96807e-07
3.56989 1.48133e-06
3.57478 4.74689e-07
3.57967 -2.94088e-07
3.58456 -3.22925e-07
3.58944 1.16412e-07
3.59433 -4.28838e-07
3.59922 -3.40133e-07
3.60411 -1.58167e-06
3.60899 -2.10456e-06
3.61388 7.0583e-07
3.61877 5.68708e-07
3.62366 -2.57699e-07
3.62854 1.64465e-07
3.63343 3.14212e-06
3.63832 -1.06001e-06
3.64321 -9.66399e-07
3.64809 1.16531e-06
3.65298 -1.17489e-06
3.65787 3.33421e-07
3.66276 -7.83871e-07
3.66764 -4.75723e-07
3.67253 -4.44718e-07
3.67742 7.52656e-07
3.68231 3.3796e-07
3.68719 -1.96452e-06
3.69208 -1.141e-06
3.69697 -5.28325e-07
3.70186 3.44902e-07
3.70674 -3.32743e-07
3.71163 -1.67487e-07
3.71652 2.55006e-07
3.72141 1.16874e-06
3.7263 3.29165e-07
3.73118 2.30976e-06
3.73607 -1.79366e-06
3.74096 7.51167e-07
3.74585 3.82027e-07
3.75073 -7.97873e-07
3.75562 -4.49892e-07
3.76051 1.43888e-06
3.7654 1.09697e-06
3.77028 1.86008e-06
3.77517 2.44299e-08
3.78006 1.155e-06
3.78495 -6.57183e-08
3.78983 -5.60275e-07
3.79472 5.56437e-07
3.79961 -1.18134e-06
3.8045 -5.445e-09
3.80938 2.03197e-06
3.81427 5.87726e-07
3.81916 8.59938e-07
3.82405 6.87065e-07
3.82893 -6.03594e-07
3.83382 2.93851e-06
3.83871 5.76559e-07
3.8436 1.18706e-06
3.84848 -1.16565e-06
3.85337 2.80857e-07
3.85826 -1.13519e-07
3.86315 1.06753e-06
3.86804 1.43208e-08
3.87292 -5.17908e-08
3.87781 8.61707e-07
3.8827 3.48713e-07
3.88759 2.92164e-06
3.89247 6.0237e-07
3.89736 7.35604e-07
3.90225 -1.21138e-06
3.90714 3.82502e-07
3.91202 1.40065e-06
3.91691 -1.29327e-07
3.9218 -2.06053e-06
3.92669 -2.09913e-07
3.93157 -1.85989e-06
3.93646 -1.2994e-06
3.94135 3.108e-06
3.94624 -6.59808e-08
3.95112 3.21092e-06
3.95601 -3.79567e-06
3.9609 5.76468e-06
3.96579 2.55979e-06
3.97067 7.21718e-06
3.97556 -2.13524e-06
3.98045 2.12328e-05
3.98534 -6.25297e-06
3.99022 7.54013e-05
3.99511 0.000628861
4 0
