-3 -5.06008e-08
-2.9912 1.44803e-07
-2.9824 -1.18957e-08
-2.97361 -4.47728e-07
-2.96481 -6.79999e-07
-2.95601 -8.82176e-07
-2.94721 -8.69762e-07
-2.93842 -5.86796e-07
-2.92962 -2.41477e-07
-2.92082 -2.50463e-07
-2.91202 -2.56967e-07
-2.90323 -1.52379e-07
-2.89443 -3.73487e-07
-2.88563 -4.81973e-07
-2.87683 -7.48884e-07
-2.86804 -5.76253e-07
-2.85924 -1.49278e-07
-2.85044 2.21106e-07
-2.84164 2.06993e-07
-2.83284 5.24345e-08
-2.82405 -5.82409e-08
-2.81525 8.15258e-08
-2.80645 1.4132e-07
-2.79765 1.38569e-07
-2.78886 8.44397e-08
-2.78006 1.89498e-07
-2.77126 7.23588e-08
-2.76246 -1.77991e-07
-2.75367 -2.68614e-07
-2.74487 -2.24484e-07
-2.73607 -9.80321e-08
-2.72727 -8.65247e-08
-2.71848 -2.03489e-07
-2.70968 -3.27572e-07
-2.70088 -3.61062e-07
-2.69208 -3.79744e-07
-2.68328 6.51815e-08
-2.67449 2.31052e-07
-2.66569 2.36576e-07
-2.65689 3.35102e-07
-2.64809 3.52539e-07
-2.6393 2.10483e-07
-2.6305 1.73167e-07
-2.6217 1.00844e-07
-2.6129 -3.73935e-08
-2.60411 -7.52647e-08
-2.59531 -5.55204e-08
-2.58651 -2.22698e-08
-2.57771 -3.46814e-09
-2.56892 -5.24269e-08
-2.56012 -2.53817e-08
-2.55132 -2.35039e-07
-2.54252 -9.28114e-08
-2.53372 6.92791e-08
-2.52493 2.94581e-07
-2.51613 4.68691e-07
-2.50733 4.31647e-07
-2.49853 1.75693e-07
-2.48974 1.43379e-07
-2.48094 4.14359e-07
-2.47214 5.41634e-07
-2.46334 6.72191e-07
-2.45455 4.99287e-07
-2.44575 2.92522e-07
-2.43695 9.34064e-08
-2.42815 1.7245e-07
-2.41935 2.51292e-07
-2.41056 2.78516e-07
-2.40176 2.7958e-07
-2.39296 2.23438e-07
-2.38416 4.31057e-08
-2.37537 -2.8961e-09
-2.36657 1.66249e-10
-2.35777 1.34897e-07
-2.34897 3.56267e-07
-2.34018 4.47435e-07
-2.33138 4.85989e-07
-2.32258 4.47499e-07
-2.31378 5.36061e-07
-2.30499 7.02871e-07
-2.29619 9.53632e-07
-2.28739 9.38541e-07
-2.27859 8.358e-07
-2.26979 7.65807e-07
-2.261 8.56513e-07
-2.2522 8.16918e-07
-2.2434 1.49891e-06
-2.2346 1.88812e-06
-2.22581 2.19542e-06
-2.21701 3.10425e-06
-2.20821 3.41646e-06
-2.19941 4.3391e-06
-2.19062 6.39046e-06
-2.18182 7.07166e-06
-2.17302 1.25402e-05
-2.16422 1.85205e-05
-2.15543 2.16034e-05
-2.14663 5.55877e-05
-2.13783 8.52555e-05
-2.12903 0.000173577
-2.12023 0.00135398
-2.11144 0.00564337
-2.10264 0.013709
-2.09384 0.0229666
-2.08504 0.0296631
-2.07625 0.0325503
-2.06745 0.0331707
-2.05865 0.0332635
-2.04985 0.0333737
-2.04106 0.0334661
-2.03226 0.0335476
-2.02346 0.0336421
-2.01466 0.0337373
-2.00587 0.0338312
-1.99707 0.0339238
-1.98827 0.0340057
-1.97947 0.0340781
-1.97067 0.0341523
-1.96188 0.0342407
-1.95308 0.0343454
-1.94428 0.0344523
-1.93548 0.0345469
-1.92669 0.0346312
-1.91789 0.0347189
-1.90909 0.0348174
-1.90029 0.0349205
-1.8915 0.0350162
-1.8827 0.0351025
-1.8739 0.0351879
-1.8651 0.0352807
-1.85631 0.0353814
-1.84751 0.035485
-1.83871 0.0355918
-1.82991 0.0357021
-1.82111 0.0358067
-1.81232 0.0358989
-1.80352 0.0359855
-1.79472 0.0360775
-1.78592 0.0361855
-1.77713 0.036311
-1.76833 0.0364323
-1.75953 0.0365558
-1.75073 0.0367256
-1.74194 0.0368886
-1.73314 0.037153
-1.72434 0.0386956
-1.71554 0.0437726
-1.70674 0.0534824
-1.69795 0.0655484
-1.68915 0.0756497
-1.68035 0.0812405
-1.67155 0.083162
-1.66276 0.0836455
-1.65396 0.0839862
-1.64516 0.0843562
-1.63636 0.0846819
-1.62757 0.0849938
-1.61877 0.0853153
-1.60997 0.0856382
-1.60117 0.0859614
-1.59238 0.0862844
-1.58358 0.086616
-1.57478 0.0869655
-1.56598 0.0873266
-1.55718 0.0877154
-1.54839 0.0881438
-1.53959 0.088538
-1.53079 0.0890871
-1.52199 0.0909752
-1.5132 0.0961191
-1.5044 0.105208
-1.4956 0.11613
-1.4868 0.125274
-1.47801 0.13057
-1.46921 0.132701
-1.46041 0.133516
-1.45161 0.134158
-1.44282 0.134829
-1.43402 0.135479
-1.42522 0.13614
-1.41642 0.136839
-1.40762 0.137558
-1.39883 0.138278
-1.39003 0.138994
-1.38123 0.139715
-1.37243 0.140463
-1.36364 0.141249
-1.35484 0.142066
-1.34604 0.14289
-1.33724 0.143706
-1.32845 0.144514
-1.31965 0.145326
-1.31085 0.146163
-1.30205 0.147038
-1.29326 0.14796
-1.28446 0.148918
-1.27566 0.149895
-1.26686 0.150881
-1.25806 0.151885
-1.24927 0.152931
-1.24047 0.154025
-1.23167 0.155156
-1.22287 0.156308
-1.21408 0.157477
-1.20528 0.158672
-1.19648 0.159901
-1.18768 0.16117
-1.17889 0.162489
-1.17009 0.163878
-1.16129 0.165352
-1.15249 0.166913
-1.1437 0.168552
-1.1349 0.170254
-1.1261 0.172011
-1.1173 0.173827
-1.1085 0.175721
-1.09971 0.177722
-1.09091 0.179873
-1.08211 0.182214
-1.07331 0.184757
-1.06452 0.187504
-1.05572 0.190483
-1.04692 0.193748
-1.03812 0.197348
-1.02933 0.201383
-1.02053 0.206034
-1.01173 0.211457
-1.00293 0.21791
-0.994135 0.226353
-0.985337 0.238406
-0.97654 0.254226
-0.967742 0.26993
-0.958944 0.278602
-0.950147 0.275593
-0.941349 0.2627
-0.932551 0.246103
-0.923754 0.230527
-0.914956 0.216519
-0.906158 0.203012
-0.897361 0.190566
-0.888563 0.181127
-0.879766 0.175661
-0.870968 0.173239
-0.86217 0.172228
-0.853373 0.171617
-0.844575 0.171166
-0.835777 0.170908
-0.82698 0.17085
-0.818182 0.170961
-0.809384 0.171222
-0.800587 0.171631
-0.791789 0.172194
-0.782991 0.172929
-0.774194 0.173879
-0.765396 0.175111
-0.756598 0.176668
-0.747801 0.178625
-0.739003 0.181291
-0.730205 0.185227
-0.721408 0.190586
-0.71261 0.196205
-0.703812 0.199744
-0.695015 0.199305
-0.686217 0.195051
-0.677419 0.189057
-0.668622 0.183547
-0.659824 0.179468
-0.651026 0.176569
-0.642229 0.174314
-0.633431 0.172434
-0.624633 0.170856
-0.615836 0.169523
-0.607038 0.168375
-0.59824 0.167382
-0.589443 0.166528
-0.580645 0.165791
-0.571848 0.165153
-0.56305 0.164608
-0.554252 0.164153
-0.545455 0.163779
-0.536657 0.16348
-0.527859 0.163259
-0.519062 0.16312
-0.510264 0.163069
-0.501466 0.163101
-0.492669 0.163203
-0.483871 0.163362
-0.475073 0.163572
-0.466276 0.163843
-0.457478 0.164183
-0.44868 0.164599
-0.439883 0.1651
-0.431085 0.165701
-0.422287 0.166409
-0.41349 0.16722
-0.404692 0.168137
-0.395895 0.169181
-0.387097 0.170373
-0.378299 0.171744
-0.369502 0.173349
-0.360704 0.175245
-0.351906 0.177497
-0.343109 0.180316
-0.334311 0.18417
-0.325513 0.189415
-0.316716 0.19549
-0.307918 0.200577
-0.29912 0.202542
-0.290323 0.200575
-0.281525 0.195873
-0.272727 0.190636
-0.26393 0.186461
-0.255132 0.183668
-0.246334 0.181826
-0.237537 0.180516
-0.228739 0.179581
-0.219941 0.178983
-0.211144 0.178696
-0.202346 0.178705
-0.193548 0.179009
-0.184751 0.179604
-0.175953 0.180515
-0.167155 0.181813
-0.158358 0.183569
-0.14956 0.185917
-0.140762 0.189299
-0.131965 0.194422
-0.123167 0.201436
-0.11437 0.208846
-0.105572 0.213631
-0.0967743 0.213118
-0.0879767 0.207106
-0.0791788 0.198037
-0.0703813 0.189041
-0.0615838 0.181869
-0.0527859 0.176521
-0.0439883 0.172262
-0.0351908 0.168579
-0.0263929 0.16531
-0.0175953 0.16239
-0.00879776 0.159731
1.19209e-07 0.157263
0.00879765 0.15496
0.0175952 0.152809
0.0263931 0.150791
0.0351906 0.148892
0.0439882 0.147094
0.0527858 0.145376
0.0615836 0.143721
0.0703812 0.142126
0.0791787 0.140597
0.0879766 0.139134
0.0967741 0.137728
0.105572 0.136364
0.11437 0.135035
0.123167 0.133744
0.131965 0.1325
0.140763 0.131304
0.14956 0.130147
0.158358 0.129015
0.167155 0.127902
0.175953 0.126808
0.184751 0.125738
0.193548 0.124697
0.202346 0.123684
0.211144 0.122693
0.219941 0.121722
0.228739 0.120772
0.237537 0.119852
0.246334 0.118959
0.255132 0.118086
0.26393 0.117223
0.272727 0.116369
0.281525 0.115524
0.290323 0.114692
0.29912 0.113876
0.307918 0.113076
0.316716 0.112295
0.325513 0.111526
0.334311 0.110763
0.343109 0.110002
0.351906 0.109248
0.360704 0.108508
0.369501 0.107783
0.378299 0.107074
0.387097 0.106383
0.395894 0.105708
0.404692 0.105042
0.41349 0.104381
0.422287 0.103728
0.431085 0.103069
0.439883 0.102387
0.44868 0.101714
0.457478 0.101069
0.466276 0.100137
0.475073 0.0979815
0.483871 0.0933803
0.492669 0.0858583
0.501466 0.0765108
0.510264 0.0676118
0.519062 0.061162
0.527859 0.0576839
0.536657 0.0563068
0.545455 0.0557991
0.554252 0.0554224
0.56305 0.0550111
0.571847 0.0546152
0.580645 0.0542532
0.589443 0.053901
0.59824 0.0535438
0.607038 0.0531845
0.615836 0.0528295
0.624633 0.0524774
0.633431 0.0521199
0.642229 0.0517683
0.651026 0.0514402
0.659824 0.0509966
0.668622 0.0499326
0.677419 0.04748
0.686217 0.0431802
0.695015 0.0374916
0.703812 0.031742
0.71261 0.0273162
0.721408 0.0247882
0.730205 0.0237695
0.739003 0.023474
0.7478 0.0233376
0.756598 0.0231864
0.765396 0.0230391
0.774193 0.0229113
0.782991 0.0227853
0.791789 0.0226524
0.800586 0.0225216
0.809384 0.0223998
0.818182 0.0222843
0.826979 0.0221685
0.835777 0.0220478
0.844575 0.0219221
0.853372 0.0217964
0.86217 0.021676
0.870968 0.0215602
0.879765 0.0214451
0.888563 0.0213275
0.897361 0.0212092
0.906158 0.0210942
0.914956 0.0209847
0.923753 0.0208793
0.932551 0.0207757
0.941349 0.0206759
0.950146 0.0205806
0.958944 0.0204787
0.967742 0.0203695
0.976539 0.0203294
0.985337 0.0205521
0.994135 0.0212591
1.00293 0.0225049
1.01173 0.0240594
1.02053 0.0255096
1.02933 0.026513
1.03812 0.0269924
1.04692 0.0271236
1.05572 0.0271345
1.06452 0.0270356
1.07331 0.0264698
1.08211 0.0248703
1.09091 0.0219248
1.09971 0.0179956
1.1085 0.0140519
1.1173 0.011078
1.1261 0.00946862
1.1349 0.00893718
1.14369 0.00892034
1.15249 0.00901642
1.16129 0.0090999
1.17009 0.00918121
1.17889 0.00927071
1.18768 0.00935843
1.19648 0.00944156
1.20528 0.00952817
1.21408 0.00962368
1.22287 0.0097281
1.23167 0.00983779
1.24047 0.00994753
1.24927 0.0100523
1.25806 0.0101494
1.26686 0.0102416
1.27566 0.0103321
1.28446 0.010424
1.29325 0.0105189
1.30205 0.0106165
1.31085 0.010715
1.31965 0.0108112
1.32845 0.0109049
1.33724 0.0109985
1.34604 0.0110948
1.35484 0.0111936
1.36364 0.0112932
1.37243 0.0113911
1.38123 0.0114862
1.39003 0.0115798
1.39883 0.0116739
1.40762 0.0117701
1.41642 0.0118687
1.42522 0.0119691
1.43402 0.0120709
1.44282 0.0121739
1.45161 0.0122778
1.46041 0.0123812
1.46921 0.0124833
1.47801 0.0125843
1.4868 0.0126852
1.4956 0.0127859
1.5044 0.0128849
1.5132 0.0129808
1.52199 0.0130738
1.53079 0.0131654
1.53959 0.0132576
1.54839 0.0133519
1.55718 0.0134491
1.56598 0.0135505
1.57478 0.013655
1.58358 0.0137593
1.59238 0.0138597
1.60117 0.013956
1.60997 0.0140511
1.61877 0.014149
1.62757 0.0142521
1.63636 0.014359
1.64516 0.0144675
1.65396 0.0145745
1.66276 0.0146788
1.67155 0.0147796
1.68035 0.014877
1.68915 0.0149725
1.69795 0.0150685
1.70674 0.0151673
1.71554 0.0152702
1.72434 0.0153774
1.73314 0.0154878
1.74194 0.015599
1.75073 0.0157077
1.75953 0.0158124
1.76833 0.0159136
1.77713 0.0160147
1.78592 0.0161194
1.79472 0.0162286
1.80352 0.0163391
1.81232 0.0164469
1.82111 0.0165519
1.82991 0.0166569
1.83871 0.0167635
1.84751 0.0168699
1.8563 0.016973
1.8651 0.0170729
1.8739 0.0171744
1.8827 0.017282
1.8915 0.0173964
1.90029 0.0175145
1.90909 0.0176343
1.91789 0.0177552
1.92669 0.0178775
1.93548 0.0179996
1.94428 0.0181195
1.95308 0.018236
1.96188 0.0183494
1.97067 0.0184611
1.97947 0.0185722
1.98827 0.018684
1.99707 0.0187977
2.00587 0.0189134
2.01466 0.019031
2.02346 0.0191494
2.03226 0.0192681
2.04106 0.0193873
2.04985 0.0195072
2.05865 0.0196291
2.06745 0.0197529
2.07625 0.0198786
2.08504 0.0200055
2.09384 0.0201335
2.10264 0.0202616
2.11144 0.020388
2.12023 0.0205112
2.12903 0.0206322
2.13783 0.0207553
2.14663 0.0208853
2.15543 0.0210232
2.16422 0.0211644
2.17302 0.021303
2.18182 0.0214357
2.19062 0.0215636
2.19941 0.0216894
2.20821 0.0218166
2.21701 0.021948
2.22581 0.0220847
2.2346 0.0222269
2.2434 0.0223742
2.2522 0.0225258
2.261 0.0226803
2.26979 0.0228339
2.27859 0.0229824
2.28739 0.0231252
2.29619 0.0232661
2.30499 0.0234099
2.31378 0.0235573
2.32258 0.023705
2.33138 0.0238507
2.34018 0.0239963
2.34897 0.0241458
2.35777 0.0243017
2.36657 0.0244635
2.37537 0.0246296
2.38416 0.0247988
2.39296 0.0249695
2.40176 0.0251402
2.41056 0.0253096
2.41935 0.025478
2.42815 0.025647
2.43695 0.0258191
2.44575 0.0259953
2.45455 0.026175
2.46334 0.0263575
2.47214 0.0265433
2.48094 0.0267338
2.48974 0.0269284
2.49853 0.0271239
2.50733 0.0273166
2.51613 0.0275046
2.52493 0.0276901
2.53372 0.0278759
2.54252 0.028065
2.55132 0.0282577
2.56012 0.028454
2.56891 0.0286542
2.57771 0.0288611
2.58651 0.0290778
2.59531 0.029305
2.60411 0.0295386
2.6129 0.0297743
2.6217 0.0300096
2.6305 0.0302468
2.6393 0.0304881
2.64809 0.0307333
2.65689 0.0309823
2.66569 0.0312371
2.67449 0.0315015
2.68328 0.0317774
2.69208 0.0320616
2.70088 0.0323473
2.70968 0.0326289
2.71848 0.0329063
2.72727 0.0331855
2.73607 0.0334751
2.74487 0.0337789
2.75367 0.0340941
2.76246 0.0344144
2.77126 0.0347402
2.78006 0.0350761
2.78886 0.0354277
2.79765 0.0357947
2.80645 0.0361755
2.81525 0.036572
2.82405 0.0369892
2.83284 0.0374286
2.84164 0.0378856
2.85044 0.0383544
2.85924 0.0388342
2.86803 0.0393336
2.87683 0.0398651
2.88563 0.040434
2.89443 0.0410409
2.90323 0.0416873
2.91202 0.0423805
2.92082 0.0431312
2.92962 0.0439601
2.93842 0.0448949
2.94721 0.0459571
2.95601 0.0471845
2.96481 0.0487204
2.97361 0.0508116
2.9824 0.0535277
2.9912 0.0563751
3 0.0583345
3.0088 0.0585286
3.0176 0.0569529
3.02639 0.0544807
3.03519 0.0521375
3.04399 0.050421
3.05279 0.0492567
3.06158 0.0483912
3.07038 0.0476797
3.07918 0.0470887
3.08798 0.0466044
3.09677 0.0462033
3.10557 0.0458656
3.11437 0.045578
3.12317 0.0453301
3.13196 0.0451181
3.14076 0.044942
3.14956 0.0448002
3.15836 0.0446883
3.16716 0.0446018
3.17595 0.0445385
3.18475 0.0444977
3.19355 0.0444775
3.20235 0.0444752
3.21114 0.0444881
3.21994 0.0445184
3.22874 0.0445748
3.23754 0.0446642
3.24633 0.044785
3.25513 0.0449294
3.26393 0.0450922
3.27273 0.0452776
3.28153 0.0454945
3.29032 0.0457493
3.29912 0.0460473
3.30792 0.0463924
3.31672 0.0467874
3.32551 0.04724
3.33431 0.0477734
3.34311 0.0484133
3.35191 0.0491815
3.3607 0.0501615
3.3695 0.0515564
3.3783 0.0535227
3.3871 0.0557865
3.39589 0.0575103
3.40469 0.0577995
3.41349 0.0564654
3.42229 0.0541988
3.43108 0.0519501
3.43988 0.0502223
3.44868 0.0489706
3.45748 0.0479745
3.46628 0.0471179
3.47507 0.0463808
3.48387 0.0457442
3.49267 0.0451792
3.50147 0.0446678
3.51026 0.0442026
3.51906 0.0437746
3.52786 0.0433742
3.53666 0.0429935
3.54545 0.0426281
3.55425 0.0422801
3.56305 0.0419534
3.57185 0.0416494
3.58065 0.0413619
3.58944 0.0410816
3.59824 0.0408031
3.60704 0.0405293
3.61584 0.0402671
3.62463 0.0400221
3.63343 0.0397935
3.64223 0.0395759
3.65103 0.0393628
3.65982 0.0391499
3.66862 0.0389361
3.67742 0.0387242
3.68622 0.038518
3.69501 0.0383213
3.70381 0.038137
3.71261 0.0379655
3.72141 0.0378026
3.73021 0.037642
3.739 0.0374783
3.7478 0.0373105
3.7566 0.037141
3.7654 0.0369755
3.77419 0.0368199
3.78299 0.036674
3.79179 0.036532
3.80059 0.0363887
3.80938 0.0362469
3.81818 0.0361117
3.82698 0.0359821
3.83578 0.0358522
3.84457 0.0357199
3.85337 0.0355895
3.86217 0.0354638
3.87097 0.0353399
3.87977 0.0352133
3.88856 0.035085
3.89736 0.0349593
3.90616 0.0348375
3.91496 0.0347197
3.92375 0.034604
3.93255 0.0344911
3.94135 0.0343819
3.95015 0.0342779
3.95894 0.0341798
3.96774 0.0340831
3.97654 0.0339802
3.98534 0.033871
3.99413 0.0337647
4.00293 0.0336657
4.01173 0.0335679
4.02053 0.033463
4.02933 0.0333537
4.03812 0.0332505
4.04692 0.03316
4.05572 0.0330801
4.06452 0.0330028
4.07331 0.0329193
4.08211 0.0328238
4.09091 0.03272
4.09971 0.0326181
4.1085 0.0325254
4.1173 0.0324413
4.1261 0.0323577
4.1349 0.032269
4.14369 0.0321765
4.15249 0.0320874
4.16129 0.0320081
4.17009 0.031936
4.17889 0.0318618
4.18768 0.0317772
4.19648 0.0316802
4.20528 0.0315794
4.21408 0.0314874
4.22287 0.0314124
4.23167 0.0313487
4.24047 0.0312818
4.24927 0.0312053
4.25806 0.0311274
4.26686 0.0310567
4.27566 0.0309908
4.28446 0.0309241
4.29326 0.0308563
4.30205 0.0307894
4.31085 0.0307213
4.31965 0.0306515
4.32845 0.0305858
4.33724 0.0305298
4.34604 0.0304782
4.35484 0.0304196
4.36364 0.0303472
4.37243 0.030265
4.38123 0.0301835
4.39003 0.0301137
4.39883 0.0300552
4.40762 0.0299959
4.41642 0.0299246
4.42522 0.0298463
4.43402 0.0297759
4.44281 0.0297197
4.45161 0.0296682
4.46041 0.0296099
4.46921 0.0295462
4.47801 0.029487
4.4868 0.0294382
4.4956 0.0293964
4.5044 0.0293565
4.5132 0.0293159
4.52199 0.0292727
4.53079 0.0292221
4.53959 0.0291614
4.54839 0.0290941
4.55718 0.0290259
4.56598 0.0289569
4.57478 0.0288828
4.58358 0.0288093
4.59238 0.0287488
4.60117 0.028705
4.60997 0.0286661
4.61877 0.0286219
4.62757 0.0285719
4.63636 0.0285151
4.64516 0.0284508
4.65396 0.0283859
4.66276 0.0283263
4.67155 0.0282667
4.68035 0.0282021
4.68915 0.0281397
4.69795 0.0280879
4.70675 0.0280448
4.71554 0.0280052
4.72434 0.0279668
4.73314 0.0279241
4.74194 0.0278715
4.75073 0.0278142
4.75953 0.0277622
4.76833 0.0277165
4.77713 0.0276674
4.78592 0.0276122
4.79472 0.0275585
4.80352 0.0275142
4.81232 0.0274782
4.82111 0.0274437
4.82991 0.0274035
4.83871 0.0273528
4.84751 0.0272874
4.85631 0.0272148
4.8651 0.0271544
4.8739 0.0271192
4.8827 0.0271028
4.8915 0.0270851
4.90029 0.0270481
4.90909 0.0269892
4.91789 0.0269237
4.92669 0.02687
4.93548 0.026831
4.94428 0.0267954
4.95308 0.0267553
4.96188 0.0267171
4.97067 0.0266885
4.97947 0.0266569
4.98827 0.0266006
4.99707 0.026527
5.00587 0.0264679
5.01466 0.0264346
5.02346 0.0264098
5.03226 0.0263834
5.04106 0.0263571
5.04985 0.0263208
5.05865 0.026266
5.06745 0.0262066
5.07625 0.0261588
5.08504 0.026115
5.09384 0.0260589
5.10264 0.0259946
5.11144 0.0259422
5.12023 0.0259091
5.12903 0.0258857
5.13783 0.0258555
5.14663 0.0258097
5.15543 0.0257616
5.16422 0.0257306
5.17302 0.0257073
5.18182 0.0256714
5.19062 0.0256365
5.19941 0.0256217
5.20821 0.0256029
5.21701 0.0255548
5.22581 0.0255016
5.2346 0.0254702
5.2434 0.0254425
5.2522 0.0253973
5.261 0.025342
5.26979 0.0252976
5.27859 0.0252662
5.28739 0.0252288
5.29619 0.0251789
5.30499 0.0251277
5.31378 0.0250794
5.32258 0.0250315
5.33138 0.0249963
5.34018 0.0249795
5.34897 0.0249627
5.35777 0.0249267
5.36657 0.0248418
5.37537 0.0247828
5.38416 0.0240949
5.39296 0.0202444
5.40176 0.0122397
5.41056 0.00432046
5.41935 0.000646153
5.42815 6.82367e-05
5.43695 4.99736e-05
5.44575 1.57402e-05
5.45455 1.2924e-05
5.46334 6.12976e-06
5.47214 5.20894e-06
5.48094 3.40474e-06
5.48974 2.3619e-06
5.49853 1.49277e-06
5.50733 9.68471e-07
5.51613 7.70831e-07
5.52493 7.72807e-07
5.53372 5.95079e-07
5.54252 5.77982e-07
5.55132 1.69165e-07
5.56012 2.97257e-07
5.56891 5.48009e-07
5.57771 6.50433e-07
5.58651 7.3041e-07
5.59531 4.58906e-07
5.60411 2.81725e-07
5.6129 1.68586e-08
5.6217 2.48519e-09
5.6305 2.85238e-07
5.6393 -7.37125e-08
5.64809 5.4289e-08
5.65689 -6.93067e-08
5.66569 1.13355e-07
5.67449 7.17895e-08
5.68328 3.85778e-07
5.69208 -1.24717e-07
5.70088 -3.03279e-07
5.70968 -2.52296e-08
5.71848 2.90191e-07
5.72727 1.82845e-09
5.73607 5.01572e-08
5.74487 3.97752e-07
5.75367 6.35576e-07
5.76246 4.66613e-07
5.77126 1.33693e-07
5.78006 -3.69134e-08
5.78886 -1.38357e-07
5.79765 -2.95697e-07
5.80645 -2.01697e-08
5.81525 7.65239e-08
5.82405 -6.54897e-09
5.83284 1.24378e-07
5.84164 -5.0365e-08
5.85044 -9.56263e-08
5.85924 -5.03434e-07
5.86804 -7.65942e-08
5.87683 -2.601e-07
5.88563 -3.88774e-07
5.89443 -7.37699e-08
5.90323 -2.74546e-08
5.91202 -6.74427e-09
5.92082 1.71188e-07
5.92962 2.83732e-07
5.93842 2.87213e-07
5.94721 4.02077e-07
5.95601 -2.88939e-07
5.96481 -2.66871e-07
5.97361 -5.53735e-07
5.9824 -3.41288e-07
5.9912 -5.59577e-07
6 -3.50961e-07
