-3 -3.49929e-08
-2.9912 -1.57048e-07
-2.9824 -2.2981e-07
-2.97361 -3.82698e-07
-2.96481 -2.43395e-07
-2.95601 -1.52261e-07
-2.94721 -3.38762e-07
-2.93842 -3.89236e-07
-2.92962 -3.39072e-07
-2.92082 -1.71087e-07
-2.91202 -4.49444e-08
-2.90323 1.50068e-07
-2.89443 1.9676e-07
-2.88563 2.87867e-07
-2.87683 3.85007e-07
-2.86804 2.64716e-07
-2.85924 3.30295e-07
-2.85044 3.4786e-07
-2.84164 3.15887e-07
-2.83284 2.82395e-07
-2.82405 3.95614e-07
-2.81525 1.23039e-07
-2.80645 1.58116e-07
-2.79765 2.04575e-07
-2.78886 2.40224e-07
-2.78006 2.66223e-07
-2.77126 1.82831e-07
-2.76246 -1.0122e-07
-2.75367 -2.42028e-07
-2.74487 -4.30381e-07
-2.73607 -3.02716e-07
-2.72727 -4.99017e-08
-2.71848 1.36002e-07
-2.70968 2.85696e-07
-2.70088 4.66867e-07
-2.69208 4.04879e-07
-2.68328 2.16346e-07
-2.67449 1.37043e-07
-2.66569 9.456e-08
-2.65689 2.56879e-07
-2.64809 3.48021e-07
-2.6393 3.41736e-07
-2.6305 1.58199e-07
-2.6217 -1.22409e-07
-2.6129 -1.80984e-07
-2.60411 -1.7672e-07
-2.59531 -1.01071e-07
-2.58651 -2.13716e-07
-2.57771 -1.80145e-07
-2.56892 -1.2185e-07
-2.56012 2.37263e-08
-2.55132 1.32051e-07
-2.54252 4.17092e-07
-2.53372 3.42243e-07
-2.52493 6.18315e-07
-2.51613 7.17907e-07
-2.50733 5.01258e-07
-2.49853 3.96634e-07
-2.48974 2.04073e-07
-2.48094 1.3463e-07
-2.47214 1.21455e-07
-2.46334 3.29663e-07
-2.45455 1.85645e-07
-2.44575 1.52773e-07
-2.43695 -7.53009e-08
-2.42815 -8.76779e-08
-2.41935 -4.26322e-08
-2.41056 -1.30031e-07
-2.40176 4.93303e-08
-2.39296 1.69504e-07
-2.38416 3.3929e-07
-2.37537 2.12523e-07
-2.36657 4.20538e-08
-2.35777 3.30488e-08
-2.34897 8.1467e-08
-2.34018 2.85594e-08
-2.33138 6.44885e-08
-2.32258 2.74715e-08
-2.31378 1.35709e-07
-2.30499 1.5787e-07
-2.29619 2.71307e-07
-2.28739 4.02195e-07
-2.27859 7.526e-07
-2.26979 7.44823e-07
-2.261 6.98454e-07
-2.2522 6.93922e-07
-2.2434 4.84604e-07
-2.2346 5.19775e-07
-2.22581 6.18645e-07
-2.21701 5.27239e-07
-2.20821 8.2701e-07
-2.19941 1.05655e-06
-2.19062 1.06969e-06
-2.18182 1.16743e-06
-2.17302 1.46482e-06
-2.16422 1.66352e-06
-2.15543 1.64595e-06
-2.14663 2.18489e-06
-2.13783 2.44658e-06
-2.12903 2.63166e-06
-2.12023 3.70548e-06
-2.11144 3.90509e-06
-2.10264 4.96719e-06
-2.09384 7.57872e-06
-2.08504 7.92517e-06
-2.07625 1.28413e-05
-2.06745 2.0773e-05
-2.05865 2.30484e-05
-2.04985 5.37009e-05
-2.04106 9.75545e-05
-2.03226 0.000135474
-2.02346 0.000972317
-2.01466 0.00471777
-2.00587 0.0128536
-1.99707 0.0235484
-1.98827 0.0325618
-1.97947 0.0373133
-1.97067 0.0387065
-1.96188 0.0389308
-1.95308 0.0391006
-1.94428 0.0392886
-1.93548 0.0394381
-1.92669 0.0395845
-1.91789 0.0397322
-1.90909 0.0398763
-1.90029 0.040027
-1.8915 0.0401784
-1.8827 0.0403269
-1.8739 0.0404824
-1.8651 0.0406357
-1.85631 0.0408009
-1.84751 0.0410144
-1.83871 0.0412007
-1.82991 0.0415262
-1.82111 0.0434144
-1.81232 0.049342
-1.80352 0.0601503
-1.79472 0.0728917
-1.78592 0.0829006
-1.77713 0.0880147
-1.76833 0.0896404
-1.75953 0.0901268
-1.75073 0.0905633
-1.74194 0.0910074
-1.73314 0.0914168
-1.72434 0.0918449
-1.71554 0.0923047
-1.70674 0.0927806
-1.69795 0.0932635
-1.68915 0.0937409
-1.68035 0.0942164
-1.67155 0.0947142
-1.66276 0.0952405
-1.65396 0.0957741
-1.64516 0.0962984
-1.63636 0.0968205
-1.62757 0.0973558
-1.61877 0.0979029
-1.60997 0.0984524
-1.60117 0.0990115
-1.59238 0.0995992
-1.58358 0.100223
-1.57478 0.100872
-1.56598 0.101531
-1.55718 0.102197
-1.54839 0.102878
-1.53959 0.103586
-1.53079 0.104328
-1.52199 0.105097
-1.5132 0.105874
-1.5044 0.106656
-1.4956 0.107465
-1.4868 0.108327
-1.47801 0.109244
-1.46921 0.110203
-1.46041 0.111188
-1.45161 0.11219
-1.44282 0.113211
-1.43402 0.114263
-1.42522 0.115359
-1.41642 0.116513
-1.40762 0.117733
-1.39883 0.119032
-1.39003 0.120413
-1.38123 0.121873
-1.37243 0.123408
-1.36364 0.125022
-1.35484 0.126729
-1.34604 0.128554
-1.33724 0.130515
-1.32845 0.132637
-1.31965 0.13496
-1.31085 0.137506
-1.30205 0.1403
-1.29326 0.143398
-1.28446 0.146862
-1.27566 0.150749
-1.26686 0.155242
-1.25806 0.160613
-1.24927 0.167066
-1.24047 0.175364
-1.23167 0.187963
-1.22287 0.207678
-1.21408 0.232926
-1.20528 0.255062
-1.19648 0.263657
-1.18768 0.255705
-1.17889 0.238122
-1.17009 0.220716
-1.16129 0.208401
-1.15249 0.200463
-1.1437 0.194672
-1.1349 0.189966
-1.1261 0.186129
-1.1173 0.18296
-1.1085 0.180239
-1.09971 0.177865
-1.09091 0.175776
-1.08211 0.173913
-1.07331 0.172254
-1.06452 0.170798
-1.05572 0.169526
-1.04692 0.168405
-1.03812 0.167404
-1.02933 0.166499
-1.02053 0.165674
-1.01173 0.164936
-1.00293 0.164296
-0.994135 0.163753
-0.985337 0.163296
-0.97654 0.162901
-0.967742 0.162554
-0.958944 0.162262
-0.950147 0.162036
-0.941349 0.161872
-0.932551 0.161748
-0.923754 0.161657
-0.914956 0.161616
-0.906158 0.161648
-0.897361 0.161755
-0.888563 0.161916
-0.879766 0.162113
-0.870968 0.162341
-0.86217 0.162609
-0.853373 0.162924
-0.844575 0.163289
-0.835777 0.163713
-0.82698 0.164201
-0.818182 0.164746
-0.809384 0.165333
-0.800587 0.165959
-0.791789 0.166633
-0.782991 0.167374
-0.774194 0.168195
-0.765396 0.169103
-0.756598 0.170101
-0.747801 0.171195
-0.739003 0.172385
-0.730205 0.173676
-0.721408 0.175081
-0.71261 0.176613
-0.703812 0.178288
-0.695015 0.180125
-0.686217 0.182141
-0.677419 0.18437
-0.668622 0.186898
-0.659824 0.189811
-0.651026 0.193195
-0.642229 0.197365
-0.633431 0.203044
-0.624633 0.210785
-0.615836 0.219678
-0.607038 0.226877
-0.59824 0.229215
-0.589443 0.225752
-0.580645 0.2186
-0.571848 0.211092
-0.56305 0.205344
-0.554252 0.201538
-0.545455 0.198949
-0.536657 0.197028
-0.527859 0.195605
-0.519062 0.194617
-0.510264 0.193994
-0.501466 0.193703
-0.492669 0.193745
-0.483871 0.194101
-0.475073 0.194777
-0.466276 0.19584
-0.457478 0.197365
-0.44868 0.199478
-0.439883 0.202613
-0.431085 0.207513
-0.422287 0.21439
-0.41349 0.221754
-0.404692 0.226512
-0.395895 0.225968
-0.387097 0.220026
-0.378299 0.211261
-0.369502 0.202789
-0.360704 0.196205
-0.351906 0.191375
-0.343109 0.187555
-0.334311 0.18428
-0.325513 0.18141
-0.316716 0.178873
-0.307918 0.176579
-0.29912 0.174473
-0.290323 0.172536
-0.281525 0.170754
-0.272727 0.169113
-0.26393 0.167599
-0.255132 0.166191
-0.246334 0.164866
-0.237537 0.163613
-0.228739 0.162429
-0.219941 0.161315
-0.211144 0.160271
-0.202346 0.159295
-0.193548 0.158385
-0.184751 0.157531
-0.175953 0.156723
-0.167155 0.155959
-0.158358 0.155246
-0.14956 0.154588
-0.140762 0.153981
-0.131965 0.153419
-0.123167 0.152894
-0.11437 0.152401
-0.105572 0.151939
-0.0967743 0.151507
-0.0879767 0.151112
-0.0791788 0.150763
-0.0703813 0.15047
-0.0615838 0.150228
-0.0527859 0.150022
-0.0439883 0.149844
-0.0351908 0.149695
-0.0263929 0.149582
-0.0175953 0.149511
-0.00879776 0.14949
1.19209e-07 0.149527
0.00879765 0.149627
0.0175952 0.14979
0.0263931 0.150011
0.0351906 0.150288
0.0439882 0.150626
0.0527858 0.151036
0.0615836 0.151534
0.0703812 0.152132
0.0791787 0.152835
0.0879766 0.153661
0.0967741 0.154623
0.105572 0.155726
0.11437 0.156993
0.123167 0.158492
0.131965 0.160292
0.140763 0.162428
0.14956 0.16506
0.158358 0.168606
0.167155 0.173253
0.175953 0.177837
0.184751 0.179392
0.193548 0.174659
0.202346 0.162792
0.211144 0.146608
0.219941 0.130815
0.228739 0.118828
0.237537 0.11114
0.246334 0.106272
0.255132 0.102672
0.26393 0.0996286
0.272727 0.0969982
0.281525 0.0947108
0.290323 0.092658
0.29912 0.0907772
0.307918 0.089056
0.316716 0.0874801
0.325513 0.0860235
0.334311 0.0846676
0.343109 0.0833999
0.351906 0.0822048
0.360704 0.0810675
0.369501 0.0799787
0.378299 0.0789321
0.387097 0.0779232
0.395894 0.0769537
0.404692 0.0760292
0.41349 0.0751511
0.422287 0.0743134
0.431085 0.0735054
0.439883 0.0727186
0.44868 0.0719512
0.457478 0.0712065
0.466276 0.0704875
0.475073 0.0697944
0.483871 0.069124
0.492669 0.068473
0.501466 0.067834
0.510264 0.0671999
0.519062 0.0665676
0.527859 0.065944
0.536657 0.0653409
0.545455 0.0647653
0.554252 0.0642153
0.56305 0.0636846
0.571847 0.0631666
0.580645 0.0626564
0.589443 0.0621485
0.59824 0.0616392
0.607038 0.0611303
0.615836 0.0606296
0.624633 0.0601441
0.633431 0.0596724
0.642229 0.0592059
0.651026 0.058738
0.659824 0.0582709
0.668622 0.0578128
0.677419 0.0573716
0.686217 0.0569494
0.695015 0.0565366
0.703812 0.0561205
0.71261 0.0556985
0.721408 0.0552787
0.730205 0.054859
0.739003 0.0544294
0.7478 0.0540085
0.756598 0.0536131
0.765396 0.0530603
0.774193 0.0517737
0.782991 0.048962
0.791789 0.0442566
0.800586 0.0382762
0.809384 0.0324516
0.818182 0.0281311
0.826979 0.0257592
0.835777 0.024839
0.844575 0.0245638
0.853372 0.0244066
0.86217 0.0242254
0.870968 0.0240447
0.879765 0.0238799
0.888563 0.0237199
0.897361 0.0235586
0.906158 0.0233987
0.914956 0.023244
0.923753 0.0230939
0.932551 0.0229392
0.941349 0.0227781
0.950146 0.0226334
0.958944 0.022476
0.967742 0.0220352
0.976539 0.020726
0.985337 0.0179625
0.994135 0.0137276
1.00293 0.00884489
1.01173 0.00456272
1.02053 0.00175415
1.02933 0.000455131
1.03812 9.29711e-05
1.04692 5.76285e-05
1.05572 4.82876e-05
1.06452 2.50502e-05
1.07331 1.37085e-05
1.08211 1.27843e-05
1.09091 1.0483e-05
1.09971 6.63244e-06
1.1085 5.4172e-06
1.1173 5.36977e-06
1.1261 4.2672e-06
1.1349 3.20499e-06
1.14369 3.25277e-06
1.15249 3.15154e-06
1.16129 2.6595e-06
1.17009 2.45103e-06
1.17889 2.6494e-06
1.18768 2.60834e-06
1.19648 2.37703e-06
1.20528 3.11236e-06
1.21408 4.40186e-06
1.22287 4.70137e-06
1.23167 6.07206e-06
1.24047 1.198e-05
1.24927 1.85252e-05
1.25806 2.01496e-05
1.26686 5.87435e-05
1.27566 0.000278212
1.28446 0.000890363
1.29325 0.00201758
1.30205 0.00353482
1.31085 0.00508696
1.31965 0.0063057
1.32845 0.00703568
1.33724 0.00737374
1.34604 0.00752236
1.35484 0.00762794
1.36364 0.00773713
1.37243 0.00784682
1.38123 0.00795367
1.39003 0.00806299
1.39883 0.00817691
1.40762 0.00829295
1.41642 0.00840763
1.42522 0.00851919
1.43402 0.00862767
1.44282 0.00873502
1.45161 0.00884405
1.46041 0.00895522
1.46921 0.00906638
1.47801 0.00917563
1.4868 0.00928419
1.4956 0.00939439
1.5044 0.00950786
1.5132 0.00962375
1.52199 0.00974057
1.53079 0.00985749
1.53959 0.00997538
1.54839 0.010095
1.55718 0.0102155
1.56598 0.0103345
1.57478 0.0104493
1.58358 0.0105594
1.59238 0.0106672
1.60117 0.0107758
1.60997 0.0108859
1.61877 0.0109971
1.62757 0.0111084
1.63636 0.01122
1.64516 0.0113333
1.65396 0.0114504
1.66276 0.0115715
1.67155 0.0116948
1.68035 0.011818
1.68915 0.0119401
1.69795 0.0120613
1.70674 0.0121833
1.71554 0.012306
1.72434 0.0124273
1.73314 0.0125449
1.74194 0.0126594
1.75073 0.012774
1.75953 0.0128927
1.76833 0.0130176
1.77713 0.0131471
1.78592 0.0132785
1.79472 0.0134091
1.80352 0.0135377
1.81232 0.0136641
1.82111 0.0137893
1.82991 0.0139135
1.83871 0.0140361
1.84751 0.014157
1.8563 0.0142774
1.8651 0.0144005
1.8739 0.0145292
1.8827 0.0146635
1.8915 0.0147996
1.90029 0.0149331
1.90909 0.0150623
1.91789 0.0151891
1.92669 0.0153166
1.93548 0.0154477
1.94428 0.0155841
1.95308 0.015726
1.96188 0.01587
1.97067 0.0160113
1.97947 0.0161462
1.98827 0.0162757
1.99707 0.0164046
2.00587 0.0165375
2.01466 0.0166757
2.02346 0.0168168
2.03226 0.0169582
2.04106 0.0171002
2.04985 0.0172456
2.05865 0.0173954
2.06745 0.0175474
2.07625 0.0176969
2.08504 0.0178414
2.09384 0.0179825
2.10264 0.0181255
2.11144 0.018273
2.12023 0.0184238
2.12903 0.0185739
2.13783 0.0187215
2.14663 0.0188694
2.15543 0.0190222
2.16422 0.0191823
2.17302 0.0193476
2.18182 0.0195132
2.19062 0.0196751
2.19941 0.0198319
2.20821 0.0199857
2.21701 0.0201397
2.22581 0.0202965
2.2346 0.0204582
2.2434 0.0206257
2.2522 0.0207973
2.261 0.0209688
2.26979 0.0211369
2.27859 0.0213015
2.28739 0.0214678
2.29619 0.0216406
2.30499 0.0218215
2.31378 0.0220068
2.32258 0.022192
2.33138 0.0223731
2.34018 0.0225501
2.34897 0.0227245
2.35777 0.0228999
2.36657 0.0230797
2.37537 0.0232661
2.38416 0.0234597
2.39296 0.0236594
2.40176 0.0238633
2.41056 0.0240684
2.41935 0.0242722
2.42815 0.0244737
2.43695 0.0246742
2.44575 0.0248758
2.45455 0.0250799
2.46334 0.0252857
2.47214 0.0254912
2.48094 0.0256951
2.48974 0.0258991
2.49853 0.0261075
2.50733 0.0263242
2.51613 0.0265497
2.52493 0.0267802
2.53372 0.0270097
2.54252 0.0272358
2.55132 0.0274607
2.56012 0.0276903
2.56891 0.027929
2.57771 0.028177
2.58651 0.0284315
2.59531 0.028691
2.60411 0.0289537
2.6129 0.029217
2.6217 0.0294769
2.6305 0.0297311
2.6393 0.0299831
2.64809 0.0302393
2.65689 0.0305055
2.66569 0.0307827
2.67449 0.0310671
2.68328 0.031356
2.69208 0.03165
2.70088 0.0319519
2.70968 0.0322619
2.71848 0.0325776
2.72727 0.0328963
2.73607 0.0332189
2.74487 0.0335484
2.75367 0.0338857
2.76246 0.034227
2.77126 0.0345695
2.78006 0.0349138
2.78886 0.0352654
2.79765 0.0356299
2.80645 0.0360082
2.81525 0.0363991
2.82405 0.0368016
2.83284 0.0372174
2.84164 0.0376466
2.85044 0.0380849
2.85924 0.0385249
2.86803 0.0389648
2.87683 0.0394146
2.88563 0.039889
2.89443 0.0403951
2.90323 0.0409255
2.91202 0.0414668
2.92082 0.0420141
2.92962 0.0425754
2.93842 0.0431639
2.94721 0.0437865
2.95601 0.0444397
2.96481 0.0451204
2.97361 0.0458327
2.9824 0.0465858
2.9912 0.0473893
3 0.0482503
3.0088 0.0491701
3.0176 0.0501512
3.02639 0.0512175
3.03519 0.0524138
3.04399 0.0537768
3.05279 0.055354
3.06158 0.0573077
3.07038 0.0599166
3.07918 0.0632409
3.08798 0.0666756
3.09677 0.0690233
3.10557 0.0693055
3.11437 0.0675926
3.12317 0.0649444
3.13196 0.0625258
3.14076 0.0608517
3.14956 0.0598019
3.15836 0.0590933
3.16716 0.0585832
3.17595 0.0582411
3.18475 0.058044
3.19355 0.0579626
3.20235 0.0579831
3.21114 0.0581017
3.21994 0.0583192
3.22874 0.0586557
3.23754 0.0591479
3.24633 0.0598166
3.25513 0.060698
3.26393 0.0619514
3.27273 0.0638328
3.28153 0.0663338
3.29032 0.0687848
3.29912 0.0700481
3.30792 0.0693618
3.31672 0.0670165
3.32551 0.0640898
3.33431 0.061548
3.34311 0.0596822
3.35191 0.0582951
3.3607 0.0571512
3.3695 0.0561618
3.3783 0.0553039
3.3871 0.0545481
3.39589 0.0538664
3.40469 0.0532438
3.41349 0.0526662
3.42229 0.05212
3.43108 0.0516027
3.43988 0.0511206
3.44868 0.0506743
3.45748 0.0502567
3.46628 0.0498572
3.47507 0.0494695
3.48387 0.0490948
3.49267 0.0487381
3.50147 0.0484022
3.51026 0.0480869
3.51906 0.0477897
3.52786 0.0475048
3.53666 0.0472237
3.54545 0.0469396
3.55425 0.0466529
3.56305 0.0463702
3.57185 0.0461015
3.58065 0.0458545
3.58944 0.0456298
3.59824 0.0454185
3.60704 0.0452076
3.61584 0.0449895
3.62463 0.0447673
3.63343 0.0445522
3.64223 0.0443551
3.65103 0.0441779
3.65982 0.0440102
3.66862 0.043838
3.67742 0.0436559
3.68622 0.0434728
3.69501 0.043301
3.70381 0.0431421
3.71261 0.0429855
3.72141 0.0428239
3.73021 0.0426619
3.739 0.0425086
3.7478 0.0423659
3.7566 0.042227
3.7654 0.0420842
3.77419 0.0419356
3.78299 0.0417846
3.79179 0.0416372
3.80059 0.0414981
3.80938 0.0413678
3.81818 0.0412438
3.82698 0.0411244
3.83578 0.0410102
3.84457 0.0408977
3.85337 0.0407799
3.86217 0.0406536
3.87097 0.0405249
3.87977 0.0403985
3.88856 0.0402731
3.89736 0.040147
3.90616 0.0400272
3.91496 0.039922
3.92375 0.0398257
3.93255 0.0397274
3.94135 0.0396249
3.95015 0.039526
3.95894 0.0394317
3.96774 0.0393343
3.97654 0.0392273
3.98534 0.039115
3.99413 0.0390057
4.00293 0.0389051
4.01173 0.0388127
4.02053 0.0387261
4.02933 0.038644
4.03812 0.0385665
4.04692 0.0384928
4.05572 0.0384203
4.06452 0.0383427
4.07331 0.0382569
4.08211 0.0381672
4.09091 0.0380815
4.09971 0.0380029
4.1085 0.0379277
4.1173 0.037852
4.1261 0.0377771
4.1349 0.0377054
4.14369 0.0376363
4.15249 0.0375664
4.16129 0.0374932
4.17009 0.0374158
4.17889 0.0373372
4.18768 0.0372654
4.19648 0.0372063
4.20528 0.0371547
4.21408 0.0370963
4.22287 0.0370237
4.23167 0.0369461
4.24047 0.0368751
4.24927 0.0368106
4.25806 0.0367424
4.26686 0.0366665
4.27566 0.0365871
4.28446 0.0365069
4.29326 0.0364269
4.30205 0.036355
4.31085 0.0363017
4.31965 0.0362643
4.32845 0.0362258
4.33724 0.0361729
4.34604 0.0361073
4.35484 0.036041
4.36364 0.0359834
4.37243 0.0359353
4.38123 0.0358895
4.39003 0.0358377
4.39883 0.0357773
4.40762 0.0357135
4.41642 0.0356518
4.42522 0.035594
4.43402 0.035539
4.44281 0.0354854
4.45161 0.0354328
4.46041 0.0353793
4.46921 0.0353252
4.47801 0.0352717
4.4868 0.035218
4.4956 0.0351597
4.5044 0.0350969
4.5132 0.0350365
4.52199 0.0349879
4.53079 0.0349531
4.53959 0.034923
4.54839 0.0348824
4.55718 0.0348249
4.56598 0.0347586
4.57478 0.0346961
4.58358 0.0346436
4.59238 0.0345978
4.60117 0.0345546
4.60997 0.0345113
4.61877 0.0344678
4.62757 0.0344274
4.63636 0.0343933
4.64516 0.0343602
4.65396 0.0343165
4.66276 0.0342602
4.67155 0.034203
4.68035 0.0341565
4.68915 0.034119
4.69795 0.034082
4.70675 0.0340447
4.71554 0.0340096
4.72434 0.0339719
4.73314 0.0339258
4.74194 0.0338791
4.75073 0.0338469
4.75953 0.0338266
4.76833 0.0337981
4.77713 0.0337505
4.78592 0.0336936
4.79472 0.0336425
4.80352 0.0336022
4.81232 0.0335689
4.82111 0.0335357
4.82991 0.0334974
4.83871 0.0334516
4.84751 0.0333998
4.85631 0.0333492
4.8651 0.0333107
4.8739 0.0332837
4.8827 0.0332481
4.8915 0.0331937
4.90029 0.0331376
4.90909 0.0331046
4.91789 0.0330934
4.92669 0.0330783
4.93548 0.0330429
4.94428 0.0329994
4.95308 0.0329699
4.96188 0.0329553
4.97067 0.0329373
4.97947 0.032904
4.98827 0.0328583
4.99707 0.0328124
5.00587 0.0327797
5.01466 0.0327567
5.02346 0.0327289
5.03226 0.0326803
5.04106 0.0326217
5.04985 0.0325816
5.05865 0.0325188
5.06745 0.0324606
5.07625 0.0322633
5.08504 0.030239
5.09384 0.0237668
5.10264 0.0136164
5.11144 0.00483851
5.12023 0.000827747
5.12903 9.64563e-05
5.13783 7.49075e-05
5.14663 2.76941e-05
5.15543 1.80651e-05
5.16422 1.22628e-05
5.17302 6.50181e-06
5.18182 5.98238e-06
5.19062 3.36957e-06
5.19941 2.95243e-06
5.20821 2.16695e-06
5.21701 1.60036e-06
5.22581 1.46002e-06
5.2346 1.14082e-06
5.2434 1.29289e-06
5.2522 1.32936e-06
5.261 1.35719e-06
5.26979 1.17357e-06
5.27859 6.34249e-07
5.28739 4.3141e-07
5.29619 2.11104e-07
5.30499 1.58509e-07
5.31378 3.18606e-07
5.32258 3.54183e-07
5.33138 2.49865e-07
5.34018 9.00961e-08
5.34897 1.24878e-07
5.35777 4.08779e-07
5.36657 5.47782e-07
5.37537 4.46229e-07
5.38416 4.02e-07
5.39296 3.7301e-07
5.40176 7.45301e-07
5.41056 8.32939e-07
5.41935 8.72824e-07
5.42815 7.87287e-07
5.43695 1.74663e-07
5.44575 -2.55205e-07
5.45455 5.46091e-08
5.46334 1.96239e-07
5.47214 1.61224e-07
5.48094 5.07768e-07
5.48974 9.28278e-07
5.49853 9.39264e-07
5.50733 7.7099e-07
5.51613 6.3575e-07
5.52493 4.70533e-07
5.53372 2.38959e-07
5.54252 2.12101e-07
5.55132 5.05516e-08
5.56012 2.25806e-07
5.56891 1.70907e-07
5.57771 -1.85204e-07
5.58651 -4.35215e-07
5.59531 -3.49394e-07
5.60411 -2.60837e-07
5.6129 -1.48875e-08
5.6217 -9.92553e-09
5.6305 -2.97157e-07
5.6393 -1.61239e-07
5.64809 -3.26539e-07
5.65689 -2.76518e-07
5.66569 2.7099e-08
5.67449 -5.18864e-08
5.68328 3.24716e-07
5.69208 -3.75147e-08
5.70088 2.40492e-07
5.70968 3.65785e-07
5.71848 1.88595e-07
5.72727 -2.99231e-07
5.73607 -2.75658e-07
5.74487 2.77783e-07
5.75367 3.95191e-07
5.76246 2.68842e-07
5.77126 -1.00663e-07
5.78006 -6.23145e-07
5.78886 -3.84054e-07
5.79765 -3.04364e-07
5.80645 3.59745e-08
5.81525 5.74203e-07
5.82405 8.60578e-07
5.83284 5.44256e-07
5.84164 -1.44467e-07
5.85044 -2.68299e-07
5.85924 -1.14227e-07
5.86804 2.08435e-09
5.87683 -2.29907e-07
5.88563 4.18079e-07
5.89443 6.75811e-07
5.90323 7.85796e-07
5.91202 6.9048e-07
5.92082 3.82858e-07
5.92962 -1.72816e-07
5.93842 2.38139e-07
5.94721 5.64192e-07
5.95601 8.3978e-07
5.96481 2.94915e-07
5.97361 5.43261e-08
5.9824 2.32674e-07
5.9912 2.42061e-07
6 4.74253e-07
