-3 6.07189e-07
-2.9912 3.36553e-07
-2.9824 2.05323e-07
-2.97361 2.16933e-07
-2.96481 2.11658e-07
-2.95601 9.59644e-08
-2.94721 -6.05125e-08
-2.93842 -2.21154e-07
-2.92962 -1.48783e-07
-2.92082 -1.9126e-07
-2.91202 -2.09695e-07
-2.90323 1.79726e-08
-2.89443 -2.3564e-08
-2.88563 1.11117e-07
-2.87683 2.33347e-07
-2.86804 1.50515e-07
-2.85924 -6.6279e-09
-2.85044 -1.54483e-07
-2.84164 -3.95885e-08
-2.83284 1.63182e-07
-2.82405 5.15091e-08
-2.81525 -2.46556e-08
-2.80645 -3.44141e-07
-2.79765 -3.79066e-07
-2.78886 -3.79248e-07
-2.78006 -4.30738e-08
-2.77126 2.0627e-07
-2.76246 2.21403e-07
-2.75367 3.29419e-07
-2.74487 2.68613e-07
-2.73607 3.30903e-07
-2.72727 3.41791e-07
-2.71848 3.3825e-07
-2.70968 3.14019e-07
-2.70088 2.28652e-07
-2.69208 5.40811e-08
-2.68328 2.78145e-08
-2.67449 -5.29634e-08
-2.66569 -9.47511e-08
-2.65689 2.85241e-07
-2.64809 3.37298e-07
-2.6393 4.40676e-07
-2.6305 3.73729e-07
-2.6217 4.24632e-07
-2.6129 4.15503e-07
-2.60411 2.11488e-07
-2.59531 9.53189e-09
-2.58651 -2.2578e-07
-2.57771 -2.48054e-07
-2.56892 -4.86227e-08
-2.56012 1.85568e-07
-2.55132 1.72306e-07
-2.54252 3.10574e-07
-2.53372 7.85914e-08
-2.52493 4.33972e-08
-2.51613 6.11858e-08
-2.50733 1.28847e-07
-2.49853 1.14261e-07
-2.48974 1.46119e-07
-2.48094 2.09957e-07
-2.47214 1.45499e-07
-2.46334 1.81877e-07
-2.45455 2.49376e-07
-2.44575 4.38703e-07
-2.43695 5.35358e-07
-2.42815 6.48417e-07
-2.41935 6.50514e-07
-2.41056 5.13182e-07
-2.40176 5.85367e-07
-2.39296 7.54668e-07
-2.38416 1.00718e-06
-2.37537 1.12719e-06
-2.36657 1.21557e-06
-2.35777 1.18653e-06
-2.34897 1.54847e-06
-2.34018 2.23816e-06
-2.33138 2.43803e-06
-2.32258 3.20507e-06
-2.31378 3.9852e-06
-2.30499 4.43561e-06
-2.29619 6.96917e-06
-2.28739 7.81092e-06
-2.27859 1.07338e-05
-2.26979 1.85947e-05
-2.261 2.03983e-05
-2.2522 4.65009e-05
-2.2434 8.94305e-05
-2.2346 0.000129918
-2.22581 0.00103153
-2.21701 0.00501254
-2.20821 0.0133437
-2.19941 0.0236082
-2.19062 0.0314274
-2.18182 0.0349407
-2.17302 0.0357253
-2.16422 0.0358443
-2.15543 0.0359911
-2.14663 0.0361263
-2.13783 0.0362458
-2.12903 0.036374
-2.12023 0.0365013
-2.11144 0.0366285
-2.10264 0.0367576
-2.09384 0.0368863
-2.08504 0.0370197
-2.07625 0.0371606
-2.06745 0.0373046
-2.05865 0.0374489
-2.04985 0.037594
-2.04106 0.0377389
-2.03226 0.0378771
-2.02346 0.0380123
-2.01466 0.0381611
-2.00587 0.0383293
-1.99707 0.0384962
-1.98827 0.0386474
-1.97947 0.0387978
-1.97067 0.0389667
-1.96188 0.0391501
-1.95308 0.0393325
-1.94428 0.0395035
-1.93548 0.0396634
-1.92669 0.0398198
-1.91789 0.0399864
-1.90909 0.040171
-1.90029 0.0403631
-1.8915 0.0405452
-1.8827 0.0407159
-1.8739 0.0408956
-1.8651 0.0411048
-1.85631 0.0413413
-1.84751 0.0415829
-1.83871 0.0418134
-1.82991 0.0420369
-1.82111 0.0422693
-1.81232 0.0425186
-1.80352 0.0427768
-1.79472 0.0430312
-1.78592 0.0432778
-1.77713 0.043525
-1.76833 0.0437866
-1.75953 0.0440682
-1.75073 0.0443603
-1.74194 0.04465
-1.73314 0.0449351
-1.72434 0.0452226
-1.71554 0.0455246
-1.70674 0.0458527
-1.69795 0.0461995
-1.68915 0.046552
-1.68035 0.0469238
-1.67155 0.0473162
-1.66276 0.04772
-1.65396 0.0481975
-1.64516 0.0487402
-1.63636 0.0492263
-1.62757 0.0505259
-1.61877 0.055795
-1.60997 0.0687418
-1.60117 0.0890265
-1.59238 0.110624
-1.58358 0.126565
-1.57478 0.134754
-1.56598 0.138089
-1.55718 0.140124
-1.54839 0.142318
-1.53959 0.144694
-1.53079 0.147173
-1.52199 0.149825
-1.5132 0.152677
-1.5044 0.15575
-1.4956 0.159133
-1.4868 0.162928
-1.47801 0.167214
-1.46921 0.172147
-1.46041 0.177972
-1.45161 0.184877
-1.44282 0.193409
-1.43402 0.205366
-1.42522 0.222703
-1.41642 0.243328
-1.40762 0.258854
-1.39883 0.25992
-1.39003 0.244962
-1.38123 0.221881
-1.37243 0.200474
-1.36364 0.184981
-1.35484 0.174161
-1.34604 0.165696
-1.33724 0.158564
-1.32845 0.152508
-1.31965 0.147279
-1.31085 0.142652
-1.30205 0.138509
-1.29326 0.134763
-1.28446 0.131341
-1.27566 0.128216
-1.26686 0.125362
-1.25806 0.12274
-1.24927 0.120309
-1.24047 0.118039
-1.23167 0.115904
-1.22287 0.113889
-1.21408 0.111989
-1.20528 0.110199
-1.19648 0.10851
-1.18768 0.106918
-1.17889 0.105421
-1.17009 0.104009
-1.16129 0.102661
-1.15249 0.101357
-1.1437 0.100095
-1.1349 0.0988802
-1.1261 0.0977231
-1.1173 0.0966293
-1.1085 0.0955931
-1.09971 0.0946026
-1.09091 0.093658
-1.08211 0.092755
-1.07331 0.0918621
-1.06452 0.090997
-1.05572 0.0902485
-1.04692 0.0895572
-1.03812 0.0888494
-1.02933 0.0892237
-1.02053 0.0939708
-1.01173 0.106857
-1.00293 0.128025
-0.994135 0.152086
-0.985337 0.171632
-0.97654 0.182859
-0.967742 0.18735
-0.958944 0.188966
-0.950147 0.190245
-0.941349 0.191741
-0.932551 0.193313
-0.923754 0.19497
-0.914956 0.196804
-0.906158 0.19884
-0.897361 0.201113
-0.888563 0.203681
-0.879766 0.206591
-0.870968 0.209944
-0.86217 0.213902
-0.853373 0.21858
-0.844575 0.224284
-0.835777 0.232052
-0.82698 0.243207
-0.818182 0.257193
-0.809384 0.269808
-0.800587 0.275006
-0.791789 0.269656
-0.782991 0.256362
-0.774194 0.241136
-0.765396 0.228587
-0.756598 0.219675
-0.747801 0.213157
-0.739003 0.207859
-0.730205 0.203354
-0.721408 0.199509
-0.71261 0.196167
-0.703812 0.193206
-0.695015 0.190578
-0.686217 0.188236
-0.677419 0.186124
-0.668622 0.184202
-0.659824 0.18245
-0.651026 0.180851
-0.642229 0.179388
-0.633431 0.178051
-0.624633 0.176822
-0.615836 0.175689
-0.607038 0.174647
-0.59824 0.173703
-0.589443 0.172861
-0.580645 0.172119
-0.571848 0.171466
-0.56305 0.170888
-0.554252 0.170374
-0.545455 0.169919
-0.536657 0.169521
-0.527859 0.169178
-0.519062 0.168892
-0.510264 0.168672
-0.501466 0.168521
-0.492669 0.168443
-0.483871 0.168431
-0.475073 0.168483
-0.466276 0.168598
-0.457478 0.168777
-0.44868 0.169021
-0.439883 0.169327
-0.431085 0.169695
-0.422287 0.170132
-0.41349 0.170646
-0.404692 0.171243
-0.395895 0.171932
-0.387097 0.172715
-0.378299 0.173591
-0.369502 0.174561
-0.360704 0.175628
-0.351906 0.1768
-0.343109 0.178096
-0.334311 0.17954
-0.325513 0.181167
-0.316716 0.183003
-0.307918 0.185077
-0.29912 0.187416
-0.290323 0.190039
-0.281525 0.192989
-0.272727 0.196389
-0.26393 0.2004
-0.255132 0.205158
-0.246334 0.211005
-0.237537 0.218907
-0.228739 0.230057
-0.219941 0.244118
-0.211144 0.257665
-0.202346 0.26531
-0.193548 0.263445
-0.184751 0.25319
-0.175953 0.239416
-0.167155 0.226931
-0.158358 0.21768
-0.14956 0.211058
-0.140762 0.205851
-0.131965 0.20141
-0.123167 0.197569
-0.11437 0.194233
-0.105572 0.191275
-0.0967743 0.188591
-0.0879767 0.186128
-0.0791788 0.183868
-0.0703813 0.181783
-0.0615838 0.179812
-0.0527859 0.177972
-0.0439883 0.176343
-0.0351908 0.17441
-0.0263929 0.170145
-0.0175953 0.160399
-0.00879776 0.14336
1.19209e-07 0.121109
0.00879765 0.0992379
0.0175952 0.0832319
0.0263931 0.074938
0.0351906 0.0723495
0.0439882 0.0722358
0.0527858 0.0725665
0.0615836 0.0728501
0.0703812 0.0731856
0.0791787 0.0735922
0.0879766 0.0740047
0.0967741 0.0744183
0.105572 0.074863
0.11437 0.0753433
0.123167 0.0758511
0.131965 0.0763897
0.140763 0.0769623
0.14956 0.0775647
0.158358 0.0781966
0.167155 0.0788638
0.175953 0.0795713
0.184751 0.080318
0.193548 0.0811058
0.202346 0.0819384
0.211144 0.0828163
0.219941 0.0837419
0.228739 0.0847221
0.237537 0.0857684
0.246334 0.0868931
0.255132 0.0881127
0.26393 0.0894439
0.272727 0.0908943
0.281525 0.0924696
0.290323 0.0941926
0.29912 0.0961005
0.307918 0.0982191
0.316716 0.100582
0.325513 0.103282
0.334311 0.106436
0.343109 0.110119
0.351906 0.114503
0.360704 0.120171
0.369501 0.12795
0.378299 0.137776
0.387097 0.147517
0.395894 0.153464
0.404692 0.152761
0.41349 0.145693
0.422287 0.135471
0.431085 0.125748
0.439883 0.118348
0.44868 0.113073
0.457478 0.108993
0.466276 0.105514
0.475073 0.102475
0.483871 0.0998207
0.492669 0.0974534
0.501466 0.0952815
0.510264 0.0932661
0.519062 0.0913968
0.527859 0.0896532
0.536657 0.0880006
0.545455 0.0864415
0.554252 0.0850091
0.56305 0.0835122
0.571847 0.0811436
0.580645 0.0765523
0.589443 0.0687786
0.59824 0.05841
0.607038 0.0476877
0.615836 0.0391693
0.624633 0.0340907
0.633431 0.031906
0.642229 0.031203
0.651026 0.0308789
0.659824 0.0305477
0.668622 0.0302259
0.677419 0.0299524
0.686217 0.029699
0.695015 0.0294401
0.703812 0.029178
0.71261 0.0289194
0.721408 0.0286663
0.730205 0.0284243
0.739003 0.0281972
0.7478 0.0279814
0.756598 0.0277698
0.765396 0.0275604
0.774193 0.0273539
0.782991 0.0271492
0.791789 0.026944
0.800586 0.0267387
0.809384 0.0265362
0.818182 0.0263405
0.826979 0.026155
0.835777 0.0259799
0.844575 0.0258123
0.853372 0.0256477
0.86217 0.025482
0.870968 0.0253121
0.879765 0.0251383
0.888563 0.0249642
0.897361 0.024796
0.906158 0.0246362
0.914956 0.0244813
0.923753 0.0243235
0.932551 0.0241582
0.941349 0.0239885
0.950146 0.0238232
0.958944 0.0236684
0.967742 0.0235223
0.976539 0.023378
0.985337 0.0232316
0.994135 0.0230856
1.00293 0.0229443
1.01173 0.0228091
1.02053 0.0226764
1.02933 0.0225427
1.03812 0.022409
1.04692 0.0222782
1.05572 0.0221498
1.06452 0.0220204
1.07331 0.0218875
1.08211 0.0217517
1.09091 0.0216135
1.09971 0.0214761
1.1085 0.0213462
1.1173 0.0212235
1.1261 0.0210947
1.1349 0.0209596
1.14369 0.0208374
1.15249 0.0206625
1.16129 0.0201093
1.17009 0.018601
1.17889 0.0156853
1.18768 0.0115397
1.19648 0.00707643
1.20528 0.0034233
1.21408 0.00120686
1.22287 0.000281496
1.23167 6.50629e-05
1.24047 5.19677e-05
1.24927 3.88591e-05
1.25806 1.8504e-05
1.26686 1.15e-05
1.27566 1.09259e-05
1.28446 8.07348e-06
1.29325 4.96128e-06
1.30205 4.34379e-06
1.31085 4.1549e-06
1.31965 3.22265e-06
1.32845 2.63381e-06
1.33724 2.56098e-06
1.34604 2.3487e-06
1.35484 1.83808e-06
1.36364 1.70813e-06
1.37243 1.75991e-06
1.38123 1.61863e-06
1.39003 1.62458e-06
1.39883 1.93246e-06
1.40762 2.07146e-06
1.41642 2.30529e-06
1.42522 3.18414e-06
1.43402 4.34234e-06
1.44282 4.50922e-06
1.45161 6.41616e-06
1.46041 1.32268e-05
1.46921 1.85267e-05
1.47801 2.19804e-05
1.4868 8.66409e-05
1.4956 0.0003816
1.5044 0.00111547
1.5132 0.00236224
1.52199 0.00392952
1.53079 0.00543344
1.53959 0.00654135
1.54839 0.00716558
1.55718 0.00744622
1.56598 0.00758233
1.57478 0.00769405
1.58358 0.00781041
1.59238 0.00792731
1.60117 0.00804497
1.60997 0.00816667
1.61877 0.00829024
1.62757 0.00841212
1.63636 0.00853205
1.64516 0.00865192
1.65396 0.00877298
1.66276 0.00889441
1.67155 0.00901492
1.68035 0.00913413
1.68915 0.00925234
1.69795 0.00937122
1.70674 0.00949236
1.71554 0.00961642
1.72434 0.00974284
1.73314 0.00987091
1.74194 0.0100008
1.75073 0.0101317
1.75953 0.0102622
1.76833 0.0103905
1.77713 0.0105164
1.78592 0.010641
1.79472 0.0107654
1.80352 0.0108911
1.81232 0.0110187
1.82111 0.0111493
1.82991 0.0112824
1.83871 0.0114165
1.84751 0.0115494
1.8563 0.0116808
1.8651 0.0118126
1.8739 0.0119466
1.8827 0.0120835
1.8915 0.0122222
1.90029 0.0123621
1.90909 0.0125024
1.91789 0.0126431
1.92669 0.012784
1.93548 0.0129261
1.94428 0.0130709
1.95308 0.0132196
1.96188 0.0133705
1.97067 0.0135204
1.97947 0.0136675
1.98827 0.013814
1.99707 0.0139632
2.00587 0.0141158
2.01466 0.0142692
2.02346 0.0144214
2.03226 0.0145722
2.04106 0.0147243
2.04985 0.0148787
2.05865 0.0150355
2.06745 0.0151935
2.07625 0.0153518
2.08504 0.0155095
2.09384 0.015667
2.10264 0.0158253
2.11144 0.0159871
2.12023 0.0161539
2.12903 0.0163236
2.13783 0.0164923
2.14663 0.0166578
2.15543 0.0168218
2.16422 0.0169887
2.17302 0.0171621
2.18182 0.0173424
2.19062 0.0175283
2.19941 0.0177174
2.20821 0.0179085
2.21701 0.0180999
2.22581 0.0182902
2.2346 0.0184792
2.2434 0.018669
2.2522 0.0188621
2.261 0.0190591
2.26979 0.0192584
2.27859 0.0194573
2.28739 0.0196544
2.29619 0.0198506
2.30499 0.0200499
2.31378 0.0202571
2.32258 0.0204739
2.33138 0.0206979
2.34018 0.0209236
2.34897 0.0211473
2.35777 0.0213698
2.36657 0.0215948
2.37537 0.0218251
2.38416 0.0220604
2.39296 0.0222981
2.40176 0.022538
2.41056 0.0227813
2.41935 0.0230298
2.42815 0.023283
2.43695 0.0235394
2.44575 0.0237995
2.45455 0.0240659
2.46334 0.024341
2.47214 0.0246243
2.48094 0.0249125
2.48974 0.0252017
2.49853 0.0254899
2.50733 0.0257789
2.51613 0.0260742
2.52493 0.0263814
2.53372 0.0267026
2.54252 0.0270343
2.55132 0.0273702
2.56012 0.0277081
2.56891 0.0280511
2.57771 0.0284052
2.58651 0.0287736
2.59531 0.0291545
2.60411 0.0295424
2.6129 0.0299351
2.6217 0.0303342
2.6305 0.0307432
2.6393 0.0311647
2.64809 0.0315993
2.65689 0.032048
2.66569 0.0325129
2.67449 0.0329966
2.68328 0.0335011
2.69208 0.0340288
2.70088 0.0345825
2.70968 0.035164
2.71848 0.0357736
2.72727 0.0364091
2.73607 0.0370687
2.74487 0.0377528
2.75367 0.0384656
2.76246 0.0392174
2.77126 0.0400216
2.78006 0.0408868
2.78886 0.0418158
2.79765 0.0428178
2.80645 0.0439133
2.81525 0.0451209
2.82405 0.0464557
2.83284 0.0479477
2.84164 0.0496377
2.85044 0.0515719
2.85924 0.0538902
2.86803 0.056958
2.87683 0.061187
2.88563 0.066391
2.89443 0.071284
2.90323 0.073979
2.91202 0.0733577
2.92082 0.0700044
2.92962 0.0656891
2.93842 0.0619732
2.94721 0.0593597
2.95601 0.057558
2.96481 0.0561725
2.97361 0.0550246
2.9824 0.0540623
2.9912 0.0532415
3 0.052526
3.0088 0.0519042
3.0176 0.0513675
3.02639 0.0508984
3.03519 0.0504814
3.04399 0.0501084
3.05279 0.0497735
3.06158 0.0494713
3.07038 0.0492004
3.07918 0.0489601
3.08798 0.048747
3.09677 0.0485564
3.10557 0.0483872
3.11437 0.0482412
3.12317 0.0481209
3.13196 0.0480258
3.14076 0.0479523
3.14956 0.0478957
3.15836 0.0478509
3.16716 0.0478129
3.17595 0.04778
3.18475 0.047755
3.19355 0.0477428
3.20235 0.0477476
3.21114 0.0477698
3.21994 0.0478081
3.22874 0.0478612
3.23754 0.0479274
3.24633 0.0480072
3.25513 0.0481023
3.26393 0.0482109
3.27273 0.0483283
3.28153 0.0484501
3.29032 0.0485802
3.29912 0.0487305
3.30792 0.0489117
3.31672 0.0491251
3.32551 0.0493585
3.33431 0.0495982
3.34311 0.04984
3.35191 0.0500959
3.3607 0.050382
3.3695 0.050706
3.3783 0.051064
3.3871 0.0514498
3.39589 0.0518659
3.40469 0.0523245
3.41349 0.0528425
3.42229 0.0534286
3.43108 0.0540845
3.43988 0.0548208
3.44868 0.0556647
3.45748 0.0566486
3.46628 0.0578602
3.47507 0.0595285
3.48387 0.0619096
3.49267 0.0648394
3.50147 0.0674085
3.51026 0.0683963
3.51906 0.0672691
3.52786 0.0646769
3.53666 0.061857
3.54545 0.0596397
3.55425 0.0581027
3.56305 0.0569647
3.57185 0.0560227
3.58065 0.0552181
3.58944 0.0545245
3.59824 0.0539064
3.60704 0.0533413
3.61584 0.0528197
3.62463 0.0523344
3.63343 0.0518805
3.64223 0.0514583
3.65103 0.0510731
3.65982 0.0507281
3.66862 0.0504169
3.67742 0.0501217
3.68622 0.0498278
3.69501 0.0495353
3.70381 0.0492561
3.71261 0.0489979
3.72141 0.0487597
3.73021 0.0485358
3.739 0.0483212
3.7478 0.0481118
3.7566 0.0479039
3.7654 0.0476978
3.77419 0.0474989
3.78299 0.0473106
3.79179 0.0471269
3.80059 0.0469415
3.80938 0.0467591
3.81818 0.0465943
3.82698 0.0464562
3.83578 0.0463392
3.84457 0.04623
3.85337 0.0461172
3.86217 0.0459935
3.87097 0.0458599
3.87977 0.0457221
3.88856 0.0455874
3.89736 0.045459
3.90616 0.0453374
3.91496 0.0452271
3.92375 0.0451331
3.93255 0.0450527
3.94135 0.0449719
3.95015 0.044875
3.95894 0.0447583
3.96774 0.0446341
3.97654 0.0445199
3.98534 0.0444252
3.99413 0.0443456
4.00293 0.0442689
4.01173 0.044188
4.02053 0.0441054
4.02933 0.0440271
4.03812 0.0439539
4.04692 0.0438827
4.05572 0.0438139
4.06452 0.0437488
4.07331 0.0436859
4.08211 0.0436195
4.09091 0.0435452
4.09971 0.0434663
4.1085 0.0433896
4.1173 0.0433204
4.1261 0.0432593
4.1349 0.0432036
4.14369 0.0431518
4.15249 0.0430999
4.16129 0.0430425
4.17009 0.0429795
4.17889 0.0429198
4.18768 0.0428739
4.19648 0.0428411
4.20528 0.0428116
4.21408 0.0427763
4.22287 0.042735
4.23167 0.0426948
4.24047 0.0426641
4.24927 0.0426444
4.25806 0.0426295
4.26686 0.0426106
4.27566 0.0425837
4.28446 0.0425493
4.29326 0.0425063
4.30205 0.0424543
4.31085 0.0424029
4.31965 0.0423677
4.32845 0.0423557
4.33724 0.0423562
4.34604 0.0423504
4.35484 0.042331
4.36364 0.0423064
4.37243 0.0422886
4.38123 0.0422808
4.39003 0.042277
4.39883 0.042266
4.40762 0.0422416
4.41642 0.0422105
4.42522 0.0421897
4.43402 0.0421896
4.44281 0.042201
4.45161 0.0422056
4.46041 0.0421924
4.46921 0.0421631
4.47801 0.0421307
4.4868 0.0421166
4.4956 0.0421358
4.5044 0.0421777
4.5132 0.0422162
4.52199 0.0422384
4.53079 0.0422513
4.53959 0.0422634
4.54839 0.0422753
4.55718 0.0422888
4.56598 0.042305
4.57478 0.0423179
4.58358 0.0423262
4.59238 0.0423403
4.60117 0.0423658
4.60997 0.0423909
4.61877 0.0424038
4.62757 0.042412
4.63636 0.0424344
4.64516 0.0424811
4.65396 0.0425447
4.66276 0.0426101
4.67155 0.042665
4.68035 0.0427049
4.68915 0.0427313
4.69795 0.0427517
4.70675 0.0427813
4.71554 0.0428327
4.72434 0.0429035
4.73314 0.0429784
4.74194 0.0430441
4.75073 0.043108
4.75953 0.0431884
4.76833 0.0432874
4.77713 0.0433866
4.78592 0.0434699
4.79472 0.0435408
4.80352 0.0436115
4.81232 0.0436922
4.82111 0.0437927
4.82991 0.0439049
4.83871 0.0440088
4.84751 0.0441151
4.85631 0.0441992
4.8651 0.0442555
4.8739 0.0443455
4.8827 0.0434481
4.8915 0.0385037
4.90029 0.0275635
4.90909 0.0141056
4.91789 0.00441872
4.92669 0.000664276
4.93548 0.000117806
4.94428 9.58751e-05
4.95308 3.52342e-05
4.96188 2.46367e-05
4.97067 1.77428e-05
4.97947 9.59502e-06
4.98827 9.07625e-06
4.99707 5.71545e-06
5.00587 4.585e-06
5.01466 3.95624e-06
5.02346 2.64326e-06
5.03226 2.34245e-06
5.04106 1.72308e-06
5.04985 1.24223e-06
5.05865 1.02929e-06
5.06745 5.93966e-07
5.07625 5.55619e-07
5.08504 4.35596e-07
5.09384 4.86796e-07
5.10264 5.17225e-07
5.11144 5.77437e-07
5.12023 7.41543e-07
5.12903 8.24848e-07
5.13783 5.06835e-07
5.14663 3.41501e-07
5.15543 3.13462e-07
5.16422 3.60468e-07
5.17302 2.6234e-07
5.18182 4.38838e-08
5.19062 -1.24754e-07
5.19941 -3.1182e-09
5.20821 2.79368e-07
5.21701 3.44945e-07
5.22581 2.30618e-07
5.2346 2.46604e-07
5.2434 2.89748e-07
5.2522 1.80188e-07
5.261 2.90079e-07
5.26979 1.38548e-07
5.27859 -1.3724e-08
5.28739 1.99898e-07
5.29619 2.0725e-07
5.30499 6.61584e-10
5.31378 -1.96881e-07
5.32258 -3.05226e-07
5.33138 -3.37646e-08
5.34018 -8.69881e-08
5.34897 6.41754e-08
5.35777 3.28748e-08
5.36657 3.38255e-08
5.37537 -3.36675e-09
5.38416 9.67837e-08
5.39296 1.64056e-07
5.40176 3.52823e-07
5.41056 3.98517e-07
5.41935 2.68968e-07
5.42815 3.46212e-07
5.43695 4.44058e-07
5.44575 2.60531e-07
5.45455 3.73893e-07
5.46334 -1.04512e-07
5.47214 -4.65707e-07
5.48094 -4.53256e-07
5.48974 -3.4726e-07
5.49853 -1.25101e-07
5.50733 1.38495e-07
5.51613 2.39248e-07
5.52493 1.16052e-07
5.53372 -3.7739e-07
5.54252 -1.93961e-07
5.55132 1.55019e-07
5.56012 4.22385e-07
5.56891 3.8563e-07
5.57771 -6.68437e-08
5.58651 -3.70538e-08
5.59531 -1.95504e-07
5.60411 -2.1741e-07
5.6129 -3.29534e-07
5.6217 -2.93808e-07
5.6305 -3.83786e-07
5.6393 -1.85849e-07
5.64809 -3.95615e-08
5.65689 4.42739e-07
5.66569 3.50669e-07
5.67449 -5.85867e-08
5.68328 -7.80569e-08
5.69208 1.56565e-07
5.70088 1.60451e-07
5.70968 -1.26773e-07
5.71848 -1.06284e-07
5.72727 1.31108e-07
5.73607 -2.22211e-08
5.74487 -1.96374e-07
5.75367 -2.80173e-07
5.76246 -1.2805e-07
5.77126 -2.75584e-07
5.78006 -4.00184e-07
5.78886 -4.30332e-07
5.79765 -3.99609e-07
5.80645 -1.11997e-07
5.81525 -7.02056e-08
5.82405 -3.35657e-07
5.83284 -7.40855e-07
5.84164 -4.72805e-07
5.85044 -1.76146e-07
5.85924 -5.74518e-07
5.86804 -3.53348e-07
5.87683 -1.92386e-07
5.88563 -2.27125e-08
5.89443 4.26362e-07
5.90323 1.38019e-07
5.91202 2.54362e-07
5.92082 2.97518e-07
5.92962 5.51989e-07
5.93842 3.0606e-07
5.94721 -3.34581e-08
5.95601 3.2691e-07
5.96481 2.2615e-07
5.97361 -8.60215e-08
5.9824 -3.2782e-08
5.9912 -3.64339e-07
6 2.4903e-08
