-3.2 1.57395e-06 0
-3.19101 1.57015e-06 0
-3.18201 1.56813e-06 0
-3.17302 1.56785e-06 0
-3.16403 1.56927e-06 0
-3.15503 1.5723e-06 0
-3.14604 1.57687e-06 0
-3.13705 1.58286e-06 0
-3.12806 1.59016e-06 0
-3.11906 1.59866e-06 0
-3.11007 1.60824e-06 0
-3.10108 1.61877e-06 0
-3.09208 1.63017e-06 0
-3.08309 1.64232e-06 0
-3.0741 1.65515e-06 0
-3.0651 1.66857e-06 0
-3.05611 1.68253e-06 0
-3.04712 1.69695e-06 0
-3.03812 1.71173e-06 0
-3.02913 1.72675e-06 0
-3.02014 1.74185e-06 0
-3.01114 1.75681e-06 0
-3.00215 1.77139e-06 0
-2.99316 1.7853e-06 0
-2.98416 1.79823e-06 0
-2.97517 1.8099e-06 0
-2.96618 1.82002e-06 0
-2.95718 1.82834e-06 0
-2.94819 1.8347e-06 0
-2.9392 1.83896e-06 0
-2.93021 1.84109e-06 0
-2.92121 1.84113e-06 0
-2.91222 1.83921e-06 0
-2.90323 1.8355e-06 0
-2.89423 1.83026e-06 0
-2.88524 1.82378e-06 0
-2.87625 1.81638e-06 0
-2.86725 1.80837e-06 0
-2.85826 1.80005e-06 0
-2.84927 1.7917e-06 0
-2.84027 1.78356e-06 0
-2.83128 1.77579e-06 0
-2.82229 1.76855e-06 0
-2.81329 1.7619e-06 0
-2.8043 1.75587e-06 0
-2.79531 1.75045e-06 0
-2.78631 1.74559e-06 0
-2.77732 1.74123e-06 0
-2.76833 1.73728e-06 0
-2.75934 1.73365e-06 0
-2.75034 1.73023e-06 0
-2.74135 1.72694e-06 0
-2.73236 1.72368e-06 0
-2.72336 1.72033e-06 0
-2.71437 1.71677e-06 0
-2.70538 1.71287e-06 0
-2.69638 1.70847e-06 0
-2.68739 1.70341e-06 0
-2.6784 1.6975e-06 0
-2.6694 1.6906e-06 0
-2.66041 1.68259e-06 0
-2.65142 1.67338e-06 0
-2.64242 1.66298e-06 0
-2.63343 1.65141e-06 0
-2.62444 1.63877e-06 0
-2.61544 1.62519e-06 0
-2.60645 1.61083e-06 0
-2.59746 1.59583e-06 0
-2.58847 1.58033e-06 0
-2.57947 1.5644e-06 0
-2.57048 1.54805e-06 0
-2.56149 1.53124e-06 0
-2.55249 1.51384e-06 0
-2.5435 1.49566e-06 0
-2.53451 1.47646e-06 0
-2.52551 1.45597e-06 0
-2.51652 1.43389e-06 0
-2.50753 1.40993e-06 0
-2.49853 1.38381e-06 0
-2.48954 1.35531e-06 0
-2.48055 1.32428e-06 0
-2.47155 1.29065e-06 0
-2.46256 1.25446e-06 0
-2.45357 1.21589e-06 0
-2.44458 1.17531e-06 0
-2.43558 1.13325e-06 0
-2.42659 1.0905e-06 0
-2.4176 1.04806e-06 0
-2.4086 1.00722e-06 0
-2.39961 9.69564e-07 0
-2.39062 9.37006e-07 0
-2.38162 9.11806e-07 0
-2.37263 8.9664e-07 0
-2.36364 8.94634e-07 0
-2.35464 9.09457e-07 0
-2.34565 9.45413e-07 0
-2.33666 1.00759e-06 0
-2.32766 1.10197e-06 0
-2.31867 1.23569e-06 0
-2.30968 1.41723e-06 0
-2.30068 1.65668e-06 0
-2.29169 1.9661e-06 0
-2.2827 2.35995e-06 0
-2.27371 2.85538e-06 0
-2.26471 3.47305e-06 0
-2.25572 4.2375e-06 0
-2.24673 5.17824e-06 0
-2.23773 6.33057e-06 0
-2.22874 7.73649e-06 0
-2.21975 9.44647e-06 0
-2.21075 1.1521e-05 0
-2.20176 1.40318e-05 0
-2.19277 1.70656e-05 0
-2.18377 2.07248e-05 0
-2.17478 2.51329e-05 0
-2.16579 3.04372e-05 0
-2.15679 3.68127e-05 0
-2.1478 4.44691e-05 0
-2.13881 5.36571e-05 0
-2.12981 6.4673e-05 0
-2.12082 7.7873e-05 0
-2.11183 9.36766e-05 0
-2.10284 0.000112585 0
-2.09384 0.000135194 0
-2.08485 0.000162202 0
-2.07586 0.000194441 0
-2.06686 0.000232892 0
-2.05787 0.000278699 0
-2.04888 0.000333214 0
-2.03988 0.000398001 0
-2.03089 0.000474887 0
-2.0219 0.000565987 0
-2.0129 0.000673706 0
-2.00391 0.000800821 0
-1.99492 0.000950431 0
-1.98592 0.00112604 0
-1.97693 0.00133155 0
-1.96794 0.00157118 0
-1.95894 0.00184953 0
-1.94995 0.00217154 0
-1.94096 0.00254235 0
-1.93196 0.00296734 0
-1.92297 0.00345193 0
-1.91398 0.00400162 0
-1.90499 0.00462191 0
-1.89599 0.00531806 0
-1.887 0.00609529 0
-1.87801 0.00695872 0
-1.86901 0.0079131 0
-1.86002 0.00896338 0
-1.85103 0.0101142 0
-1.84203 0.0113703 0
-1.83304 0.0127367 0
-1.82405 0.0142181 0
-1.81505 0.0158195 0
-1.80606 0.0175459 0
-1.79707 0.0194017 0
-1.78807 0.0213911 0
-1.77908 0.0235177 0
-1.77009 0.0257843 0
-1.76109 0.0281933 0
-1.7521 0.0307459 0
-1.74311 0.0334429 0
-1.73412 0.0362849 0
-1.72512 0.0392708 0
-1.71613 0.0423998 0
-1.70714 0.0456695 0
-1.69814 0.0490768 0
-1.68915 0.0526186 0
-1.68016 0.0562897 0
-1.67116 0.0600858 0
-1.66217 0.0640026 0
-1.65318 0.0680356 0
-1.64418 0.0721824 0
-1.63519 0.0764405 0
-1.6262 0.08081 0
-1.6172 0.085292 0
-1.60821 0.0898879 0
-1.59922 0.0946012 0
-1.59022 0.0994359 0
-1.58123 0.104395 0
-1.57224 0.109485 0
-1.56325 0.114708 0
-1.55425 0.120071 0
-1.54526 0.125578 0
-1.53627 0.131235 0
-1.52727 0.137048 0
-1.51828 0.143024 0
-1.50929 0.149169 0
-1.50029 0.155492 0
-1.4913 0.161999 0
-1.48231 0.168702 0
-1.47331 0.175609 0
-1.46432 0.182731 0
-1.45533 0.19008 0
-1.44633 0.197668 0
-1.43734 0.20551 0
-1.42835 0.213623 0
-1.41936 0.222024 0
-1.41036 0.230739 0
-1.40137 0.239795 0
-1.39238 0.249223 0
-1.38338 0.259064 0
-1.37439 0.269362 0
-1.3654 0.280171 0
-1.3564 0.29155 0
-1.34741 0.303562 0
-1.33842 0.31628 0
-1.32942 0.329783 0
-1.32043 0.344152 0
-1.31144 0.35948 0
-1.30244 0.375861 0
-1.29345 0.3934 0
-1.28446 0.412213 0
-1.27546 0.432416 0
-1.26647 0.454143 0
-1.25748 0.477533 0
-1.24849 0.502728 0
-1.23949 0.52988 0
-1.2305 0.559134 0
-1.22151 0.59063 0
-1.21251 0.624494 0
-1.20352 0.660815 0
-1.19453 0.699643 0
-1.18553 0.74097 0
-1.17654 0.784704 0
-1.16755 0.830669 0
-1.15855 0.878564 0
-1.14956 0.927982 0
-1.14057 0.978388 0
-1.13157 1.02913 0
-1.12258 1.07945 0
-1.11359 1.12855 0
-1.10459 1.17557 0
-1.0956 1.21971 0
-1.08661 1.26021 0
-1.07762 1.29645 0
-1.06862 1.32797 0
-1.05963 1.35445 0
-1.05064 1.37578 0
-1.04164 1.39201 0
-1.03265 1.40334 0
-1.02366 1.41008 0
-1.01466 1.41263 0
-1.00567 1.41145 0
-0.996676 1.40701 0
-0.987684 1.39979 0
-0.978691 1.39022 0
-0.969697 1.37873 0
-0.960704 1.3657 0
-0.951711 1.35145 0
-0.942718 1.33627 0
-0.933725 1.3204 0
-0.924731 1.30404 0
-0.915738 1.28736 0
-0.906745 1.27049 0
-0.897752 1.25355 0
-0.888759 1.23664 0
-0.879765 1.21982 0
-0.870772 1.20316 0
-0.861779 1.1867 0
-0.852786 1.17048 0
-0.843793 1.15454 0
-0.834799 1.13888 0
-0.825806 1.12353 0
-0.816814 1.1085 0
-0.80782 1.09378 0
-0.798827 1.07939 0
-0.789834 1.06531 0
-0.780841 1.05156 0
-0.771848 1.03812 0
-0.762854 1.025 0
-0.753861 1.01219 0
-0.744868 0.999687 0
-0.735875 0.987484 0
-0.726882 0.975576 0
-0.717889 0.963951 0
-0.708895 0.9526 0
-0.699903 0.94151 0
-0.690909 0.930668 0
-0.681916 0.920056 0
-0.672923 0.909664 0
-0.66393 0.899472 0
-0.654937 0.889467 0
-0.645944 0.879637 0
-0.63695 0.869964 0
-0.627957 0.860441 0
-0.618964 0.851057 0
-0.609971 0.841802 0
-0.600978 0.832673 0
-0.591984 0.823664 0
-0.582991 0.814774 0
-0.573998 0.806002 0
-0.565005 0.797353 0
-0.556012 0.788828 0
-0.547018 0.78043 0
-0.538025 0.772163 0
-0.529033 0.764028 0
-0.520039 0.756028 0
-0.511046 0.748163 0
-0.502053 0.740435 0
-0.49306 0.732846 0
-0.484067 0.7254 0
-0.475073 0.718099 0
-0.46608 0.710953 0
-0.457087 0.703964 0
-0.448094 0.697142 0
-0.439101 0.690491 0
-0.430108 0.684015 0
-0.421114 0.677716 0
-0.412122 0.671594 0
-0.403128 0.665643 0
-0.394135 0.659857 0
-0.385142 0.654226 0
-0.376149 0.648737 0
-0.367156 0.643379 0
-0.358163 0.638137 0
-0.349169 0.632997 0
-0.340176 0.627943 0
-0.331183 0.62296 0
-0.32219 0.618039 0
-0.313197 0.613166 0
-0.304203 0.608333 0
-0.29521 0.603535 0
-0.286217 0.598764 0
-0.277224 0.594023 0
-0.268231 0.589312 0
-0.259237 0.584634 0
-0.250245 0.579993 0
-0.241252 0.5754 0
-0.232258 0.570857 0
-0.223265 0.566372 0
-0.214272 0.561947 0
-0.205279 0.557584 0
-0.196286 0.553276 0
-0.187292 0.549015 0
-0.178299 0.544787 0
-0.169306 0.540573 0
-0.160313 0.536346 0
-0.15132 0.532077 0
-0.142326 0.527732 0
-0.133333 0.523269 0
-0.124341 0.51864 0
-0.115347 0.513793 0
-0.106354 0.508665 0
-0.0973611 0.503182 0
-0.0883676 0.497265 0
-0.0793746 0.490819 0
-0.0703811 0.483736 0
-0.0613882 0.475898 0
-0.0523953 0.467171 0
-0.0434017 0.457406 0
-0.0344088 0.446444 0
-0.0254159 0.434115 0
-0.0164223 0.420242 0
-0.00742939 0.404655 0
0.00156417 0.387186 0
0.0105571 0.367692 0
0.01955 0.346059 0
0.0285436 0.322218 0
0.0375365 0.296166 0
0.0465294 0.267966 0
0.0555229 0.237767 0
0.0645159 0.205814 0
0.0735094 0.17243 0
0.0825023 0.138032 0
0.0914952 0.103087 0
0.100489 0.0681091 0
0.109482 0.0336227 0
0.118475 0.000130546 0
0.127468 -0.0319159 0
0.136461 -0.0621265 0
0.145455 -0.0902072 0
0.154448 -0.115946 0
0.16344 -0.139231 0
0.172434 -0.16003 0
0.181427 -0.17838 0
0.19042 -0.194378 0
0.199413 -0.208161 0
0.208406 -0.219892 0
0.2174 -0.229747 0
0.226393 -0.237905 0
0.235386 -0.244543 0
0.244379 -0.249827 0
0.253372 -0.253911 0
0.262366 -0.256934 0
0.271359 -0.259024 0
0.280352 -0.260292 0
0.289345 -0.260841 0
0.298338 -0.260758 0
0.307331 -0.260125 0
0.316325 -0.259011 0
0.325317 -0.257477 0
0.334311 -0.255575 0
0.343304 -0.25335 0
0.352297 -0.250839 0
0.36129 -0.248068 0
0.370283 -0.245062 0
0.379276 -0.241836 0
0.38827 -0.238405 0
0.397263 -0.234782 0
0.406256 -0.230976 0
0.415249 -0.227002 0
0.424242 -0.222875 0
0.433236 -0.21861 0
0.442229 -0.214228 0
0.451221 -0.209751 0
0.460215 -0.205199 0
0.469208 -0.200596 0
0.478202 -0.195959 0
0.487194 -0.191309 0
0.496187 -0.18666 0
0.505181 -0.182023 0
0.514174 -0.177404 0
0.523167 -0.172808 0
0.53216 -0.168233 0
0.541153 -0.163678 0
0.550146 -0.159135 0
0.55914 -0.154599 0
0.568133 -0.150066 0
0.577126 -0.145528 0
0.586119 -0.140983 0
0.595112 -0.136429 0
0.604106 -0.131867 0
0.613099 -0.127299 0
0.622092 -0.122732 0
0.631085 -0.118173 0
0.640078 -0.113631 0
0.649071 -0.109118 0
0.658064 -0.104644 0
0.667058 -0.10022 0
0.676051 -0.0958571 0
0.685044 -0.0915627 0
0.694037 -0.0873417 0
0.70303 -0.0831984 0
0.712023 -0.0791339 0
0.721016 -0.0751491 0
0.73001 -0.0712439 0
0.739003 -0.0674192 0
0.747996 -0.0636775 0
0.756989 -0.0600236 0
0.765982 -0.0564629 0
0.774975 -0.0530048 0
0.783969 -0.0496589 0
0.792962 -0.0464355 0
0.801955 -0.0433438 0
0.810948 -0.0403935 0
0.819941 -0.0375905 0
0.828935 -0.0349397 0
0.837927 -0.0324437 0
0.846921 -0.0301026 0
0.855914 -0.0279157 0
0.864907 -0.0258812 0
0.8739 -0.0239967 0
0.882893 -0.0222592 0
0.891887 -0.0206657 0
0.90088 -0.0192129 0
0.909873 -0.0178964 0
0.918866 -0.0167111 0
0.927859 -0.0156512 0
0.936852 -0.0147096 0
0.945845 -0.0138789 0
0.954839 -0.0131506 0
0.963832 -0.012516 0
0.972825 -0.0119659 0
0.981818 -0.0114913 0
0.990811 -0.0110838 0
0.999804 -0.010735 0
1.0088 -0.0104372 0
1.01779 -0.0101835 0
1.02678 -0.00996761 0
1.03578 -0.00978364 0
1.04477 -0.00962671 0
1.05376 -0.00949227 0
1.06276 -0.0093764 0
1.07175 -0.00927567 0
1.08074 -0.00918695 0
1.08974 -0.00910751 0
1.09873 -0.00903482 0
1.10772 -0.00896664 0
1.11672 -0.00890086 0
1.12571 -0.00883555 0
1.1347 -0.00876862 0
1.14369 -0.0086981 0
1.15269 -0.00862195 0
1.16168 -0.00853803 0
1.17067 -0.00844412 0
1.17967 -0.00833757 0
1.18866 -0.00821574 0
1.19765 -0.00807564 0
1.20665 -0.00791386 0
1.21564 -0.00772685 0
1.22463 -0.0075106 0
1.23363 -0.00726087 0
1.24262 -0.00697305 0
1.25161 -0.0066427 0
1.26061 -0.00626507 0
1.2696 -0.00583589 0
1.27859 -0.00535117 0
1.28759 -0.00480765 0
1.29658 -0.00420302 0
1.30557 -0.0035363 0
1.31456 -0.00280739 0
1.32356 -0.00201793 0
1.33255 -0.00117075 0
1.34154 -0.00026993 0
1.35054 0.000679416 0
1.35953 0.00167123 0
1.36852 0.00269913 0
1.37752 0.0037565 0
1.38651 0.00483702 0
1.3955 0.0059348 0
1.4045 0.00704466 0
1.41349 0.00816217 0
1.42248 0.00928368 0
1.43148 0.0104063 0
1.44047 0.0115275 0
1.44946 0.0126452 0
1.45846 0.0137572 0
1.46745 0.0148614 0
1.47644 0.0159552 0
1.48544 0.0170358 0
1.49443 0.0181002 0
1.50342 0.0191449 0
1.51241 0.0201669 0
1.52141 0.0211629 0
1.5304 0.0221304 0
1.53939 0.0230676 0
1.54839 0.023973 0
1.55738 0.0248459 0
1.56637 0.0256851 0
1.57537 0.0264897 0
1.58436 0.0272576 0
1.59335 0.0279864 0
1.60235 0.0286728 0
1.61134 0.0293132 0
1.62033 0.0299043 0
1.62933 0.0304434 0
1.63832 0.0309296 0
1.64731 0.0313633 0
1.6563 0.031747 0
1.6653 0.0320849 0
1.67429 0.0323822 0
1.68328 0.0326447 0
1.69228 0.0328779 0
1.70127 0.0330866 0
1.71026 0.0332743 0
1.71926 0.033443 0
1.72825 0.0335928 0
1.73724 0.0337228 0
1.74624 0.0338309 0
1.75523 0.0339144 0
1.76422 0.0339709 0
1.77322 0.0339983 0
1.78221 0.0339956 0
1.7912 0.0339632 0
1.8002 0.033903 0
1.80919 0.0338184 0
1.81818 0.0337144 0
1.82717 0.0335969 0
1.83617 0.0334721 0
1.84516 0.0333464 0
1.85415 0.033225 0
1.86315 0.0331123 0
1.87214 0.0330105 0
1.88113 0.0329205 0
1.89013 0.0328411 0
1.89912 0.03277 0
1.90811 0.0327036 0
1.91711 0.0326383 0
1.9261 0.0325706 0
1.93509 0.0324978 0
1.94409 0.032418 0
1.95308 0.0323309 0
1.96207 0.0322369 0
1.97107 0.0321378 0
1.98006 0.0320355 0
1.98905 0.0319325 0
1.99804 0.0318306 0
2.00704 0.031731 0
2.01603 0.0316341 0
2.02502 0.0315397 0
2.03402 0.0314468 0
2.04301 0.0313546 0
2.052 0.0312619 0
2.061 0.031169 0
2.06999 0.0310765 0
2.07898 0.0309861 0
2.08798 0.0309005 0
2.09697 0.0308232 0
2.10596 0.0307586 0
2.11496 0.030711 0
2.12395 0.0306849 0
2.13294 0.0306842 0
2.14194 0.030712 0
2.15093 0.03077 0
2.15992 0.0308585 0
2.16891 0.0309762 0
2.17791 0.0311199 0
2.1869 0.0312848 0
2.19589 0.031465 0
2.20489 0.0316536 0
2.21388 0.0318434 0
2.22287 0.0320272 0
2.23187 0.0321992 0
2.24086 0.0323546 0
2.24985 0.0324911 0
2.25885 0.0326084 0
2.26784 0.0327088 0
2.27683 0.0327967 0
2.28583 0.032878 0
2.29482 0.0329594 0
2.30381 0.0330477 0
2.31281 0.0331485 0
2.3218 0.0332657 0
2.33079 0.0334011 0
2.33978 0.0335546 0
2.34878 0.0337234 0
2.35777 0.0339034 0
2.36676 0.0340887 0
2.37576 0.0342726 0
2.38475 0.0344479 0
2.39374 0.0346074 0
2.40274 0.0347441 0
2.41173 0.0348524 0
2.42072 0.0349275 0
2.42972 0.0349666 0
2.43871 0.0349687 0
2.4477 0.0349344 0
2.4567 0.0348663 0
2.46569 0.034768 0
2.47468 0.0346442 0
2.48368 0.0344996 0
2.49267 0.034339 0
2.50166 0.0341666 0
2.51065 0.0339861 0
2.51965 0.0338009 0
2.52864 0.0336137 0
2.53763 0.0334274 0
2.54663 0.0332449 0
2.55562 0.0330697 0
2.56461 0.0329055 0
2.57361 0.0327558 0
2.5826 0.0326247 0
2.59159 0.0325154 0
2.60059 0.032431 0
2.60958 0.0323733 0
2.61857 0.0323433 0
2.62757 0.0323405 0
2.63656 0.0323633 0
2.64555 0.0324088 0
2.65455 0.0324728 0
2.66354 0.0325505 0
2.67253 0.0326364 0
2.68152 0.0327249 0
2.69052 0.0328108 0
2.69951 0.0328895 0
2.7085 0.0329577 0
2.7175 0.0330132 0
2.72649 0.0330547 0
2.73548 0.0330824 0
2.74448 0.033097 0
2.75347 0.0330997 0
2.76246 0.0330917 0
2.77146 0.0330734 0
2.78045 0.0330445 0
2.78944 0.0330033 0
2.79844 0.0329467 0
2.80743 0.0328702 0
2.81642 0.0327683 0
2.82542 0.0326348 0
2.83441 0.0324633 0
2.8434 0.0322481 0
2.85239 0.0319844 0
2.86139 0.0316689 0
2.87038 0.0313 0
2.87937 0.0308781 0
2.88837 0.0304052 0
2.89736 0.0298853 0
2.90635 0.0293236 0
2.91535 0.0287265 0
2.92434 0.0281012 0
2.93333 0.0274557 0
2.94233 0.026798 0
2.95132 0.0261363 0
2.96031 0.025478 0
2.96931 0.0248303 0
2.9783 0.0241991 0
2.98729 0.0235893 0
2.99629 0.0230039 0
3.00528 0.0224447 0
3.01427 0.0219115 0
3.02326 0.0214025 0
3.03226 0.0209144 0
3.04125 0.0204427 0
3.05024 0.0199818 0
3.05924 0.0195255 0
3.06823 0.0190666 0
3.07722 0.0185984 0
3.08622 0.018114 0
3.09521 0.0176068 0
3.1042 0.0170712 0
3.1132 0.0165023 0
3.12219 0.0158969 0
3.13118 0.0152531 0
3.14018 0.0145709 0
3.14917 0.013852 0
3.15816 0.0131002 0
3.16716 0.0123208 0
3.17615 0.0115208 0
3.18514 0.010708 0
3.19413 0.00989096 0
3.20313 0.00907823 0
3.21212 0.00827769 0
3.22111 0.00749591 0
3.23011 0.006738 0
3.2391 0.00600704 0
3.24809 0.00530404 0
3.25709 0.00462768 0
3.26608 0.00397473 0
3.27507 0.0033401 0
3.28407 0.00271721 0
3.29306 0.0020986 0
3.30205 0.00147628 0
3.31105 0.000842688 0
3.32004 0.000191207 0
3.32903 -0.000482981 0
3.33803 -0.00118224 0
3.34702 -0.00190598 0
3.35601 -0.00265025 0
3.365 -0.00340775 0
3.374 -0.00416824 0
3.38299 -0.00491903 0
3.39198 -0.005646 0
3.40098 -0.00633474 0
3.40997 -0.00697159 0
3.41896 -0.00754488 0
3.42796 -0.00804579 0
3.43695 -0.00846892 0
3.44594 -0.00881283 0
3.45494 -0.00907988 0
3.46393 -0.00927596 0
3.47292 -0.00940982 0
3.48192 -0.00949229 0
3.49091 -0.00953517 0
3.4999 -0.00955033 0
3.5089 -0.00954863 0
3.51789 -0.00953915 0
3.52688 -0.00952849 0
3.53587 -0.00952059 0
3.54487 -0.00951651 0
3.55386 -0.00951489 0
3.56285 -0.00951247 0
3.57185 -0.0095049 0
3.58084 -0.00948769 0
3.58983 -0.00945717 0
3.59883 -0.00941125 0
3.60782 -0.00934989 0
3.61681 -0.00927528 0
3.62581 -0.00919161 0
3.6348 -0.00910445 0
3.64379 -0.00901994 0
3.65279 -0.00894401 0
3.66178 -0.00888156 0
3.67077 -0.00883598 0
3.67977 -0.00880889 0
3.68876 -0.00880025 0
3.69775 -0.00880858 0
3.70674 -0.00883151 0
3.71574 -0.00886638 0
3.72473 -0.00891071 0
3.73372 -0.00896269 0
3.74272 -0.00902136 0
3.75171 -0.00908678 0
3.7607 -0.00915984 0
3.7697 -0.00924202 0
3.77869 -0.00933525 0
3.78768 -0.00944152 0
3.79668 -0.009563 0
3.80567 -0.0097017 0
3.81466 -0.00985963 0
3.82366 -0.0100385 0
3.83265 -0.0102395 0
3.84164 -0.010463 0
3.85064 -0.0107082 0
3.85963 -0.0109729 0
3.86862 -0.0112533 0
3.87761 -0.0115439 0
3.88661 -0.0118383 0
3.8956 -0.0121297 0
3.90459 -0.0124111 0
3.91359 -0.0126764 0
3.92258 -0.0129204 0
3.93157 -0.0131399 0
3.94057 -0.0133332 0
3.94956 -0.0135004 0
3.95855 -0.0136437 0
3.96755 -0.0137665 0
3.97654 -0.0138737 0
3.98553 -0.0139707 0
3.99453 -0.0140628 0
4.00352 -0.0141545 0
4.01251 -0.0142488 0
4.02151 -0.0143467 0
4.0305 -0.0144467 0
4.03949 -0.0145443 0
4.04848 -0.0146333 0
4.05748 -0.0147052 0
4.06647 -0.014751 0
4.07546 -0.014762 0
4.08446 -0.0147308 0
4.09345 -0.014653 0
4.10244 -0.0145276 0
4.11144 -0.0143579 0
4.12043 -0.0141508 0
4.12942 -0.0139169 0
4.13842 -0.0136688 0
4.14741 -0.01342 0
4.1564 -0.0131834 0
4.1654 -0.0129697 0
4.17439 -0.0127865 0
4.18338 -0.0126377 0
4.19238 -0.0125232 0
4.20137 -0.0124391 0
4.21036 -0.0123787 0
4.21935 -0.0123333 0
4.22835 -0.0122939 0
4.23734 -0.0122516 0
4.24633 -0.0121995 0
4.25533 -0.0121331 0
4.26432 -0.0120507 0
4.27331 -0.0119535 0
4.28231 -0.0118455 0
4.2913 -0.0117328 0
4.30029 -0.0116228 0
4.30929 -0.0115234 0
4.31828 -0.0114421 0
4.32727 -0.0113856 0
4.33627 -0.0113587 0
4.34526 -0.0113645 0
4.35425 -0.011404 0
4.36325 -0.0114764 0
4.37224 -0.0115792 0
4.38123 -0.0117085 0
4.39022 -0.0118593 0
4.39922 -0.0120258 0
4.40821 -0.0122014 0
4.4172 -0.0123791 0
4.4262 -0.0125514 0
4.43519 -0.012711 0
4.44418 -0.0128507 0
4.45318 -0.0129646 0
4.46217 -0.0130483 0
4.47116 -0.0130995 0
4.48016 -0.0131184 0
4.48915 -0.0131074 0
4.49814 -0.0130709 0
4.50714 -0.0130147 0
4.51613 -0.0129449 0
4.52512 -0.0128673 0
4.53412 -0.0127869 0
4.54311 -0.012707 0
4.5521 -0.0126294 0
4.56109 -0.0125546 0
4.57009 -0.0124815 0
4.57908 -0.0124082 0
4.58807 -0.0123326 0
4.59707 -0.0122521 0
4.60606 -0.0121645 0
4.61505 -0.0120678 0
4.62405 -0.0119604 0
4.63304 -0.0118412 0
4.64203 -0.0117089 0
4.65103 -0.0115622 0
4.66002 -0.0114 0
4.66901 -0.0112209 0
4.67801 -0.0110238 0
4.687 -0.010808 0
4.69599 -0.0105735 0
4.70499 -0.0103215 0
4.71398 -0.0100538 0
4.72297 -0.00977381 0
4.73197 -0.00948553 0
4.74096 -0.0091937 0
4.74995 -0.0089036 0
4.75894 -0.0086206 0
4.76794 -0.00835003 0
4.77693 -0.00809668 0
4.78592 -0.00786456 0
4.79492 -0.0076566 0
4.80391 -0.00747436 0
4.8129 -0.00731778 0
4.8219 -0.00718528 0
4.83089 -0.00707378 0
4.83988 -0.00697893 0
4.84888 -0.00689562 0
4.85787 -0.00681834 0
4.86686 -0.00674167 0
4.87586 -0.00666075 0
4.88485 -0.0065716 0
4.89384 -0.00647141 0
4.90283 -0.0063583 0
4.91183 -0.00623146 0
4.92082 -0.00609097 0
4.92981 -0.00593751 0
4.93881 -0.00577234 0
4.9478 -0.00559712 0
4.95679 -0.00541395 0
4.96579 -0.00522526 0
4.97478 -0.00503368 0
4.98377 -0.00484198 0
4.99277 -0.00465299 0
5.00176 -0.00446927 0
5.01075 -0.00429312 0
5.01975 -0.00412645 0
5.02874 -0.00397052 0
5.03773 -0.00382606 0
5.04673 -0.00369307 0
5.05572 -0.00357078 0
5.06471 -0.0034577 0
5.0737 -0.00335164 0
5.0827 -0.00324976 0
5.09169 -0.00314885 0
5.10068 -0.00304551 0
5.10968 -0.0029365 0
5.11867 -0.00281898 0
5.12766 -0.00269087 0
5.13666 -0.00255109 0
5.14565 -0.0023996 0
5.15464 -0.0022376 0
5.16364 -0.00206725 0
5.17263 -0.00189162 0
5.18162 -0.00171438 0
5.19062 -0.00153938 0
5.19961 -0.00137044 0
5.2086 -0.0012109 0
5.2176 -0.00106348 0
5.22659 -0.000930081 0
5.23558 -0.000811709 0
5.24458 -0.000708591 0
5.25357 -0.000620205 0
5.26256 -0.000545564 0
5.27155 -0.000483279 0
5.28055 -0.000431842 0
5.28954 -0.000389639 0
5.29853 -0.000355218 0
5.30753 -0.000327173 0
5.31652 -0.000304352 0
5.32551 -0.000285762 0
5.33451 -0.000270568 0
5.3435 -0.000258074 0
5.35249 -0.000247772 0
5.36149 -0.000239228 0
5.37048 -0.000232103 0
5.37947 -0.000226119 0
5.38847 -0.000221082 0
5.39746 -0.000216808 0
5.40645 -0.000213182 0
5.41544 -0.000210074 0
5.42444 -0.000207408 0
5.43343 -0.000205122 0
5.44242 -0.00020314 0
5.45142 -0.00020143 0
5.46041 -0.000199944 0
5.4694 -0.000198646 0
5.4784 -0.000197522 0
5.48739 -0.00019653 0
5.49638 -0.000195659 0
5.50538 -0.00019489 0
5.51437 -0.000194222 0
5.52336 -0.00019362 0
5.53236 -0.000193085 0
5.54135 -0.000192614 0
5.55034 -0.00019218 0
5.55934 -0.000191803 0
5.56833 -0.00019145 0
5.57732 -0.000191141 0
5.58631 -0.000190854 0
5.59531 -0.000190592 0
5.6043 -0.000190353 0
5.61329 -0.00019013 0
5.62229 -0.000189929 0
5.63128 -0.000189744 0
5.64027 -0.00018957 0
5.64927 -0.000189401 0
5.65826 -0.000189247 0
5.66725 -0.000189096 0
5.67625 -0.000188961 0
5.68524 -0.000188831 0
5.69423 -0.000188702 0
5.70323 -0.000188582 0
5.71222 -0.000188465 0
5.72121 -0.000188354 0
5.73021 -0.000188244 0
5.7392 -0.000188141 0
5.74819 -0.00018804 0
5.75718 -0.000187942 0
5.76618 -0.000187848 0
5.77517 -0.000187757 0
5.78416 -0.000187669 0
5.79316 -0.000187587 0
5.80215 -0.0001875 0
5.81114 -0.00018742 0
5.82014 -0.000187341 0
5.82913 -0.000187262 0
5.83812 -0.000187189 0
5.84712 -0.000187116 0
5.85611 -0.000187044 0
5.8651 -0.000186975 0
5.8741 -0.000186906 0
5.88309 -0.000186835 0
5.89208 -0.000186771 0
5.90108 -0.000186705 0
5.91007 -0.00018664 0
5.91906 -0.000186576 0
5.92805 -0.000186513 0
5.93705 -0.00018645 0
5.94604 -0.000186391 0
5.95503 -0.000186333 0
5.96403 -0.000186274 0
5.97302 -0.000186216 0
5.98201 -0.00018616 0
5.99101 -0.000186106 0
6 -0.000186053 0
