-3 0
-2.9912 2.98128e-06
-2.9824 2.06703e-06
-2.97361 -3.52857e-07
-2.96481 -1.94003e-06
-2.95601 6.45459e-07
-2.94721 -5.12437e-07
-2.93842 -3.49234e-07
-2.92962 1.92337e-07
-2.92082 8.12912e-07
-2.91202 -1.33658e-06
-2.90323 -1.93165e-06
-2.89443 8.42997e-08
-2.88563 -2.77931e-07
-2.87683 -9.06128e-07
-2.86803 -3.73246e-08
-2.85924 -4.96109e-08
-2.85044 -3.78075e-07
-2.84164 5.74556e-07
-2.83284 1.62726e-07
-2.82405 6.03096e-08
-2.81525 6.92208e-07
-2.80645 1.16685e-06
-2.79765 -3.84921e-07
-2.78886 2.21231e-07
-2.78006 5.60108e-07
-2.77126 -1.11412e-07
-2.76246 -6.45009e-07
-2.75367 3.67964e-07
-2.74487 7.62282e-07
-2.73607 1.82024e-07
-2.72727 -7.33643e-08
-2.71847 -5.72223e-07
-2.70968 -4.61628e-07
-2.70088 -3.92472e-07
-2.69208 1.36669e-07
-2.68328 3.33085e-07
-2.67449 -3.20197e-07
-2.66569 -7.1754e-07
-2.65689 -9.37824e-08
-2.64809 -7.07698e-08
-2.6393 -2.29615e-07
-2.6305 -1.14871e-07
-2.6217 5.59318e-07
-2.6129 4.88928e-07
-2.60411 5.49028e-07
-2.59531 7.79215e-07
-2.58651 9.56494e-08
-2.57771 -9.68018e-09
-2.56891 -8.02792e-08
-2.56012 2.1119e-07
-2.55132 1.52439e-07
-2.54252 -2.87104e-07
-2.53372 -7.76291e-07
-2.52493 -2.39219e-07
-2.51613 5.98484e-07
-2.50733 6.64262e-07
-2.49853 2.77205e-07
-2.48974 -3.56511e-07
-2.48094 8.02428e-08
-2.47214 5.93234e-07
-2.46334 2.36799e-07
-2.45455 4.1548e-08
-2.44575 1.41209e-07
-2.43695 -2.07319e-07
-2.42815 -3.91866e-07
-2.41935 -3.94356e-07
-2.41056 -3.3843e-07
-2.40176 8.38276e-08
-2.39296 -2.29617e-07
-2.38416 1.92834e-08
-2.37537 1.71191e-07
-2.36657 2.56241e-07
-2.35777 2.40779e-07
-2.34897 -1.80757e-08
-2.34018 -1.21752e-07
-2.33138 -7.89589e-08
-2.32258 1.7193e-07
-2.31378 3.39293e-08
-2.30499 2.03012e-07
-2.29619 4.24965e-07
-2.28739 7.82959e-07
-2.27859 7.57956e-07
-2.26979 -2.58437e-07
-2.261 7.55818e-07
-2.2522 -1.83042e-07
-2.2434 1.31513e-06
-2.2346 9.06932e-07
-2.22581 1.57488e-06
-2.21701 8.36877e-07
-2.20821 5.09909e-07
-2.19941 6.31656e-07
-2.19062 1.12475e-06
-2.18182 1.00171e-06
-2.17302 2.23542e-06
-2.16422 4.44478e-06
-2.15543 1.10427e-05
-2.14663 2.76626e-05
-2.13783 6.91105e-05
-2.12903 0.000162219
-2.12023 0.00035009
-2.11144 0.000714897
-2.10264 0.0013772
-2.09384 0.00248376
-2.08504 0.00420447
-2.07625 0.00669684
-2.06745 0.0100599
-2.05865 0.0142772
-2.04985 0.0191818
-2.04106 0.0245164
-2.03226 0.0299957
-2.02346 0.0353219
-2.01466 0.0402645
-2.00586 0.044715
-1.99707 0.0486401
-1.98827 0.0520667
-1.97947 0.0550388
-1.97067 0.057601
-1.96188 0.0598376
-1.95308 0.0618056
-1.94428 0.0635278
-1.93548 0.0650748
-1.92669 0.0665
-1.91789 0.0677929
-1.90909 0.0689684
-1.90029 0.0700603
-1.8915 0.0710634
-1.8827 0.0719772
-1.8739 0.0728249
-1.8651 0.0736055
-1.8563 0.0743357
-1.84751 0.0750642
-1.83871 0.0757871
-1.82991 0.0764547
-1.82111 0.0770595
-1.81232 0.0776457
-1.80352 0.078251
-1.79472 0.0788496
-1.78592 0.0793931
-1.77713 0.0799051
-1.76833 0.0804344
-1.75953 0.0809823
-1.75073 0.0815322
-1.74194 0.08208
-1.73314 0.0826352
-1.72434 0.0831944
-1.71554 0.0837109
-1.70674 0.0841703
-1.69795 0.0846339
-1.68915 0.0851519
-1.68035 0.085717
-1.67155 0.0862994
-1.66276 0.0868757
-1.65396 0.0874389
-1.64516 0.0880023
-1.63636 0.0885704
-1.62757 0.0891249
-1.61877 0.0896638
-1.60997 0.0902127
-1.60117 0.0907885
-1.59238 0.0913872
-1.58358 0.0920137
-1.57478 0.092674
-1.56598 0.0933426
-1.55718 0.0940164
-1.54839 0.094777
-1.53959 0.0957374
-1.53079 0.0969647
-1.52199 0.0985167
-1.5132 0.100485
-1.5044 0.102948
-1.4956 0.105915
-1.4868 0.109332
-1.47801 0.113099
-1.46921 0.117077
-1.46041 0.121108
-1.45161 0.125036
-1.44282 0.128725
-1.43402 0.132122
-1.42522 0.135256
-1.41642 0.138147
-1.40762 0.140763
-1.39883 0.143119
-1.39003 0.145311
-1.38123 0.147407
-1.37243 0.149395
-1.36364 0.151253
-1.35484 0.15301
-1.34604 0.15469
-1.33724 0.156292
-1.32845 0.157841
-1.31965 0.159378
-1.31085 0.160888
-1.30205 0.162311
-1.29326 0.163636
-1.28446 0.164906
-1.27566 0.166132
-1.26686 0.167297
-1.25806 0.168421
-1.24927 0.169545
-1.24047 0.170668
-1.23167 0.171717
-1.22287 0.172636
-1.21408 0.17343
-1.20528 0.174149
-1.19648 0.174826
-1.18768 0.175456
-1.17889 0.176013
-1.17009 0.176485
-1.16129 0.17687
-1.15249 0.177172
-1.14369 0.177401
-1.1349 0.177572
-1.1261 0.177714
-1.1173 0.177849
-1.1085 0.177968
-1.09971 0.17802
-1.09091 0.177968
-1.08211 0.177827
-1.07331 0.177635
-1.06452 0.17742
-1.05572 0.177172
-1.04692 0.176849
-1.03812 0.176422
-1.02933 0.175917
-1.02053 0.175381
-1.01173 0.174833
-1.00293 0.174267
-0.994135 0.173679
-0.985337 0.17307
-0.976539 0.172451
-0.967742 0.171843
-0.958944 0.171255
-0.950147 0.170666
-0.941349 0.170073
-0.932551 0.169511
-0.923753 0.169009
-0.914956 0.168545
-0.906158 0.168089
-0.89736 0.16765
-0.888563 0.167261
-0.879766 0.166939
-0.870968 0.166681
-0.86217 0.16647
-0.853372 0.166274
-0.844574 0.166071
-0.835777 0.165883
-0.82698 0.165747
-0.818182 0.165656
-0.809384 0.165583
-0.800586 0.165524
-0.791789 0.165491
-0.782991 0.165478
-0.774193 0.16547
-0.765396 0.165472
-0.756598 0.165499
-0.747801 0.165548
-0.739003 0.16559
-0.730205 0.16559
-0.721407 0.165551
-0.71261 0.165504
-0.703812 0.165473
-0.695015 0.16545
-0.686217 0.165427
-0.677419 0.165409
-0.668622 0.165392
-0.659824 0.165363
-0.651026 0.165321
-0.642229 0.165281
-0.633431 0.165252
-0.624633 0.165227
-0.615836 0.165196
-0.607038 0.165162
-0.59824 0.165149
-0.589442 0.165157
-0.580645 0.165153
-0.571847 0.16511
-0.56305 0.165046
-0.554252 0.16498
-0.545454 0.164896
-0.536657 0.164783
-0.527859 0.164671
-0.519062 0.164601
-0.510264 0.164572
-0.501466 0.164539
-0.492668 0.164461
-0.483871 0.164338
-0.475073 0.164193
-0.466275 0.16404
-0.457478 0.163878
-0.44868 0.163716
-0.439883 0.163559
-0.431085 0.163395
-0.422287 0.163209
-0.413489 0.163003
-0.404692 0.162786
-0.395895 0.162567
-0.387097 0.162343
-0.378299 0.162111
-0.369501 0.161856
-0.360703 0.16157
-0.351906 0.161255
-0.343108 0.16092
-0.334311 0.160574
-0.325513 0.16023
-0.316715 0.159901
-0.307918 0.159584
-0.29912 0.159256
-0.290322 0.158904
-0.281525 0.158533
-0.272727 0.15815
-0.26393 0.157759
-0.255132 0.157364
-0.246334 0.156979
-0.237536 0.156608
-0.228739 0.156243
-0.219941 0.155877
-0.211144 0.155507
-0.202346 0.155134
-0.193548 0.154754
-0.184751 0.154364
-0.175953 0.153976
-0.167155 0.153606
-0.158358 0.153272
-0.14956 0.152975
-0.140762 0.152705
-0.131965 0.152448
-0.123167 0.152199
-0.114369 0.151965
-0.105572 0.151752
-0.0967743 0.15156
-0.0879766 0.151383
-0.0791789 0.151211
-0.0703812 0.151041
-0.0615834 0.150878
-0.0527856 0.150731
-0.043988 0.150609
-0.0351908 0.150521
-0.0263931 0.150478
-0.0175953 0.150477
-0.00879753 0.150495
1.19209e-07 0.150504
0.00879788 0.150502
0.0175956 0.150512
0.0263928 0.150544
0.0351906 0.150582
0.0439882 0.150612
0.052786 0.150637
0.0615838 0.150659
0.0703815 0.15066
0.0791792 0.150621
0.0879763 0.150539
0.0967741 0.150427
0.105572 0.150298
0.11437 0.150166
0.123167 0.15002
0.131965 0.149822
0.140763 0.14953
0.14956 0.149132
0.158358 0.148643
0.167155 0.148078
0.175953 0.147433
0.184751 0.146698
0.193549 0.145868
0.202346 0.144947
0.211143 0.143942
0.219941 0.142853
0.228739 0.141675
0.237537 0.140411
0.246334 0.139071
0.255132 0.137673
0.26393 0.136228
0.272727 0.134755
0.281525 0.133269
0.290323 0.131769
0.29912 0.130244
0.307918 0.128693
0.316716 0.127126
0.325513 0.125551
0.334311 0.123956
0.343108 0.122311
0.351906 0.120598
0.360704 0.11881
0.369502 0.116948
0.378299 0.115009
0.387097 0.112974
0.395894 0.110814
0.404692 0.108495
0.41349 0.105983
0.422287 0.103256
0.431085 0.100293
0.439883 0.0970801
0.448681 0.0936077
0.457478 0.0899027
0.466276 0.0860532
0.475073 0.0822027
0.483871 0.0785021
0.492669 0.0750787
0.501467 0.0720313
0.510264 0.0694338
0.519061 0.0673215
0.527859 0.0656728
0.536657 0.0644128
0.545455 0.0634388
0.554252 0.0626558
0.56305 0.0619945
0.571848 0.0614072
0.580645 0.0608569
0.589443 0.0603161
0.59824 0.0597776
0.607038 0.0592514
0.615836 0.0587482
0.624634 0.0582641
0.633431 0.057787
0.642229 0.0573113
0.651026 0.0568419
0.659824 0.0563856
0.668622 0.0559413
0.67742 0.0555035
0.686217 0.0550684
0.695015 0.0546353
0.703812 0.0542042
0.71261 0.0537733
0.721408 0.0533386
0.730205 0.0528983
0.739003 0.0524517
0.747801 0.0519996
0.756599 0.0515428
0.765396 0.0510842
0.774193 0.0506292
0.782991 0.0501806
0.791789 0.049732
0.800587 0.049271
0.809384 0.0487919
0.818182 0.0483002
0.826979 0.0478057
0.835777 0.0473094
0.844575 0.0467989
0.853373 0.0462571
0.86217 0.0456727
0.870968 0.0450446
0.879766 0.044379
0.888563 0.0436783
0.897361 0.0429321
0.906158 0.0421173
0.914956 0.0412086
0.923754 0.0401824
0.932552 0.0390108
0.941349 0.0376498
0.950146 0.0360354
0.958944 0.0340878
0.967742 0.0317187
0.97654 0.0288471
0.985337 0.0254321
0.994135 0.0215262
1.00293 0.0173163
1.01173 0.0131138
1.02053 0.00927734
1.02933 0.00610041
1.03812 0.00372162
1.04692 0.00210996
1.05572 0.00111712
1.06452 0.00055742
1.07331 0.000266577
1.08211 0.000126882
1.09091 6.65514e-05
1.09971 5.0481e-05
1.1085 8.81456e-05
1.1173 0.00025363
1.1261 0.000672555
1.1349 0.00143823
1.14369 0.0025071
1.15249 0.00368485
1.16129 0.00473615
1.17009 0.00552426
1.17889 0.00605508
1.18768 0.006413
1.19648 0.00667903
1.20528 0.00689813
1.21408 0.00708995
1.22287 0.0072631
1.23167 0.00742152
1.24047 0.00756645
1.24927 0.00770106
1.25806 0.00782987
1.26686 0.00795626
1.27566 0.00808093
1.28446 0.0082039
1.29326 0.00832644
1.30205 0.00844884
1.31085 0.00857051
1.31965 0.00869093
1.32845 0.00881198
1.33724 0.00893499
1.34604 0.00905796
1.35484 0.00917626
1.36364 0.00928861
1.37243 0.00939919
1.38123 0.00951377
1.39003 0.00963465
1.39883 0.00975902
1.40762 0.00988235
1.41642 0.0100012
1.42522 0.0101139
1.43402 0.0102214
1.44282 0.0103261
1.45161 0.010432
1.46041 0.0105422
1.46921 0.0106576
1.47801 0.010777
1.4868 0.0108988
1.4956 0.011021
1.5044 0.0111415
1.5132 0.0112594
1.52199 0.0113743
1.53079 0.0114882
1.53959 0.0116024
1.54839 0.0117176
1.55718 0.0118331
1.56598 0.0119495
1.57478 0.0120683
1.58358 0.0121898
1.59238 0.0123124
1.60117 0.012434
1.60997 0.0125545
1.61877 0.0126748
1.62757 0.0127938
1.63636 0.0129099
1.64516 0.0130227
1.65396 0.013136
1.66276 0.0132525
1.67155 0.0133718
1.68035 0.0134916
1.68915 0.0136106
1.69795 0.0137297
1.70674 0.0138486
1.71554 0.0139675
1.72434 0.0140879
1.73314 0.0142114
1.74194 0.0143383
1.75073 0.0144658
1.75953 0.0145913
1.76833 0.0147138
1.77713 0.0148349
1.78592 0.0149556
1.79472 0.0150766
1.80352 0.0151975
1.81232 0.0153194
1.82111 0.0154431
1.82991 0.0155688
1.83871 0.0156952
1.84751 0.0158224
1.85631 0.0159514
1.8651 0.0160828
1.8739 0.0162146
1.8827 0.0163451
1.8915 0.0164753
1.90029 0.0166074
1.90909 0.0167419
1.91789 0.0168777
1.92669 0.0170131
1.93548 0.0171481
1.94428 0.0172825
1.95308 0.0174166
1.96188 0.017551
1.97067 0.0176871
1.97947 0.0178261
1.98827 0.017968
1.99707 0.018112
2.00587 0.0182562
2.01466 0.0183987
2.02346 0.0185374
2.03226 0.0186725
2.04106 0.0188062
2.04985 0.0189412
2.05865 0.0190777
2.06745 0.0192139
2.07625 0.0193499
2.08504 0.0194884
2.09384 0.0196318
2.10264 0.0197794
2.11144 0.0199284
2.12023 0.0200753
2.12903 0.0202193
2.13783 0.0203643
2.14663 0.0205156
2.15543 0.0206754
2.16422 0.02084
2.17302 0.0210028
2.18182 0.0211617
2.19062 0.0213194
2.19941 0.0214793
2.20821 0.0216416
2.21701 0.0218052
2.22581 0.0219695
2.2346 0.0221343
2.2434 0.0222978
2.2522 0.0224589
2.261 0.0226194
2.26979 0.022782
2.27859 0.0229473
2.28739 0.0231131
2.29619 0.0232786
2.30499 0.0234455
2.31378 0.023617
2.32258 0.023796
2.33138 0.0239821
2.34018 0.0241731
2.34897 0.0243636
2.35777 0.0245478
2.36657 0.0247235
2.37537 0.024894
2.38416 0.0250655
2.39296 0.0252429
2.40176 0.025428
2.41056 0.0256202
2.41935 0.0258186
2.42815 0.0260227
2.43695 0.0262331
2.44575 0.0264486
2.45455 0.0266655
2.46334 0.0268805
2.47214 0.027095
2.48094 0.0273125
2.48974 0.0275332
2.49853 0.0277521
2.50733 0.0279636
2.51613 0.0281692
2.52493 0.0283767
2.53372 0.0285937
2.54252 0.0288207
2.55132 0.0290507
2.56012 0.0292768
2.56891 0.0294999
2.57771 0.0297281
2.58651 0.029969
2.59531 0.0302241
2.60411 0.0304889
2.6129 0.0307572
2.6217 0.0310243
2.6305 0.0312877
2.6393 0.0315465
2.64809 0.0318027
2.65689 0.0320633
2.66569 0.0323346
2.67449 0.0326171
2.68328 0.0329034
2.69208 0.0331854
2.70088 0.0334636
2.70968 0.0337488
2.71848 0.0340518
2.72727 0.0343714
2.73607 0.0346964
2.74487 0.0350165
2.75367 0.0353325
2.76246 0.0356521
2.77126 0.0359804
2.78006 0.0363182
2.78886 0.0366609
2.79765 0.0370006
2.80645 0.0373321
2.81525 0.0376617
2.82405 0.038005
2.83284 0.0383733
2.84164 0.0387613
2.85044 0.0391555
2.85924 0.0395469
2.86804 0.0399399
2.87683 0.0403428
2.88563 0.0407552
2.89443 0.0411676
2.90323 0.041571
2.91202 0.041971
2.92082 0.0423818
2.92962 0.042813
2.93842 0.0432599
2.94721 0.0437097
2.95601 0.0441567
2.96481 0.0446051
2.97361 0.0450606
2.9824 0.0455249
2.9912 0.0459969
3 0.0464783
3.0088 0.0469704
3.0176 0.0474693
3.02639 0.0479671
3.03519 0.0484573
3.04399 0.0489374
3.05279 0.0494102
3.06158 0.0498816
3.07038 0.0503582
3.07918 0.0508422
3.08798 0.0513279
3.09677 0.0518038
3.10557 0.0522537
3.11437 0.0526671
3.12317 0.0530445
3.13196 0.0533936
3.14076 0.0537174
3.14956 0.0540114
3.15836 0.0542688
3.16716 0.0544868
3.17595 0.054662
3.18475 0.0547901
3.19355 0.0548675
3.20235 0.0548918
3.21114 0.0548598
3.21994 0.0547725
3.22874 0.0546415
3.23754 0.0544843
3.24633 0.0543103
3.25513 0.054114
3.26393 0.0538816
3.27273 0.0536057
3.28153 0.0532898
3.29032 0.0529472
3.29912 0.052592
3.30792 0.0522352
3.31672 0.0518834
3.32551 0.0515373
3.33431 0.0511913
3.34311 0.0508389
3.35191 0.0504804
3.3607 0.0501216
3.3695 0.0497661
3.3783 0.0494127
3.3871 0.0490656
3.39589 0.0487326
3.40469 0.0484134
3.41349 0.0481001
3.42229 0.0477894
3.43109 0.047485
3.43988 0.0471897
3.44868 0.046903
3.45748 0.0466251
3.46628 0.0463539
3.47507 0.046084
3.48387 0.0458112
3.49267 0.0455384
3.50147 0.0452702
3.51026 0.0450091
3.51906 0.0447606
3.52786 0.0445295
3.53666 0.0443123
3.54545 0.0440967
3.55425 0.0438763
3.56305 0.0436564
3.57185 0.0434419
3.58065 0.0432302
3.58944 0.0430204
3.59824 0.04282
3.60704 0.0426353
3.61584 0.0424594
3.62463 0.0422767
3.63343 0.0420794
3.64223 0.041876
3.65103 0.0416813
3.65982 0.041503
3.66862 0.0413393
3.67742 0.0411853
3.68622 0.0410356
3.69501 0.0408829
3.70381 0.0407203
3.71261 0.040548
3.72141 0.0403733
3.73021 0.0402043
3.739 0.0400499
3.7478 0.0399167
3.7566 0.0397983
3.7654 0.0396695
3.77419 0.0395131
3.78299 0.0393449
3.79179 0.0391976
3.80059 0.0390812
3.80938 0.0389748
3.81818 0.0388558
3.82698 0.0387239
3.83578 0.0385929
3.84457 0.0384684
3.85337 0.0383484
3.86217 0.0382318
3.87097 0.0381189
3.87977 0.0380071
3.88856 0.0378929
3.89736 0.0377774
3.90616 0.0376606
3.91496 0.037541
3.92375 0.0374204
3.93255 0.0373065
3.94135 0.0372042
3.95015 0.0371129
3.95894 0.037026
3.96774 0.0369348
3.97654 0.036833
3.98534 0.0367225
3.99413 0.0366107
4.00293 0.0365041
4.01173 0.0364061
4.02053 0.0363196
4.02933 0.0362418
4.03812 0.0361648
4.04692 0.0360819
4.05572 0.035994
4.06452 0.0359048
4.07331 0.035814
4.08211 0.0357179
4.09091 0.0356162
4.09971 0.0355143
4.1085 0.0354192
4.1173 0.0353326
4.1261 0.0352521
4.1349 0.0351752
4.14369 0.0351024
4.15249 0.0350329
4.16129 0.0349595
4.17009 0.0348777
4.17889 0.0347924
4.18768 0.0347151
4.19648 0.0346486
4.20528 0.0345841
4.21408 0.0345094
4.22287 0.0344213
4.23167 0.0343259
4.24047 0.0342332
4.24927 0.0341478
4.25806 0.0340677
4.26686 0.0339888
4.27566 0.0339103
4.28446 0.0338333
4.29325 0.0337574
4.30205 0.033681
4.31085 0.0336065
4.31965 0.0335364
4.32845 0.0334665
4.33724 0.0333894
4.34604 0.0333083
4.35484 0.0332357
4.36364 0.033174
4.37243 0.0331101
4.38123 0.0330368
4.39003 0.0329599
4.39883 0.0328874
4.40762 0.0328196
4.41642 0.0327529
4.42522 0.0326836
4.43402 0.0326087
4.44282 0.0325289
4.45161 0.0324486
4.46041 0.0323696
4.46921 0.0322898
4.47801 0.0322118
4.4868 0.0321431
4.4956 0.0320824
4.5044 0.0320161
4.5132 0.0319396
4.52199 0.0318661
4.53079 0.0318042
4.53959 0.0317418
4.54839 0.0316669
4.55718 0.03159
4.56598 0.031529
4.57478 0.0314821
4.58358 0.0314309
4.59238 0.0313676
4.60117 0.0313015
4.60997 0.0312408
4.61877 0.0311824
4.62757 0.0311257
4.63636 0.0310745
4.64516 0.0310276
4.65396 0.0309779
4.66276 0.0309209
4.67155 0.0308562
4.68035 0.0307909
4.68915 0.0307355
4.69795 0.0306871
4.70674 0.0306275
4.71554 0.0305536
4.72434 0.030487
4.73314 0.0304401
4.74194 0.0304006
4.75073 0.0303552
4.75953 0.0303013
4.76833 0.030235
4.77713 0.0301599
4.78592 0.0300942
4.79472 0.0300439
4.80352 0.0299919
4.81232 0.0299273
4.82111 0.0298555
4.82991 0.0297776
4.83871 0.0296958
4.84751 0.0296283
4.85631 0.0295891
4.8651 0.0295591
4.8739 0.0295103
4.8827 0.0294338
4.8915 0.0293343
4.90029 0.0292365
4.90909 0.0291676
4.91789 0.0291127
4.92669 0.0290378
4.93548 0.0289476
4.94428 0.0288615
4.95308 0.0287795
4.96188 0.0287049
4.97067 0.0286378
4.97947 0.0285581
4.98827 0.0284642
4.99707 0.0283743
5.00587 0.0282848
5.01466 0.0281872
5.02346 0.0280934
5.03226 0.0280106
5.04106 0.0279245
5.04985 0.0278156
5.05865 0.0276868
5.06745 0.0275589
5.07625 0.0274401
5.08504 0.0273263
5.09384 0.0272118
5.10264 0.0270753
5.11144 0.0269035
5.12023 0.0267188
5.12903 0.0265397
5.13783 0.0263547
5.14663 0.0261514
5.15543 0.0259281
5.16422 0.0256833
5.17302 0.0254168
5.18182 0.0251264
5.19062 0.0247974
5.19941 0.024407
5.20821 0.0239547
5.21701 0.0234622
5.22581 0.0229156
5.2346 0.0222623
5.2434 0.0214767
5.2522 0.0205641
5.261 0.0194914
5.26979 0.018192
5.27859 0.016625
5.28739 0.0147706
5.29619 0.0126468
5.30499 0.0103593
5.31378 0.00805796
5.32258 0.00589664
5.33138 0.00403445
5.34018 0.00257962
5.34897 0.00154282
5.35777 0.000865235
5.36657 0.000456942
5.37537 0.000227274
5.38416 0.000107133
5.39296 4.84512e-05
5.40176 2.08279e-05
5.41056 8.3627e-06
5.41935 3.24456e-06
5.42815 1.60985e-06
5.43695 1.07997e-06
5.44575 1.11316e-06
5.45455 1.3584e-06
5.46334 9.0505e-07
5.47214 4.13206e-07
5.48094 -7.30355e-08
5.48974 -1.1088e-07
5.49853 1.41766e-07
5.50733 1.21277e-07
5.51613 2.43895e-08
5.52493 -2.08525e-08
5.53372 -1.75692e-07
5.54252 -3.42632e-07
5.55132 4.6521e-08
5.56012 4.14137e-07
5.56891 2.63444e-07
5.57771 1.50981e-07
5.58651 2.24485e-08
5.59531 1.32897e-07
5.60411 2.50589e-07
5.6129 1.85041e-07
5.6217 -1.12101e-09
5.6305 6.86697e-08
5.6393 1.70758e-07
5.64809 2.99402e-07
5.65689 4.76001e-07
5.66569 3.97023e-07
5.67449 1.37352e-07
5.68328 3.35959e-07
5.69208 2.33517e-08
5.70088 -2.21381e-07
5.70968 -4.33837e-07
5.71847 -1.44542e-07
5.72727 3.49794e-07
5.73607 2.21368e-07
5.74487 6.423e-07
5.75367 3.76213e-07
5.76246 3.63198e-07
5.77126 2.30235e-07
5.78006 6.91012e-08
5.78886 2.1922e-08
5.79765 6.2524e-09
5.80645 -1.27683e-07
5.81525 -6.80769e-08
5.82405 2.20948e-07
5.83284 3.45654e-07
5.84164 3.55123e-07
5.85044 5.60305e-09
5.85924 -6.95317e-07
5.86803 -5.54565e-07
5.87683 -2.01205e-08
5.88563 2.80951e-07
5.89443 2.71557e-07
5.90323 1.73035e-07
5.91202 -4.06972e-07
5.92082 -4.40525e-07
5.92962 -5.78571e-07
5.93842 -5.86711e-07
5.94721 -4.38247e-07
5.95601 1.84804e-07
5.96481 2.55398e-07
5.97361 4.10279e-07
5.9824 1.87425e-07
5.9912 -1.43733e-07
6 -3.81152e-07
