-1 0
-0.995112 0.00994775
-0.990225 0.00703732
-0.985337 0.00575098
-0.98045 0.00498606
-0.975562 0.00446124
-0.970675 0.00406974
-0.965787 0.00377395
-0.960899 0.00353282
-0.956012 0.00333547
-0.951124 0.00315962
-0.946237 0.00301606
-0.941349 0.00288587
-0.936461 0.00277631
-0.931574 0.00268216
-0.926686 0.00258643
-0.921799 0.00250641
-0.916911 0.00243163
-0.912023 0.00236484
-0.907136 0.00230346
-0.902248 0.00224454
-0.897361 0.00219523
-0.892473 0.00214732
-0.887585 0.00209818
-0.882698 0.00205841
-0.87781 0.00201463
-0.872923 0.00197827
-0.868035 0.00194056
-0.863147 0.00190781
-0.85826 0.00187655
-0.853372 0.00184026
-0.848485 0.00181123
-0.843597 0.00178628
-0.83871 0.00176129
-0.833822 0.00173501
-0.828934 0.00170904
-0.824047 0.00168788
-0.819159 0.00166686
-0.814272 0.00164307
-0.809384 0.00162225
-0.804497 0.00160522
-0.799609 0.00158882
-0.794721 0.00156621
-0.789834 0.00155202
-0.784946 0.00153485
-0.780059 0.00151591
-0.775171 0.00150168
-0.770283 0.00148744
-0.765396 0.00147025
-0.760508 0.00145462
-0.755621 0.00144273
-0.750733 0.00142838
-0.745846 0.00141633
-0.740958 0.00140347
-0.73607 0.00139043
-0.731183 0.00137968
-0.726295 0.00136808
-0.721408 0.00135627
-0.71652 0.0013451
-0.711632 0.00133377
-0.706745 0.00132368
-0.701857 0.00131291
-0.69697 0.00130411
-0.692082 0.00129608
-0.687195 0.00128421
-0.682307 0.00127368
-0.677419 0.0012658
-0.672532 0.00125683
-0.667644 0.0012475
-0.662757 0.00124047
-0.657869 0.00123051
-0.652982 0.00122308
-0.648094 0.00121618
-0.643206 0.00120809
-0.638319 0.00120139
-0.633431 0.00119302
-0.628544 0.00118401
-0.623656 0.00117823
-0.618768 0.00117191
-0.613881 0.00116594
-0.608993 0.0011603
-0.604106 0.00115287
-0.599218 0.00114641
-0.594331 0.00113941
-0.589443 0.00113318
-0.584555 0.00112667
-0.579668 0.00112166
-0.57478 0.00111608
-0.569892 0.0011109
-0.565005 0.00110552
-0.560117 0.00109927
-0.55523 0.00109351
-0.550342 0.00108642
-0.545455 0.00108195
-0.540567 0.00107701
-0.535679 0.00107184
-0.530792 0.00106682
-0.525904 0.0010619
-0.521017 0.00105591
-0.516129 0.00105268
-0.511241 0.00104784
-0.506354 0.00104323
-0.501466 0.00103875
-0.496579 0.0010362
-0.491691 0.00103007
-0.486804 0.00102633
-0.481916 0.00102147
-0.477028 0.00101858
-0.472141 0.00101439
-0.467253 0.00100993
-0.462366 0.00100688
-0.457478 0.00100259
-0.45259 0.000998454
-0.447703 0.000996631
-0.442815 0.000994046
-0.437928 0.000991806
-0.43304 0.000992657
-0.428152 0.000995191
-0.423265 0.00100244
-0.418377 0.00102517
-0.41349 0.00109743
-0.408602 0.00142859
-0.403715 0.00680464
-0.398827 0.147991
-0.393939 0.311611
-0.389052 0.337624
-0.384164 0.351414
-0.379277 0.364578
-0.374389 0.378069
-0.369501 0.392202
-0.364614 0.407832
-0.359726 0.425144
-0.354839 0.444281
-0.349951 0.465983
-0.345064 0.490345
-0.340176 0.519125
-0.335288 0.553169
-0.330401 0.594148
-0.325513 0.644269
-0.320626 0.710664
-0.315738 0.802481
-0.310851 0.948332
-0.305963 1.24392
-0.301075 1.41344
-0.296188 1.15286
-0.2913 0.987705
-0.286413 0.894518
-0.281525 0.831398
-0.276637 0.785654
-0.27175 0.750963
-0.266862 0.724413
-0.261975 0.705071
-0.257087 0.690937
-0.252199 0.681634
-0.247312 0.677276
-0.242424 0.679133
-0.237537 0.687981
-0.232649 0.705279
-0.227762 0.736297
-0.222874 0.789966
-0.217986 0.896242
-0.213099 1.30086
-0.208211 1.87043
-0.203324 0.52753
-0.198436 0.160453
-0.193548 0.147183
-0.188661 0.140442
-0.183773 0.135283
-0.178886 0.130682
-0.173998 0.126438
-0.16911 0.122652
-0.164223 0.119136
-0.159335 0.115779
-0.154448 0.112554
-0.14956 0.109523
-0.144672 0.10679
-0.139785 0.10416
-0.134897 0.101619
-0.13001 0.0992452
-0.125122 0.097042
-0.120234 0.094718
-0.115347 0.0925471
-0.110459 0.0904053
-0.105572 0.0884502
-0.100684 0.0866272
-0.0957966 0.0848175
-0.090909 0.0829255
-0.0860214 0.0811184
-0.0811338 0.0793984
-0.0762463 0.0777675
-0.0713587 0.0762086
-0.0664711 0.0747095
-0.0615835 0.0732041
-0.0566959 0.07182
-0.0518084 0.0703758
-0.0469208 0.0689104
-0.0420332 0.067459
-0.0371456 0.066141
-0.032258 0.0647486
-0.0273705 0.0634233
-0.0224829 0.062211
-0.0175953 0.0609813
-0.0127077 0.059674
-0.00782013 0.0583389
-0.00293255 0.0569082
0.00195503 0.0554849
0.00684261 0.0540779
0.0117302 0.0525399
0.0166178 0.0508192
0.0215054 0.0487645
0.0263929 0.0458227
0.0312805 0.0407651
0.0361681 0.0281712
0.0410557 0.00899339
0.0459433 0.00126076
0.0508308 0.000821596
0.0557185 0.000780274
0.0606061 0.000769091
0.0654937 0.00076518
0.0703813 0.00076163
0.0752689 0.000759325
0.0801564 0.000757881
0.085044 0.000756106
0.0899316 0.000754011
0.0948192 0.000752614
0.0997068 0.000750855
0.104594 0.000749609
0.109482 0.000747972
0.11437 0.000746457
0.119257 0.000746321
0.124145 0.000745049
0.129032 0.000743888
0.13392 0.000743715
0.138808 0.00074284
0.143695 0.000741635
0.148583 0.000741058
0.15347 0.000754279
0.158358 0.000775063
0.163245 0.000774259
0.168133 0.000850142
0.173021 0.000952271
0.177908 0.000974948
0.182796 0.000958561
0.187683 0.00141307
0.192571 0.00472564
0.197459 0.00422821
0.202346 0.00111923
0.207234 0.000898941
0.212121 0.00125863
0.217009 0.00394621
0.221896 0.00433152
0.226784 0.00123815
0.231672 0.000816596
0.236559 0.000890707
0.241447 0.000979109
0.246334 0.0011521
0.251222 0.00226217
0.256109 0.00471419
0.260997 0.002646
0.265885 0.000811779
0.270772 0.000832632
0.27566 0.000847061
0.280547 0.000830689
0.285435 0.000789547
0.290323 0.000833544
0.29521 0.000913671
0.300098 0.000848655
0.304985 0.000918226
0.309873 0.00117392
0.31476 0.00163062
0.319648 0.00268814
0.324536 0.00726421
0.329423 0.00788616
0.334311 0.00776963
0.339198 0.0122314
0.344086 0.0107862
0.348974 0.00898989
0.353861 0.0149352
0.358749 0.0216991
0.363636 0.0306841
0.368524 0.0658493
0.373412 0.151995
0.378299 0.121791
0.383187 0.0412692
0.388074 0.0242081
0.392962 0.0174716
0.397849 0.0126034
0.402737 0.0139175
0.407625 0.0114645
0.412512 0.00932312
0.4174 0.00699249
0.422287 0.00336703
0.427175 0.00221797
0.432063 0.0016081
0.43695 0.001199
0.441838 0.00092866
0.446725 0.000821081
0.451613 0.000807272
0.4565 0.000860748
0.461388 0.00201865
0.466276 0.00619565
0.471163 0.00638078
0.476051 0.00298973
0.480938 0.00152221
0.485826 0.00109467
0.490714 0.0030357
0.495601 0.00410785
0.500489 0.00203758
0.505376 0.00112702
0.510264 0.00101176
0.515152 0.0009321
0.520039 0.000869561
0.524927 0.000869134
0.529814 0.000809361
0.534702 0.000830679
0.539589 0.000814937
0.544477 0.000758413
0.549365 0.000759899
0.554252 0.000762035
0.55914 0.00072985
0.564027 0.000704077
0.568915 0.000713279
0.573803 0.000871613
0.57869 0.00311701
0.583578 0.00460992
0.588465 0.00196193
0.593353 0.000808869
0.59824 0.000761748
0.603128 0.000729997
0.608016 0.000853231
0.612903 0.000856605
0.617791 0.0007312
0.622678 0.000743793
0.627566 0.000725683
0.632454 0.000684124
0.637341 0.000672627
0.642229 0.000669822
0.647116 0.000666383
0.652004 0.000663492
0.656892 0.00066126
0.661779 0.000660461
0.666667 0.00066114
0.671554 0.000661275
0.676442 0.00066304
0.681329 0.000703326
0.686217 0.000772024
0.691105 0.000723419
0.695992 0.000665332
0.70088 0.000661169
0.705767 0.00065933
0.710655 0.00065838
0.715543 0.000656927
0.72043 0.000655096
0.725318 0.000654789
0.730205 0.000653863
0.735093 0.000653289
0.73998 0.000653115
0.744868 0.000652746
0.749756 0.000652721
0.754643 0.000652173
0.759531 0.000650342
0.764418 0.000650249
0.769306 0.000650588
0.774194 0.000650594
0.779081 0.000649832
0.783969 0.000648943
0.788856 0.000648189
0.793744 0.000648174
0.798632 0.000647572
0.803519 0.000647103
0.808407 0.000647062
0.813294 0.000646661
0.818182 0.000646226
0.823069 0.000645902
0.827957 0.000645519
0.832845 0.0006449
0.837732 0.000644397
0.84262 0.00064465
0.847507 0.000644947
0.852395 0.00064448
0.857283 0.000643637
0.86217 0.000643526
0.867058 0.000643421
0.871945 0.000643098
0.876833 0.000642183
0.88172 0.000642337
0.886608 0.000642327
0.891496 0.000641767
0.896383 0.000641139
0.901271 0.000641186
0.906158 0.000640677
0.911046 0.000641149
0.915933 0.000642878
0.920821 0.000644999
0.925709 0.000649991
0.930596 0.000666551
0.935484 0.000669379
0.940371 0.000656835
0.945259 0.000683302
0.950147 0.000740516
0.955034 0.000736624
0.959922 0.000710035
0.964809 0.000729814
0.969697 0.000756741
0.974585 0.000745081
0.979472 0.000725133
0.98436 0.000709497
0.989247 0.00080293
0.994135 0.00105243
0.999022 0.00126185
1.00391 0.0019435
1.0088 0.00371674
1.01369 0.00302073
1.01857 0.00116048
1.02346 0.00107378
1.02835 0.00137702
1.03324 0.00285636
1.03812 0.0039055
1.04301 0.0020341
1.0479 0.000996372
1.05279 0.00110692
1.05767 0.0012692
1.06256 0.00209051
1.06745 0.00388174
1.07234 0.00342277
1.07722 0.00285457
1.08211 0.00387038
1.087 0.00376716
1.09189 0.00518593
1.09677 0.00695037
1.10166 0.00573581
1.10655 0.00669383
1.11144 0.0119889
1.11632 0.0151273
1.12121 0.0331288
1.1261 0.0645579
1.13099 0.0501627
1.13587 0.0199839
1.14076 0.0141199
1.14565 0.0117635
1.15054 0.00578927
1.15543 0.00281221
1.16031 0.00474211
1.1652 0.00674669
1.17009 0.00542059
1.17498 0.00293731
1.17986 0.00172228
1.18475 0.0030251
1.18964 0.00356796
1.19453 0.00199634
1.19941 0.0011973
1.2043 0.000956475
1.20919 0.000829453
1.21408 0.000756587
1.21896 0.000718816
1.22385 0.000913204
1.22874 0.00248181
1.23363 0.00349824
1.23851 0.00198621
1.2434 0.00115597
1.24829 0.0011145
1.25318 0.000979211
1.25806 0.000849002
1.26295 0.000736688
1.26784 0.000666985
1.27273 0.000646026
1.27761 0.00063718
1.2825 0.000648483
1.28739 0.000669707
1.29228 0.000671106
1.29717 0.000650798
1.30205 0.000633468
1.30694 0.000628414
1.31183 0.000627201
1.31672 0.000626594
1.3216 0.000625899
1.32649 0.00062589
1.33138 0.000626311
1.33627 0.000632022
1.34115 0.00066809
1.34604 0.00069782
1.35093 0.000672558
1.35582 0.000648965
1.3607 0.000677168
1.36559 0.000699977
1.37048 0.000663385
1.37537 0.000638068
1.38025 0.000632323
1.38514 0.000629413
1.39003 0.000629313
1.39492 0.000631795
1.3998 0.000632295
1.40469 0.000650326
1.40958 0.000806461
1.41447 0.00249484
1.41935 0.00401843
1.42424 0.0023776
1.42913 0.00107894
1.43402 0.000934387
1.43891 0.00169259
1.44379 0.00317134
1.44868 0.0028244
1.45357 0.00168938
1.45846 0.00119009
1.46334 0.000976176
1.46823 0.000856451
1.47312 0.000814561
1.47801 0.00085925
1.48289 0.00168387
1.48778 0.00805855
1.49267 0.0197638
1.49756 0.0275615
1.50244 0.0306012
1.50733 0.0322091
1.51222 0.0332873
1.51711 0.0341167
1.52199 0.0348201
1.52688 0.0354708
1.53177 0.0360511
1.53666 0.0365713
1.54154 0.0370816
1.54643 0.0376053
1.55132 0.0381388
1.55621 0.0386391
1.56109 0.0391477
1.56598 0.0396601
1.57087 0.0401087
1.57576 0.0405376
1.58065 0.0410523
1.58553 0.0415757
1.59042 0.0420561
1.59531 0.0425162
1.6002 0.0429858
1.60508 0.0435149
1.60997 0.0440748
1.61486 0.0445766
1.61975 0.0450893
1.62463 0.045648
1.62952 0.0461711
1.63441 0.0467295
1.6393 0.0473646
1.64418 0.0479323
1.64907 0.0485018
1.65396 0.0490875
1.65885 0.0496948
1.66373 0.0503043
1.66862 0.050946
1.67351 0.0516407
1.6784 0.0523257
1.68328 0.0530432
1.68817 0.0537748
1.69306 0.054482
1.69795 0.0552378
1.70283 0.0560556
1.70772 0.0568276
1.71261 0.057622
1.7175 0.0584753
1.72239 0.0593768
1.72727 0.060318
1.73216 0.0612097
1.73705 0.0621369
1.74194 0.0632121
1.74682 0.0643549
1.75171 0.0654645
1.7566 0.0666453
1.76149 0.0677985
1.76637 0.0690125
1.77126 0.0704329
1.77615 0.0719188
1.78104 0.073302
1.78592 0.0747364
1.79081 0.0764143
1.7957 0.0783057
1.80059 0.0802286
1.80547 0.0822136
1.81036 0.0844963
1.81525 0.0869435
1.82014 0.0895607
1.82502 0.0924472
1.82991 0.0954813
1.8348 0.0989652
1.83969 0.102956
1.84457 0.107311
1.84946 0.112371
1.85435 0.118376
1.85924 0.125553
1.86413 0.134524
1.86901 0.146192
1.8739 0.163358
1.87879 0.194875
1.88368 0.306705
1.88856 0.472134
1.89345 0.480247
1.89834 0.396574
1.90323 0.344291
1.90811 0.311653
1.913 0.288633
1.91789 0.270941
1.92278 0.256713
1.92766 0.244918
1.93255 0.234982
1.93744 0.226397
1.94233 0.218866
1.94721 0.21214
1.9521 0.206125
1.95699 0.200766
1.96188 0.195992
1.96676 0.191639
1.97165 0.18738
1.97654 0.183413
1.98143 0.1799
1.98631 0.1768
1.9912 0.173826
1.99609 0.170798
2.00098 0.168087
2.00587 0.165653
2.01075 0.163292
2.01564 0.160958
2.02053 0.158709
2.02542 0.156688
2.0303 0.154807
2.03519 0.15288
2.04008 0.151089
2.04497 0.149454
2.04985 0.147814
2.05474 0.14621
2.05963 0.144736
2.06452 0.143337
2.0694 0.142017
2.07429 0.140891
2.07918 0.139658
2.08407 0.138298
2.08895 0.137055
2.09384 0.135827
2.09873 0.134642
2.10362 0.133674
2.1085 0.132739
2.11339 0.131712
2.11828 0.130661
2.12317 0.129684
2.12805 0.128951
2.13294 0.128112
2.13783 0.127296
2.14272 0.126533
2.1476 0.125548
2.15249 0.124665
2.15738 0.123991
2.16227 0.123274
2.16716 0.122536
2.17204 0.121967
2.17693 0.121394
2.18182 0.120676
2.18671 0.120036
2.19159 0.119448
2.19648 0.118935
2.20137 0.118328
2.20626 0.11769
2.21114 0.117252
2.21603 0.116818
2.22092 0.116204
2.22581 0.115529
2.23069 0.114998
2.23558 0.114551
2.24047 0.114091
2.24536 0.113627
2.25024 0.113134
2.25513 0.112629
2.26002 0.112194
2.26491 0.111831
2.26979 0.111484
2.27468 0.111136
2.27957 0.110756
2.28446 0.110329
2.28935 0.109904
2.29423 0.109612
2.29912 0.109284
2.30401 0.108933
2.3089 0.108537
2.31378 0.108301
2.31867 0.108063
2.32356 0.10775
2.32845 0.107439
2.33333 0.107095
2.33822 0.106842
2.34311 0.106667
2.348 0.106414
2.35288 0.10607
2.35777 0.105918
2.36266 0.10569
2.36755 0.105457
2.37243 0.10526
2.37732 0.105078
2.38221 0.104899
2.3871 0.104634
2.39198 0.104412
2.39687 0.104286
2.40176 0.104094
2.40665 0.103733
2.41153 0.103523
2.41642 0.103344
2.42131 0.103299
2.4262 0.103214
2.43109 0.103004
2.43597 0.102921
2.44086 0.102879
2.44575 0.10274
2.45064 0.102638
2.45552 0.102541
2.46041 0.102425
2.4653 0.102362
2.47019 0.102318
2.47507 0.102301
2.47996 0.102333
2.48485 0.102316
2.48974 0.102367
2.49462 0.102444
2.49951 0.102287
2.5044 0.10215
2.50929 0.102096
2.51417 0.102169
2.51906 0.102136
2.52395 0.102101
2.52884 0.102185
2.53372 0.102275
2.53861 0.102392
2.5435 0.102536
2.54839 0.102552
2.55327 0.102711
2.55816 0.102924
2.56305 0.103001
2.56794 0.103108
2.57282 0.103325
2.57771 0.103511
2.5826 0.103804
2.58749 0.104095
2.59238 0.104213
2.59726 0.104339
2.60215 0.104602
2.60704 0.105046
2.61193 0.105587
2.61681 0.105984
2.6217 0.106436
2.62659 0.107043
2.63148 0.10766
2.63636 0.108191
2.64125 0.108789
2.64614 0.109625
2.65103 0.110553
2.65591 0.111428
2.6608 0.112484
2.66569 0.113717
2.67058 0.115162
2.67546 0.116666
2.68035 0.118093
2.68524 0.119625
2.69013 0.121245
2.69501 0.122989
2.6999 0.124891
2.70479 0.127051
2.70968 0.129524
2.71457 0.132552
2.71945 0.13623
2.72434 0.140969
2.72923 0.147213
2.73412 0.153995
2.739 0.156486
2.74389 0.151719
2.74878 0.145213
2.75367 0.142191
2.75855 0.142114
2.76344 0.143317
2.76833 0.145167
2.77322 0.147363
2.7781 0.149834
2.78299 0.152421
2.78788 0.155191
2.79277 0.157933
2.79765 0.160662
2.80254 0.16354
2.80743 0.166617
2.81232 0.169668
2.8172 0.172702
2.82209 0.175987
2.82698 0.179594
2.83187 0.182912
2.83675 0.186167
2.84164 0.189792
2.84653 0.193671
2.85142 0.197641
2.8563 0.201547
2.86119 0.205548
2.86608 0.209742
2.87097 0.213881
2.87586 0.218321
2.88074 0.223192
2.88563 0.227929
2.89052 0.233005
2.89541 0.238065
2.90029 0.243634
2.90518 0.249311
2.91007 0.255024
2.91496 0.261111
2.91984 0.267531
2.92473 0.274383
2.92962 0.281399
2.93451 0.288616
2.93939 0.296337
2.94428 0.304207
2.94917 0.312901
2.95406 0.32209
2.95894 0.33177
2.96383 0.341997
2.96872 0.352753
2.97361 0.364527
2.97849 0.377143
2.98338 0.390497
2.98827 0.405202
2.99316 0.421548
2.99804 0.439032
3.00293 0.45849
3.00782 0.480519
3.01271 0.504919
3.0176 0.53306
3.02248 0.566336
3.02737 0.606271
3.03226 0.655538
3.03715 0.720723
3.04203 0.817438
3.04692 0.983039
3.05181 1.07719
3.0567 0.963393
3.06158 0.820092
3.06647 0.782244
3.07136 0.842972
3.07625 0.993725
3.08113 1.35357
3.08602 1.3331
3.09091 0.722969
3.0958 0.527008
3.10068 0.477526
3.10557 0.445949
3.11046 0.422181
3.11535 0.403502
3.12023 0.388384
3.12512 0.375041
3.13001 0.363329
3.1349 0.353439
3.13978 0.344602
3.14467 0.3366
3.14956 0.329483
3.15445 0.322659
3.15934 0.316513
3.16422 0.311146
3.16911 0.306223
3.174 0.301512
3.17889 0.29719
3.18377 0.293166
3.18866 0.2891
3.19355 0.28515
3.19844 0.281933
3.20332 0.279059
3.20821 0.275473
3.2131 0.27259
3.21799 0.269514
3.22287 0.266758
3.22776 0.264167
3.23265 0.261089
3.23754 0.257887
3.24242 0.253898
3.24731 0.247112
3.2522 0.206683
3.25709 0.0618393
3.26197 0.00223526
3.26686 0.00113242
3.27175 0.000973079
3.27664 0.000925972
3.28153 0.000908469
3.28641 0.00090245
3.2913 0.000901734
3.29619 0.000901245
3.30108 0.000900939
3.30596 0.000902099
3.31085 0.000905251
3.31574 0.000907252
3.32063 0.000910014
3.32551 0.000912329
3.3304 0.000914188
3.33529 0.000917389
3.34018 0.000919342
3.34506 0.000922417
3.34995 0.000926375
3.35484 0.000929638
3.35973 0.000932933
3.36461 0.000934331
3.3695 0.000936788
3.37439 0.000939709
3.37928 0.000944109
3.38416 0.000946668
3.38905 0.000951074
3.39394 0.000955012
3.39883 0.000956312
3.40371 0.000960589
3.4086 0.000964765
3.41349 0.000968849
3.41838 0.000970992
3.42326 0.000973864
3.42815 0.000978776
3.43304 0.000982305
3.43793 0.000985238
3.44282 0.000988423
3.4477 0.000993188
3.45259 0.000995917
3.45748 0.00100045
3.46237 0.00100516
3.46725 0.0010072
3.47214 0.00101261
3.47703 0.00101859
3.48192 0.00102138
3.4868 0.00102561
3.49169 0.00102964
3.49658 0.0010349
3.50147 0.00103844
3.50635 0.0010439
3.51124 0.00104844
3.51613 0.00105198
3.52102 0.00105865
3.5259 0.00106292
3.53079 0.00106683
3.53568 0.0010718
3.54057 0.00107598
3.54545 0.00108181
3.55034 0.00108702
3.55523 0.00109333
3.56012 0.00110073
3.56501 0.00110522
3.56989 0.00111061
3.57478 0.00111624
3.57967 0.00112089
3.58456 0.00112705
3.58944 0.00113326
3.59433 0.00113947
3.59922 0.00114631
3.60411 0.00115226
3.60899 0.00116061
3.61388 0.00116645
3.61877 0.00117327
3.62366 0.00118245
3.62854 0.00118781
3.63343 0.00119433
3.63832 0.00120085
3.64321 0.00120843
3.64809 0.00121756
3.65298 0.00122362
3.65787 0.00123378
3.66276 0.0012404
3.66764 0.00124815
3.67253 0.00125623
3.67742 0.00126815
3.68231 0.00127641
3.68719 0.00128612
3.69208 0.00129492
3.69697 0.00130311
3.70186 0.00131383
3.70674 0.00132475
3.71163 0.00133426
3.71652 0.0013451
3.72141 0.0013558
3.7263 0.00136802
3.73118 0.00137708
3.73607 0.00139166
3.74096 0.00140596
3.74585 0.00141878
3.75073 0.00142894
3.75562 0.00144333
3.76051 0.00145896
3.7654 0.00147123
3.77028 0.00148833
3.77517 0.00150115
3.78006 0.00151668
3.78495 0.00153225
3.78983 0.00155304
3.79472 0.00156956
3.79961 0.00158646
3.8045 0.00160605
3.80938 0.00162453
3.81427 0.00164742
3.81916 0.00166748
3.82405 0.00168875
3.82893 0.00171233
3.83382 0.00173387
3.83871 0.00176405
3.8436 0.0017877
3.84848 0.00181783
3.85337 0.00184407
3.85826 0.00187461
3.86315 0.00190718
3.86804 0.0019401
3.87292 0.00197842
3.87781 0.00201659
3.8827 0.00205749
3.88759 0.00209642
3.89247 0.00214749
3.89736 0.00219379
3.90225 0.00224679
3.90714 0.00230512
3.91202 0.00236362
3.91691 0.00243207
3.9218 0.00250745
3.92669 0.00258983
3.93157 0.00268117
3.93646 0.00277749
3.94135 0.00289087
3.94624 0.00301993
3.95112 0.00316808
3.95601 0.00333069
3.9609 0.0035302
3.96579 0.00377792
3.97067 0.00407782
3.97556 0.00446842
3.98045 0.0050046
3.98534 0.00574239
3.99022 0.0071211
3.99511 0.0105793
4 0
