-1 0
-0.995112 0.00994861
-0.990225 0.00703512
-0.985337 0.00575087
-0.98045 0.00498161
-0.975562 0.00445722
-0.970675 0.00406596
-0.965787 0.00377169
-0.960899 0.00353322
-0.956012 0.00333235
-0.951124 0.00316359
-0.946237 0.00301435
-0.941349 0.00288851
-0.936461 0.00277422
-0.931574 0.00267863
-0.926686 0.00258881
-0.921799 0.00250637
-0.916911 0.00243314
-0.912023 0.0023618
-0.907136 0.00230239
-0.902248 0.00224793
-0.897361 0.00219377
-0.892473 0.0021428
-0.887585 0.00209932
-0.882698 0.00205322
-0.87781 0.00201235
-0.872923 0.00197583
-0.868035 0.00194338
-0.863147 0.00190322
-0.85826 0.00187404
-0.853372 0.00184206
-0.848485 0.00181326
-0.843597 0.00178447
-0.83871 0.00175672
-0.833822 0.00173534
-0.828934 0.00171252
-0.824047 0.00169268
-0.819159 0.00166399
-0.814272 0.00164597
-0.809384 0.00162344
-0.804497 0.00160361
-0.799609 0.00158356
-0.794721 0.00156746
-0.789834 0.00155144
-0.784946 0.00153376
-0.780059 0.00151971
-0.775171 0.00150071
-0.770283 0.00148606
-0.765396 0.00146832
-0.760508 0.00145778
-0.755621 0.00144161
-0.750733 0.0014265
-0.745846 0.00141632
-0.740958 0.00140247
-0.73607 0.00139238
-0.731183 0.00138061
-0.726295 0.00136809
-0.721408 0.00135413
-0.71652 0.00134433
-0.711632 0.00133376
-0.706745 0.00132286
-0.701857 0.00131213
-0.69697 0.00130212
-0.692082 0.00129358
-0.687195 0.00128481
-0.682307 0.00127567
-0.677419 0.00126746
-0.672532 0.00125689
-0.667644 0.00124875
-0.662757 0.00124145
-0.657869 0.00123228
-0.652982 0.00122221
-0.648094 0.00121599
-0.643206 0.00120883
-0.638319 0.00119944
-0.633431 0.00119405
-0.628544 0.00118642
-0.623656 0.00117969
-0.618768 0.00117179
-0.613881 0.00116446
-0.608993 0.00115851
-0.604106 0.00115238
-0.599218 0.00114505
-0.594331 0.00113845
-0.589443 0.00113246
-0.584555 0.00112657
-0.579668 0.00111989
-0.57478 0.00111391
-0.569892 0.00110841
-0.565005 0.00110324
-0.560117 0.00109832
-0.55523 0.00109131
-0.550342 0.00108693
-0.545455 0.00108279
-0.540567 0.00107656
-0.535679 0.00107215
-0.530792 0.00106707
-0.525904 0.00106206
-0.521017 0.00105708
-0.516129 0.00105177
-0.511241 0.00104824
-0.506354 0.00104218
-0.501466 0.00103709
-0.496579 0.00103281
-0.491691 0.00102863
-0.486804 0.00102456
-0.481916 0.00102188
-0.477028 0.00101719
-0.472141 0.00101216
-0.467253 0.00100786
-0.462366 0.00100392
-0.457478 0.000999559
-0.45259 0.000996634
-0.447703 0.000992964
-0.442815 0.000990292
-0.437928 0.000988966
-0.43304 0.000987142
-0.428152 0.000989195
-0.423265 0.000999111
-0.418377 0.00104177
-0.41349 0.00142718
-0.408602 0.0283945
-0.403715 0.0817505
-0.398827 0.0902264
-0.393939 0.0926622
-0.389052 0.0942674
-0.384164 0.096036
-0.379277 0.0974977
-0.374389 0.0990609
-0.369501 0.100956
-0.364614 0.102743
-0.359726 0.104557
-0.354839 0.106598
-0.349951 0.10875
-0.345064 0.110928
-0.340176 0.113328
-0.335288 0.11616
-0.330401 0.11958
-0.325513 0.126595
-0.320626 0.226501
-0.315738 0.381813
-0.310851 0.415745
-0.305963 0.43064
-0.301075 0.443783
-0.296188 0.456293
-0.2913 0.46943
-0.286413 0.483849
-0.281525 0.499357
-0.276637 0.516297
-0.27175 0.535038
-0.266862 0.554922
-0.261975 0.576538
-0.257087 0.601447
-0.252199 0.629235
-0.247312 0.660524
-0.242424 0.696621
-0.237537 0.738224
-0.232649 0.787968
-0.227762 0.847871
-0.222874 0.920741
-0.217986 1.01422
-0.213099 1.13801
-0.208211 1.31481
-0.203324 1.59702
-0.198436 2.17219
-0.193548 3.20912
-0.188661 2.60163
-0.183773 0.6343
-0.178886 0.35773
-0.173998 0.308532
-0.16911 0.278294
-0.164223 0.255564
-0.159335 0.237197
-0.154448 0.221841
-0.14956 0.208687
-0.144672 0.197133
-0.139785 0.186886
-0.134897 0.177749
-0.13001 0.169644
-0.125122 0.162262
-0.120234 0.155443
-0.115347 0.149327
-0.110459 0.143592
-0.105572 0.138297
-0.100684 0.13316
-0.0957966 0.12846
-0.090909 0.12425
-0.0860214 0.120244
-0.0811338 0.116259
-0.0762463 0.112529
-0.0713587 0.108917
-0.0664711 0.10569
-0.0615835 0.102619
-0.0566959 0.0996537
-0.0518084 0.0967762
-0.0469208 0.0939561
-0.0420332 0.0911038
-0.0371456 0.0885537
-0.032258 0.0860828
-0.0273705 0.0837153
-0.0224829 0.0812838
-0.0175953 0.0788128
-0.0127077 0.0764949
-0.00782013 0.0741945
-0.00293255 0.072094
0.00195503 0.069761
0.00684261 0.0673836
0.0117302 0.0648741
0.0166178 0.0619197
0.0215054 0.0581827
0.0263929 0.0524476
0.0312805 0.0392434
0.0361681 0.0148637
0.0410557 0.00192743
0.0459433 0.000868124
0.0508308 0.000790075
0.0557185 0.000775083
0.0606061 0.00077018
0.0654937 0.000772981
0.0703813 0.000840667
0.0752689 0.000913552
0.0801564 0.000902441
0.085044 0.00101647
0.0899316 0.00104124
0.0948192 0.00348333
0.0997068 0.00530027
0.104594 0.00175003
0.109482 0.000954918
0.11437 0.00185584
0.119257 0.00506928
0.124145 0.00315202
0.129032 0.000857545
0.13392 0.000807285
0.138808 0.000881972
0.143695 0.000851508
0.148583 0.00076542
0.15347 0.00080628
0.158358 0.000907148
0.163245 0.00134257
0.168133 0.00378585
0.173021 0.00440202
0.177908 0.00147314
0.182796 0.000881525
0.187683 0.00095071
0.192571 0.000942399
0.197459 0.00079722
0.202346 0.000796743
0.207234 0.000841275
0.212121 0.000873989
0.217009 0.000943946
0.221896 0.00127813
0.226784 0.00187709
0.231672 0.00386336
0.236559 0.00882082
0.241447 0.0102593
0.246334 0.00977601
0.251222 0.0169424
0.256109 0.0176562
0.260997 0.0184987
0.265885 0.0291015
0.270772 0.0458411
0.27566 0.124688
0.280547 0.148884
0.285435 0.0582896
0.290323 0.0293626
0.29521 0.0223402
0.300098 0.0193285
0.304985 0.0131027
0.309873 0.0110121
0.31476 0.00980155
0.319648 0.00474808
0.324536 0.00274126
0.329423 0.00189012
0.334311 0.00124797
0.339198 0.00102929
0.344086 0.000907722
0.348974 0.001168
0.353861 0.00352833
0.358749 0.00492599
0.363636 0.00524648
0.368524 0.00364348
0.373412 0.00154588
0.378299 0.000931414
0.383187 0.000785559
0.388074 0.00105842
0.392962 0.00349048
0.397849 0.00430025
0.402737 0.00187757
0.407625 0.000992599
0.412512 0.000896282
0.4174 0.000957796
0.422287 0.00087695
0.427175 0.000779792
0.432063 0.000817264
0.43695 0.000841771
0.441838 0.00080406
0.446725 0.00248767
0.451613 0.00487997
0.4565 0.00256703
0.461388 0.000877504
0.466276 0.00077647
0.471163 0.000807467
0.476051 0.000811221
0.480938 0.000813461
0.485826 0.000809698
0.490714 0.000772005
0.495601 0.000775214
0.500489 0.000737505
0.505376 0.000693317
0.510264 0.000687372
0.515152 0.000683107
0.520039 0.00068238
0.524927 0.000680005
0.529814 0.000700377
0.534702 0.000772908
0.539589 0.000751097
0.544477 0.000688673
0.549365 0.000682075
0.554252 0.000678823
0.55914 0.000675606
0.564027 0.000673882
0.568915 0.000672994
0.573803 0.000672385
0.57869 0.000672223
0.583578 0.000670901
0.588465 0.000669379
0.593353 0.000668359
0.59824 0.00066835
0.603128 0.000668745
0.608016 0.000667525
0.612903 0.000666295
0.617791 0.000665805
0.622678 0.000665184
0.627566 0.000664621
0.632454 0.000663766
0.637341 0.000663391
0.642229 0.000662869
0.647116 0.000661873
0.652004 0.000662092
0.656892 0.00066221
0.661779 0.000661164
0.666667 0.000660138
0.671554 0.000660151
0.676442 0.000660206
0.681329 0.000659395
0.686217 0.000658445
0.691105 0.00065748
0.695992 0.000656376
0.70088 0.000656672
0.705767 0.00065656
0.710655 0.000655797
0.715543 0.000655932
0.72043 0.000655216
0.725318 0.000654585
0.730205 0.000654615
0.735093 0.000654407
0.73998 0.000654034
0.744868 0.000653674
0.749756 0.000652964
0.754643 0.000652832
0.759531 0.000653127
0.764418 0.000658313
0.769306 0.000675501
0.774194 0.000675331
0.779081 0.000665053
0.783969 0.000685067
0.788856 0.000699805
0.793744 0.000735016
0.798632 0.000768962
0.803519 0.00074282
0.808407 0.000747052
0.813294 0.000722816
0.818182 0.000703196
0.823069 0.000782461
0.827957 0.00101828
0.832845 0.00133474
0.837732 0.00257657
0.84262 0.00409091
0.847507 0.00248154
0.852395 0.000972809
0.857283 0.00107341
0.86217 0.0012394
0.867058 0.00223269
0.871945 0.00386977
0.876833 0.00271479
0.88172 0.00133079
0.886608 0.00141576
0.891496 0.00182368
0.896383 0.00255725
0.901271 0.0042366
0.906158 0.00593311
0.911046 0.00741249
0.915933 0.00810746
0.920821 0.00727581
0.925709 0.0083707
0.930596 0.0124435
0.935484 0.015374
0.940371 0.0264109
0.945259 0.0513225
0.950147 0.0490942
0.955034 0.0247704
0.959922 0.0146401
0.964809 0.0126332
0.969697 0.0101875
0.974585 0.00638126
0.979472 0.00413299
0.98436 0.00547015
0.989247 0.00549226
0.994135 0.0046206
0.999022 0.00366115
1.00391 0.00198183
1.0088 0.00142539
1.01369 0.00212569
1.01857 0.00402205
1.02346 0.00481874
1.02835 0.00347854
1.03324 0.00193818
1.03812 0.0013549
1.04301 0.00111288
1.0479 0.00114984
1.05279 0.00105963
1.05767 0.000844784
1.06256 0.000744738
1.06745 0.000732902
1.07234 0.0007111
1.07722 0.000695514
1.08211 0.000716527
1.087 0.00075502
1.09189 0.000762659
1.09677 0.000827783
1.10166 0.00162947
1.10655 0.00283388
1.11144 0.00342853
1.11632 0.0089138
1.12121 0.0211384
1.1261 0.0303691
1.13099 0.0343972
1.13587 0.0366003
1.14076 0.0380764
1.14565 0.0392307
1.15054 0.0402773
1.15543 0.0413041
1.16031 0.0422088
1.1652 0.0429955
1.17009 0.0438304
1.17498 0.0446414
1.17986 0.0454105
1.18475 0.0461541
1.18964 0.0469084
1.19453 0.0476714
1.19941 0.0483892
1.2043 0.049169
1.20919 0.0499763
1.21408 0.0507588
1.21896 0.0515932
1.22385 0.0523924
1.22874 0.0531898
1.23363 0.0540589
1.23851 0.055014
1.2434 0.0559187
1.24829 0.056769
1.25318 0.0577123
1.25806 0.0587127
1.26295 0.0597677
1.26784 0.0608024
1.27273 0.0617715
1.27761 0.062809
1.2825 0.0639596
1.28739 0.0651337
1.29228 0.0663771
1.29717 0.06769
1.30205 0.0690185
1.30694 0.070403
1.31183 0.07191
1.31672 0.0735134
1.3216 0.0751813
1.32649 0.0768919
1.33138 0.0787749
1.33627 0.080875
1.34115 0.0830523
1.34604 0.0853424
1.35093 0.087789
1.35582 0.0904174
1.3607 0.0933509
1.36559 0.0966465
1.37048 0.100246
1.37537 0.104244
1.38025 0.108849
1.38514 0.114239
1.39003 0.120662
1.39492 0.128109
1.3998 0.137063
1.40469 0.148978
1.40958 0.166326
1.41447 0.195493
1.41935 0.278763
1.42424 0.407855
1.42913 0.427061
1.43402 0.3602
1.43891 0.313068
1.44379 0.283629
1.44868 0.262412
1.45357 0.24625
1.45846 0.233467
1.46334 0.22265
1.46823 0.213437
1.47312 0.205565
1.47801 0.198566
1.48289 0.192319
1.48778 0.186701
1.49267 0.181653
1.49756 0.177103
1.50244 0.172868
1.50733 0.168884
1.51222 0.165195
1.51711 0.16197
1.52199 0.159032
1.52688 0.15614
1.53177 0.153439
1.53666 0.150764
1.54154 0.148189
1.54643 0.145751
1.55132 0.143523
1.55621 0.141564
1.56109 0.13963
1.56598 0.137669
1.57087 0.135928
1.57576 0.134265
1.58065 0.132542
1.58553 0.130937
1.59042 0.129357
1.59531 0.127801
1.6002 0.126366
1.60508 0.125008
1.60997 0.123782
1.61486 0.12256
1.61975 0.121269
1.62463 0.120069
1.62952 0.11894
1.63441 0.117821
1.6393 0.116718
1.64418 0.115659
1.64907 0.114684
1.65396 0.113748
1.65885 0.112753
1.66373 0.111735
1.66862 0.110789
1.67351 0.109888
1.6784 0.109082
1.68328 0.108361
1.68817 0.107607
1.69306 0.106765
1.69795 0.105968
1.70283 0.105237
1.70772 0.104441
1.71261 0.103636
1.7175 0.10296
1.72239 0.102311
1.72727 0.101527
1.73216 0.100788
1.73705 0.100231
1.74194 0.0997142
1.74682 0.0990935
1.75171 0.0983799
1.7566 0.0977391
1.76149 0.0971372
1.76637 0.0966143
1.77126 0.0961633
1.77615 0.0955975
1.78104 0.0949939
1.78592 0.0944868
1.79081 0.0939977
1.7957 0.0934701
1.80059 0.0929051
1.80547 0.0923622
1.81036 0.0918839
1.81525 0.0914767
1.82014 0.0910766
1.82502 0.0906446
1.82991 0.0901501
1.8348 0.0896518
1.83969 0.0891861
1.84457 0.0888331
1.84946 0.0884364
1.85435 0.0879745
1.85924 0.0876311
1.86413 0.0872602
1.86901 0.0868135
1.8739 0.0864154
1.87879 0.0860445
1.88368 0.0856535
1.88856 0.0853064
1.89345 0.0849423
1.89834 0.0845868
1.90323 0.0842993
1.90811 0.0839692
1.913 0.0836338
1.91789 0.0832552
1.92278 0.0828211
1.92766 0.0824507
1.93255 0.0820759
1.93744 0.0816602
1.94233 0.0814024
1.94721 0.0812385
1.9521 0.0810417
1.95699 0.0807541
1.96188 0.0804986
1.96676 0.0802231
1.97165 0.0799
1.97654 0.0795991
1.98143 0.0793333
1.98631 0.0791098
1.9912 0.0787863
1.99609 0.0785119
2.00098 0.0782902
2.00587 0.0780385
2.01075 0.0778121
2.01564 0.0774754
2.02053 0.077131
2.02542 0.0768973
2.0303 0.0766859
2.03519 0.0764642
2.04008 0.0762757
2.04497 0.0760523
2.04985 0.0757162
2.05474 0.0754187
2.05963 0.0751969
2.06452 0.075012
2.0694 0.074836
2.07429 0.0745833
2.07918 0.0742961
2.08407 0.0740871
2.08895 0.0739453
2.09384 0.0737015
2.09873 0.073445
2.10362 0.0732618
2.1085 0.0730722
2.11339 0.0729035
2.11828 0.0727029
2.12317 0.0725422
2.12805 0.0723433
2.13294 0.0721321
2.13783 0.0719547
2.14272 0.0717588
2.1476 0.0716083
2.15249 0.0714527
2.15738 0.0712399
2.16227 0.0710166
2.16716 0.0707616
2.17204 0.0706369
2.17693 0.0706242
2.18182 0.0704352
2.18671 0.0701515
2.19159 0.0699584
2.19648 0.069833
2.20137 0.0697002
2.20626 0.0696328
2.21114 0.0695216
2.21603 0.0692709
2.22092 0.0691546
2.22581 0.0691251
2.23069 0.0689082
2.23558 0.0687075
2.24047 0.0686385
2.24536 0.0685281
2.25024 0.0683808
2.25513 0.0683394
2.26002 0.0682513
2.26491 0.0680534
2.26979 0.0679
2.27468 0.0677659
2.27957 0.0676201
2.28446 0.0674992
2.28935 0.0674623
2.29423 0.0673898
2.29912 0.0673606
2.30401 0.0673577
2.3089 0.0673078
2.31378 0.0672034
2.31867 0.0671639
2.32356 0.0671892
2.32845 0.0670699
2.33333 0.0670035
2.33822 0.0671349
2.34311 0.0673178
2.348 0.0673135
2.35288 0.0673535
2.35777 0.0674888
2.36266 0.0676247
2.36755 0.0678985
2.37243 0.0682851
2.37732 0.0685692
2.38221 0.0689491
2.3871 0.0696008
2.39198 0.0702408
2.39687 0.0708454
2.40176 0.0714348
2.40665 0.0720434
2.41153 0.0728976
2.41642 0.0738709
2.42131 0.0746357
2.4262 0.0749271
2.43109 0.0749786
2.43597 0.0750309
2.44086 0.0749856
2.44575 0.0745955
2.45064 0.073947
2.45552 0.0731277
2.46041 0.0721513
2.4653 0.0712284
2.47019 0.0705219
2.47507 0.0699689
2.47996 0.0695205
2.48485 0.0692854
2.48974 0.0694832
2.49462 0.0709325
2.49951 0.101719
2.5044 0.234867
2.50929 0.374053
2.51417 0.447599
2.51906 0.561156
2.52395 0.817065
2.52884 0.880994
2.53372 0.6783
2.53861 0.55381
2.5435 0.490513
2.54839 0.449784
2.55327 0.420491
2.55816 0.397775
2.56305 0.379981
2.56794 0.365942
2.57282 0.354179
2.57771 0.343858
2.5826 0.335139
2.58749 0.327836
2.59238 0.321693
2.59726 0.316362
2.60215 0.311349
2.60704 0.307056
2.61193 0.303409
2.61681 0.300351
2.6217 0.29757
2.62659 0.295132
2.63148 0.292991
2.63636 0.291242
2.64125 0.289867
2.64614 0.288712
2.65103 0.287638
2.65591 0.286824
2.6608 0.286436
2.66569 0.286104
2.67058 0.285979
2.67546 0.286244
2.68035 0.286457
2.68524 0.286866
2.69013 0.287447
2.69501 0.288406
2.6999 0.289495
2.70479 0.290479
2.70968 0.291965
2.71457 0.293741
2.71945 0.295689
2.72434 0.29746
2.72923 0.299584
2.73412 0.30231
2.739 0.305419
2.74389 0.308567
2.74878 0.311824
2.75367 0.315638
2.75855 0.319725
2.76344 0.324275
2.76833 0.329301
2.77322 0.334628
2.7781 0.340702
2.78299 0.347613
2.78788 0.354983
2.79277 0.363019
2.79765 0.372281
2.80254 0.382926
2.80743 0.395229
2.81232 0.409619
2.8172 0.426604
2.82209 0.44696
2.82698 0.472062
2.83187 0.505032
2.83675 0.55131
2.84164 0.624374
2.84653 0.727604
2.85142 0.735979
2.8563 0.641324
2.86119 0.548407
2.86608 0.388603
2.87097 0.256422
2.87586 0.2236
2.88074 0.210887
2.88563 0.201619
2.89052 0.194228
2.89541 0.187906
2.90029 0.182474
2.90518 0.177574
2.91007 0.173078
2.91496 0.169204
2.91984 0.165506
2.92473 0.162125
2.92962 0.159109
2.93451 0.156466
2.93939 0.153881
2.94428 0.151526
2.94917 0.149302
2.95406 0.146994
2.95894 0.144959
2.96383 0.1432
2.96872 0.141264
2.97361 0.139417
2.97849 0.137684
2.98338 0.136113
2.98827 0.134608
2.99316 0.13324
2.99804 0.131986
3.00293 0.130601
3.00782 0.129309
3.01271 0.127974
3.0176 0.126633
3.02248 0.125436
3.02737 0.124364
3.03226 0.123358
3.03715 0.122476
3.04203 0.121428
3.04692 0.120483
3.05181 0.11946
3.0567 0.118567
3.06158 0.117541
3.06647 0.116639
3.07136 0.115995
3.07625 0.115304
3.08113 0.114327
3.08602 0.113494
3.09091 0.112784
3.0958 0.112114
3.10068 0.111501
3.10557 0.110855
3.11046 0.110016
3.11535 0.109394
3.12023 0.108765
3.12512 0.107937
3.13001 0.107373
3.1349 0.106812
3.13978 0.106199
3.14467 0.105513
3.14956 0.10491
3.15445 0.104328
3.15934 0.103842
3.16422 0.103337
3.16911 0.102842
3.174 0.102342
3.17889 0.101797
3.18377 0.101221
3.18866 0.100738
3.19355 0.100359
3.19844 0.0998751
3.20332 0.0993118
3.20821 0.0989529
3.2131 0.0984383
3.21799 0.0979734
3.22287 0.0974763
3.22776 0.0969982
3.23265 0.0965845
3.23754 0.0961309
3.24242 0.0958383
3.24731 0.0953666
3.2522 0.0949616
3.25709 0.0945631
3.26197 0.0940508
3.26686 0.0937588
3.27175 0.0931234
3.27664 0.0925495
3.28153 0.0923008
3.28641 0.0920144
3.2913 0.0915701
3.29619 0.0909984
3.30108 0.090608
3.30596 0.0900964
3.31085 0.0895924
3.31574 0.0890308
3.32063 0.0884925
3.32551 0.0877038
3.3304 0.0866811
3.33529 0.0846454
3.34018 0.0789526
3.34506 0.0429125
3.34995 0.00397024
3.35484 0.00108577
3.35973 0.000970675
3.36461 0.000949628
3.3695 0.000944444
3.37439 0.000944806
3.37928 0.000946307
3.38416 0.000947727
3.38905 0.000950978
3.39394 0.000953813
3.39883 0.000956542
3.40371 0.000960535
3.4086 0.000963776
3.41349 0.000966077
3.41838 0.000970085
3.42326 0.000973351
3.42815 0.000976521
3.43304 0.000980841
3.43793 0.000984355
3.44282 0.000989728
3.4477 0.000992761
3.45259 0.000996039
3.45748 0.00100069
3.46237 0.00100297
3.46725 0.00100832
3.47214 0.00101421
3.47703 0.00102006
3.48192 0.00102021
3.4868 0.00102455
3.49169 0.00102882
3.49658 0.00103502
3.50147 0.00103936
3.50635 0.00104437
3.51124 0.00104906
3.51613 0.00105283
3.52102 0.00105615
3.5259 0.00106292
3.53079 0.00106714
3.53568 0.00107266
3.54057 0.00107687
3.54545 0.00108355
3.55034 0.0010873
3.55523 0.00109306
3.56012 0.00109732
3.56501 0.00110308
3.56989 0.00111017
3.57478 0.00111471
3.57967 0.00112139
3.58456 0.00112658
3.58944 0.00113386
3.59433 0.00113842
3.59922 0.00114532
3.60411 0.00115219
3.60899 0.00115863
3.61388 0.00116505
3.61877 0.00117164
3.62366 0.00118033
3.62854 0.00118618
3.63343 0.00119294
3.63832 0.00120039
3.64321 0.00120722
3.64809 0.00121773
3.65298 0.00122521
3.65787 0.00123217
3.66276 0.00124113
3.66764 0.00124966
3.67253 0.00125775
3.67742 0.0012678
3.68231 0.00127453
3.68719 0.00128311
3.69208 0.00129565
3.69697 0.00130305
3.70186 0.00131344
3.70674 0.00132485
3.71163 0.00133469
3.71652 0.00134458
3.72141 0.00135566
3.7263 0.001369
3.73118 0.00138001
3.73607 0.00139018
3.74096 0.00140411
3.74585 0.0014153
3.75073 0.00143026
3.75562 0.00144445
3.76051 0.00145618
3.7654 0.00147094
3.77028 0.00148448
3.77517 0.00150147
3.78006 0.00151891
3.78495 0.00153174
3.78983 0.00155022
3.79472 0.00156859
3.79961 0.00158695
3.8045 0.0016088
3.80938 0.00162596
3.81427 0.00164696
3.81916 0.001665
3.82405 0.00168935
3.82893 0.00171334
3.83382 0.00173452
3.83871 0.00176014
3.8436 0.0017871
3.84848 0.0018142
3.85337 0.00184387
3.85826 0.00187376
3.86315 0.00190829
3.86804 0.00194111
3.87292 0.00197649
3.87781 0.00201702
3.8827 0.00205565
3.88759 0.00210072
3.89247 0.00214361
3.89736 0.00219336
3.90225 0.00224564
3.90714 0.00230403
3.91202 0.00236719
3.91691 0.00243127
3.9218 0.00251029
3.92669 0.00258754
3.93157 0.00267796
3.93646 0.00277461
3.94135 0.00288844
3.94624 0.00301688
3.95112 0.00315813
3.95601 0.00333181
3.9609 0.0035372
3.96579 0.00378105
3.97067 0.00408191
3.97556 0.0044587
3.98045 0.00500503
3.98534 0.00575437
3.99022 0.00711668
3.99511 0.0105781
4 0
