-1 0
-0.995112 0.00497938
-0.990225 0.00352404
-0.985337 0.0843999
-0.98045 0.406493
-0.975562 0.429587
-0.970675 0.449398
-0.965787 0.474796
-0.960899 0.50697
-0.956012 0.546788
-0.951124 0.609864
-0.946237 0.746578
-0.941349 0.747393
-0.936461 0.59907
-0.931574 0.528433
-0.926686 0.483211
-0.921799 0.45041
-0.916911 0.423929
-0.912023 0.402815
-0.907136 0.3854
-0.902248 0.370184
-0.897361 0.357833
-0.892473 0.346138
-0.887585 0.336476
-0.882698 0.327556
-0.87781 0.320853
-0.872923 0.312953
-0.868035 0.306469
-0.863147 0.300307
-0.85826 0.295597
-0.853372 0.290373
-0.848485 0.286572
-0.843597 0.283007
-0.83871 0.279128
-0.833822 0.276207
-0.828934 0.272934
-0.824047 0.270531
-0.819159 0.268087
-0.814272 0.265783
-0.809384 0.264384
-0.804497 0.262693
-0.799609 0.261449
-0.794721 0.260293
-0.789834 0.259305
-0.784946 0.258618
-0.780059 0.258615
-0.775171 0.258867
-0.770283 0.258286
-0.765396 0.259295
-0.760508 0.26017
-0.755621 0.261044
-0.750733 0.263037
-0.745846 0.265076
-0.740958 0.267672
-0.73607 0.270826
-0.731183 0.27517
-0.726295 0.280652
-0.721408 0.286934
-0.71652 0.29617
-0.711632 0.308395
-0.706745 0.327088
-0.701857 0.359437
-0.69697 0.393664
-0.692082 0.343007
-0.687195 0.304722
-0.682307 0.280285
-0.677419 0.262932
-0.672532 0.248707
-0.667644 0.237141
-0.662757 0.226881
-0.657869 0.21786
-0.652982 0.210383
-0.648094 0.203264
-0.643206 0.196938
-0.638319 0.191397
-0.633431 0.18562
-0.628544 0.18088
-0.623656 0.176113
-0.618768 0.171663
-0.613881 0.167698
-0.608993 0.163954
-0.604106 0.160288
-0.599218 0.156653
-0.594331 0.153443
-0.589443 0.150237
-0.584555 0.147502
-0.579668 0.144751
-0.57478 0.142044
-0.569892 0.139358
-0.565005 0.136958
-0.560117 0.134264
-0.55523 0.132049
-0.550342 0.12981
-0.545455 0.127773
-0.540567 0.125665
-0.535679 0.123738
-0.530792 0.121903
-0.525904 0.119926
-0.521017 0.117997
-0.516129 0.116194
-0.511241 0.114456
-0.506354 0.113036
-0.501466 0.111323
-0.496579 0.109753
-0.491691 0.108157
-0.486804 0.106753
-0.481916 0.105412
-0.477028 0.103869
-0.472141 0.102536
-0.467253 0.101279
-0.462366 0.0998294
-0.457478 0.0984906
-0.45259 0.0972382
-0.447703 0.0961601
-0.442815 0.0947535
-0.437928 0.0935467
-0.43304 0.0926011
-0.428152 0.0915608
-0.423265 0.0903398
-0.418377 0.0892185
-0.41349 0.0882292
-0.408602 0.087267
-0.403715 0.0862071
-0.398827 0.0851916
-0.393939 0.084172
-0.389052 0.0833651
-0.384164 0.0824496
-0.379277 0.0815148
-0.374389 0.0806006
-0.369501 0.0795962
-0.364614 0.0787751
-0.359726 0.0780448
-0.354839 0.0771506
-0.349951 0.0763223
-0.345064 0.0755466
-0.340176 0.0747053
-0.335288 0.0740681
-0.330401 0.073195
-0.325513 0.072316
-0.320626 0.0715767
-0.315738 0.0709355
-0.310851 0.0703647
-0.305963 0.0697012
-0.301075 0.0688448
-0.296188 0.0679235
-0.2913 0.0672315
-0.286413 0.0666879
-0.281525 0.0661515
-0.276637 0.0654673
-0.27175 0.0646969
-0.266862 0.0640701
-0.261975 0.0635306
-0.257087 0.0628703
-0.252199 0.0622869
-0.247312 0.0617421
-0.242424 0.0610507
-0.237537 0.0605528
-0.232649 0.0599699
-0.227762 0.0594562
-0.222874 0.0587226
-0.217986 0.0580994
-0.213099 0.0575741
-0.208211 0.0570873
-0.203324 0.0565117
-0.198436 0.0559797
-0.193548 0.0555604
-0.188661 0.054946
-0.183773 0.0543003
-0.178886 0.0538457
-0.173998 0.0532923
-0.16911 0.0527925
-0.164223 0.0522508
-0.159335 0.0517602
-0.154448 0.0512839
-0.14956 0.0507296
-0.144672 0.0502562
-0.139785 0.0496922
-0.134897 0.0489938
-0.13001 0.0484422
-0.125122 0.0478601
-0.120234 0.0470834
-0.115347 0.0455744
-0.110459 0.0386006
-0.105572 0.0297534
-0.100684 0.0279252
-0.0957966 0.0273302
-0.090909 0.026715
-0.0860214 0.025992
-0.0811338 0.0250855
-0.0762463 0.0235558
-0.0713587 0.0207148
-0.0664711 0.0123785
-0.0615835 0.00257899
-0.0566959 0.000469723
-0.0518084 0.00041322
-0.0469208 0.000402009
-0.0420332 0.000397923
-0.0371456 0.000396014
-0.032258 0.000393484
-0.0273705 0.00039307
-0.0224829 0.000392624
-0.0175953 0.000391497
-0.0127077 0.000390546
-0.00782013 0.000389505
-0.00293255 0.000388609
0.00195503 0.000388293
0.00684261 0.000388071
0.0117302 0.00038735
0.0166178 0.000386157
0.0215054 0.000385371
0.0263929 0.00038471
0.0312805 0.000383688
0.0361681 0.000383475
0.0410557 0.000384549
0.0459433 0.000386849
0.0508308 0.000387176
0.0557185 0.000402376
0.0606061 0.000398471
0.0654937 0.000390671
0.0703813 0.00039409
0.0752689 0.000387919
0.0801564 0.000425707
0.085044 0.000480023
0.0899316 0.000443219
0.0948192 0.000634242
0.0997068 0.00151409
0.104594 0.00103787
0.109482 0.000424715
0.11437 0.000437244
0.119257 0.000516216
0.124145 0.001246
0.129032 0.00133232
0.13392 0.000502099
0.138808 0.000429691
0.143695 0.000489963
0.148583 0.00111691
0.15347 0.00136034
0.158358 0.000551782
0.163245 0.000432004
0.168133 0.000441141
0.173021 0.000407285
0.177908 0.00042015
0.182796 0.000568008
0.187683 0.00136994
0.192571 0.0019285
0.197459 0.00252617
0.202346 0.00133482
0.207234 0.000447066
0.212121 0.000440444
0.217009 0.00040331
0.221896 0.000382395
0.226784 0.000398251
0.231672 0.000410555
0.236559 0.000429575
0.241447 0.000458826
0.246334 0.000581797
0.251222 0.000864496
0.256109 0.00210295
0.260997 0.00362861
0.265885 0.0035808
0.270772 0.00475282
0.27566 0.00382375
0.280547 0.00507278
0.285435 0.00450669
0.290323 0.00504231
0.29521 0.0100458
0.300098 0.0141767
0.304985 0.0370183
0.309873 0.0915935
0.31476 0.062401
0.319648 0.0174347
0.324536 0.011256
0.329423 0.00704867
0.334311 0.00502586
0.339198 0.00509985
0.344086 0.00517977
0.348974 0.00412786
0.353861 0.00343094
0.358749 0.00178081
0.363636 0.000944472
0.368524 0.000684038
0.373412 0.000556964
0.378299 0.0011807
0.383187 0.00217986
0.388074 0.00127672
0.392962 0.000703949
0.397849 0.00121151
0.402737 0.00127066
0.407625 0.00118406
0.412512 0.00141724
0.4174 0.00158661
0.422287 0.00236992
0.427175 0.00132764
0.432063 0.000621696
0.43695 0.000498386
0.441838 0.000469756
0.446725 0.000431212
0.451613 0.000400411
0.4565 0.000404738
0.461388 0.000386476
0.466276 0.000401618
0.471163 0.000389994
0.476051 0.000363956
0.480938 0.000352461
0.485826 0.000350296
0.490714 0.000351185
0.495601 0.000353922
0.500489 0.000348356
0.505376 0.000342515
0.510264 0.000341799
0.515152 0.000340622
0.520039 0.000342554
0.524927 0.000344096
0.529814 0.000576971
0.534702 0.00132443
0.539589 0.0010443
0.544477 0.000436251
0.549365 0.000379208
0.554252 0.000367922
0.55914 0.000362027
0.564027 0.000367878
0.568915 0.000357382
0.573803 0.000344444
0.57869 0.000336626
0.583578 0.000335996
0.588465 0.000335581
0.593353 0.000334492
0.59824 0.000334271
0.603128 0.000333947
0.608016 0.000333369
0.612903 0.000332737
0.617791 0.000332923
0.622678 0.000333193
0.627566 0.000332848
0.632454 0.000332098
0.637341 0.000331576
0.642229 0.000330697
0.647116 0.000330944
0.652004 0.000334541
0.656892 0.000339834
0.661779 0.000338289
0.666667 0.000331695
0.671554 0.000329603
0.676442 0.000329167
0.681329 0.000329202
0.686217 0.000329364
0.691105 0.00032895
0.695992 0.000328727
0.70088 0.000328204
0.705767 0.000328121
0.710655 0.000327503
0.715543 0.000327368
0.72043 0.000327844
0.725318 0.000327585
0.730205 0.000327769
0.735093 0.00032659
0.73998 0.000326462
0.744868 0.000326424
0.749756 0.000326238
0.754643 0.000325305
0.759531 0.000325164
0.764418 0.000325458
0.769306 0.000324771
0.774194 0.000324809
0.779081 0.000325481
0.783969 0.000325647
0.788856 0.000324858
0.793744 0.000324908
0.798632 0.000324142
0.803519 0.000324042
0.808407 0.000324442
0.813294 0.000323971
0.818182 0.000323296
0.823069 0.000323128
0.827957 0.000322816
0.832845 0.000322826
0.837732 0.00032303
0.84262 0.000322702
0.847507 0.000322433
0.852395 0.000322249
0.857283 0.000322196
0.86217 0.000322154
0.867058 0.000321733
0.871945 0.000321318
0.876833 0.000321001
0.88172 0.000320533
0.886608 0.000320881
0.891496 0.000321098
0.896383 0.000320915
0.901271 0.000321551
0.906158 0.000321929
0.911046 0.000321306
0.915933 0.000321257
0.920821 0.000321695
0.925709 0.000322558
0.930596 0.000324724
0.935484 0.000334543
0.940371 0.000358025
0.945259 0.000367861
0.950147 0.000345368
0.955034 0.000328606
0.959922 0.000334779
0.964809 0.000349747
0.969697 0.000388932
0.974585 0.000433187
0.979472 0.00044294
0.98436 0.000758565
0.989247 0.00130702
0.994135 0.00111245
0.999022 0.00120021
1.00391 0.000987613
1.0088 0.000431296
1.01369 0.000358518
1.01857 0.000369039
1.02346 0.000398016
1.02835 0.00045347
1.03324 0.000508325
1.03812 0.000567222
1.04301 0.000811476
1.0479 0.00219758
1.05279 0.00337852
1.05767 0.00219975
1.06256 0.00133404
1.06745 0.00110083
1.07234 0.00113095
1.07722 0.00265558
1.08211 0.00416861
1.087 0.00405044
1.09189 0.00514644
1.09677 0.017811
1.10166 0.0436475
1.10655 0.0358702
1.11144 0.0112194
1.11632 0.00431462
1.12121 0.00368858
1.1261 0.00395306
1.13099 0.00299901
1.13587 0.00135682
1.14076 0.000639388
1.14565 0.00071731
1.15054 0.00117748
1.15543 0.000959391
1.16031 0.000958292
1.1652 0.00126328
1.17009 0.00159054
1.17498 0.00202271
1.17986 0.001123
1.18475 0.000525348
1.18964 0.000472656
1.19453 0.000404997
1.19941 0.000349837
1.2043 0.000338046
1.20919 0.000348905
1.21408 0.000336767
1.21896 0.000320706
1.22385 0.000316984
1.22874 0.000318001
1.23363 0.000316568
1.23851 0.0003153
1.2434 0.00031622
1.24829 0.000315135
1.25318 0.000417433
1.25806 0.000986548
1.26295 0.00113697
1.26784 0.000602139
1.27273 0.000385502
1.27761 0.000343707
1.2825 0.000333416
1.28739 0.000330442
1.29228 0.000331043
1.29717 0.000326958
1.30205 0.000321889
1.30694 0.000318813
1.31183 0.000312554
1.31672 0.000311179
1.3216 0.000312193
1.32649 0.00031846
1.33138 0.000320782
1.33627 0.000314559
1.34115 0.000318704
1.34604 0.000334239
1.35093 0.000741408
1.35582 0.00131352
1.3607 0.000878642
1.36559 0.000397439
1.37048 0.000336124
1.37537 0.000320146
1.38025 0.000322369
1.38514 0.000330688
1.39003 0.000339553
1.39492 0.000331524
1.3998 0.000316791
1.40469 0.000312058
1.40958 0.000310776
1.41447 0.000312154
1.41935 0.000313089
1.42424 0.000312162
1.42913 0.000311117
1.43402 0.000311497
1.43891 0.000317248
1.44379 0.000322871
1.44868 0.00031619
1.45357 0.00031089
1.45846 0.000310371
1.46334 0.000310243
1.46823 0.000310276
1.47312 0.000310612
1.47801 0.000310206
1.48289 0.00031023
1.48778 0.00031077
1.49267 0.000310594
1.49756 0.000309789
1.50244 0.000309499
1.50733 0.000309604
1.51222 0.00031144
1.51711 0.00031176
1.52199 0.00031057
1.52688 0.000310045
1.53177 0.000310243
1.53666 0.000310457
1.54154 0.000310026
1.54643 0.000310145
1.55132 0.000310688
1.55621 0.000310881
1.56109 0.000311132
1.56598 0.000310884
1.57087 0.000310936
1.57576 0.000310544
1.58065 0.000310576
1.58553 0.000311777
1.59042 0.000313413
1.59531 0.000312309
1.6002 0.000311973
1.60508 0.000311765
1.60997 0.000311013
1.61486 0.000310546
1.61975 0.000311028
1.62463 0.000310961
1.62952 0.0003111
1.63441 0.000310854
1.6393 0.000311343
1.64418 0.000311938
1.64907 0.000312084
1.65396 0.000311302
1.65885 0.000312262
1.66373 0.000312294
1.66862 0.000317919
1.67351 0.000340833
1.6784 0.000684025
1.68328 0.00113468
1.68817 0.000843745
1.69306 0.000484631
1.69795 0.000391159
1.70283 0.000350287
1.70772 0.00034332
1.71261 0.00033595
1.7175 0.000340941
1.72239 0.000343204
1.72727 0.000328912
1.73216 0.000324601
1.73705 0.000330793
1.74194 0.000355793
1.74682 0.000976658
1.75171 0.00553993
1.7566 0.0130587
1.76149 0.0170954
1.76637 0.0182187
1.77126 0.018778
1.77615 0.0191699
1.78104 0.0195046
1.78592 0.0197652
1.79081 0.0199429
1.7957 0.0201132
1.80059 0.0202717
1.80547 0.0204468
1.81036 0.0206565
1.81525 0.0208139
1.82014 0.0209313
1.82502 0.0210969
1.82991 0.0212821
1.8348 0.0214255
1.83969 0.0215508
1.84457 0.0217363
1.84946 0.0219136
1.85435 0.0220408
1.85924 0.0221755
1.86413 0.0222911
1.86901 0.0224256
1.8739 0.0225964
1.87879 0.0227278
1.88368 0.0228386
1.88856 0.022985
1.89345 0.0231074
1.89834 0.023231
1.90323 0.0233863
1.90811 0.0235266
1.913 0.023653
1.91789 0.023793
1.92278 0.0239594
1.92766 0.0241349
1.93255 0.0242951
1.93744 0.0244406
1.94233 0.0245479
1.94721 0.0246707
1.9521 0.0248089
1.95699 0.0249566
1.96188 0.025119
1.96676 0.0252757
1.97165 0.0253917
1.97654 0.0254989
1.98143 0.0256972
1.98631 0.0258935
1.9912 0.0259933
1.99609 0.0260809
2.00098 0.0262362
2.00587 0.0264471
2.01075 0.0266142
2.01564 0.0267577
2.02053 0.0269373
2.02542 0.0271159
2.0303 0.0272847
2.03519 0.0274229
2.04008 0.0275479
2.04497 0.0277088
2.04985 0.0278578
2.05474 0.0280007
2.05963 0.0281714
2.06452 0.0283366
2.0694 0.0285087
2.07429 0.0286786
2.07918 0.0288764
2.08407 0.0290941
2.08895 0.0292454
2.09384 0.0293632
2.09873 0.0295536
2.10362 0.0297449
2.1085 0.0299098
2.11339 0.0300616
2.11828 0.0302566
2.12317 0.0304453
2.12805 0.03062
2.13294 0.0307803
2.13783 0.0309349
2.14272 0.0311412
2.1476 0.0313465
2.15249 0.0315557
2.15738 0.031759
2.16227 0.0319041
2.16716 0.0320843
2.17204 0.0322955
2.17693 0.0325142
2.18182 0.0327666
2.18671 0.0329352
2.19159 0.0331395
2.19648 0.033372
2.20137 0.0335705
2.20626 0.0337486
2.21114 0.0339232
2.21603 0.0341521
2.22092 0.0344349
2.22581 0.0346365
2.23069 0.0347923
2.23558 0.0350537
2.24047 0.0353438
2.24536 0.0355181
2.25024 0.0356403
2.25513 0.0358729
2.26002 0.0362188
2.26491 0.0364845
2.26979 0.0367118
2.27468 0.0369412
2.27957 0.0371779
2.28446 0.0373917
2.28935 0.0376457
2.29423 0.0379459
2.29912 0.0382243
2.30401 0.038438
2.3089 0.0386821
2.31378 0.0389752
2.31867 0.0392881
2.32356 0.0395301
2.32845 0.0397704
2.33333 0.0401201
2.33822 0.0405022
2.34311 0.0407571
2.348 0.0410391
2.35288 0.0413304
2.35777 0.0416388
2.36266 0.0419754
2.36755 0.0423244
2.37243 0.04265
2.37732 0.0429715
2.38221 0.0433087
2.3871 0.0436173
2.39198 0.0439458
2.39687 0.0442754
2.40176 0.0446068
2.40665 0.045003
2.41153 0.0453852
2.41642 0.0457418
2.42131 0.0461363
2.4262 0.0465313
2.43109 0.0469746
2.43597 0.0473852
2.44086 0.0478154
2.44575 0.0483114
2.45064 0.048744
2.45552 0.0491703
2.46041 0.0496269
2.4653 0.05005
2.47019 0.0505514
2.47507 0.0511182
2.47996 0.0516273
2.48485 0.0520935
2.48974 0.0526675
2.49462 0.0532894
2.49951 0.0538049
2.5044 0.0543726
2.50929 0.0549132
2.51417 0.055509
2.51906 0.0562201
2.52395 0.0569693
2.52884 0.0575601
2.53372 0.0582141
2.53861 0.0589959
2.5435 0.0597527
2.54839 0.0604949
2.55327 0.0612617
2.55816 0.0621408
2.56305 0.063048
2.56794 0.0638483
2.57282 0.0646978
2.57771 0.0657144
2.5826 0.0668069
2.58749 0.067964
2.59238 0.0690501
2.59726 0.0700768
2.60215 0.0712936
2.60704 0.0726903
2.61193 0.0740945
2.61681 0.0755488
2.6217 0.0770231
2.62659 0.0784969
2.63148 0.0802396
2.63636 0.0821503
2.64125 0.0841439
2.64614 0.0861877
2.65103 0.0884877
2.65591 0.0910062
2.6608 0.0936846
2.66569 0.0965804
2.67058 0.0997261
2.67546 0.103322
2.68035 0.107324
2.68524 0.111783
2.69013 0.116865
2.69501 0.12264
2.6999 0.129325
2.70479 0.137157
2.70968 0.146877
2.71457 0.15896
2.71945 0.174314
2.72434 0.195091
2.72923 0.225555
2.73412 0.276247
2.739 0.390393
2.74389 0.539331
2.74878 0.513205
2.75367 0.42533
2.75855 0.38161
2.76344 0.355718
2.76833 0.33825
2.77322 0.325369
2.7781 0.315891
2.78299 0.308707
2.78788 0.303331
2.79277 0.299251
2.79765 0.296155
2.80254 0.29364
2.80743 0.29175
2.81232 0.290948
2.8172 0.290979
2.82209 0.291607
2.82698 0.292502
2.83187 0.294003
2.83675 0.296259
2.84164 0.299276
2.84653 0.302731
2.85142 0.306503
2.8563 0.310844
2.86119 0.316333
2.86608 0.322773
2.87097 0.330057
2.87586 0.338109
2.88074 0.34769
2.88563 0.358981
2.89052 0.37209
2.89541 0.387523
2.90029 0.406163
2.90518 0.429057
2.91007 0.457561
2.91496 0.495027
2.91984 0.546763
2.92473 0.626473
2.92962 0.785096
2.93451 0.955257
2.93939 0.838252
2.94428 0.668314
2.94917 0.484281
2.95406 0.327249
2.95894 0.285375
2.96383 0.2664
2.96872 0.251695
2.97361 0.23912
2.97849 0.228418
2.98338 0.218822
2.98827 0.210372
2.99316 0.20265
2.99804 0.195441
3.00293 0.188978
3.00782 0.182994
3.01271 0.177442
3.0176 0.172195
3.02248 0.167075
3.02737 0.162451
3.03226 0.158095
3.03715 0.153764
3.04203 0.149754
3.04692 0.145964
3.05181 0.14234
3.0567 0.138857
3.06158 0.135634
3.06647 0.132408
3.07136 0.129316
3.07625 0.126049
3.08113 0.123244
3.08602 0.120443
3.09091 0.117569
3.0958 0.11483
3.10068 0.112278
3.10557 0.109865
3.11046 0.10739
3.11535 0.105019
3.12023 0.10268
3.12512 0.100352
3.13001 0.0981254
3.1349 0.0961379
3.13978 0.0941016
3.14467 0.0920508
3.14956 0.0900909
3.15445 0.0880846
3.15934 0.0861585
3.16422 0.0842337
3.16911 0.0822448
3.174 0.08045
3.17889 0.0787477
3.18377 0.0769491
3.18866 0.075322
3.19355 0.0737235
3.19844 0.0721013
3.20332 0.0703529
3.20821 0.0688486
3.2131 0.0672795
3.21799 0.0656991
3.22287 0.0640997
3.22776 0.0624743
3.23265 0.0608606
3.23754 0.0593221
3.24242 0.0577831
3.24731 0.0563267
3.2522 0.0547941
3.25709 0.053366
3.26197 0.05198
3.26686 0.0507554
3.27175 0.0494826
3.27664 0.0485471
3.28153 0.0477057
3.28641 0.0472184
3.2913 0.0470142
3.29619 0.0472189
3.30108 0.0475111
3.30596 0.0479549
3.31085 0.0482713
3.31574 0.0485384
3.32063 0.0489846
3.32551 0.0494724
3.3304 0.0499631
3.33529 0.0509544
3.34018 0.0521565
3.34506 0.0537471
3.34995 0.0554364
3.35484 0.0572768
3.35973 0.0592492
3.36461 0.0613343
3.3695 0.0637413
3.37439 0.0660552
3.37928 0.0685175
3.38416 0.0709649
3.38905 0.0736289
3.39394 0.0762239
3.39883 0.0790797
3.40371 0.0818201
3.4086 0.0845589
3.41349 0.0875678
3.41838 0.0905805
3.42326 0.0937708
3.42815 0.0967995
3.43304 0.0998204
3.43793 0.103257
3.44282 0.106674
3.4477 0.110293
3.45259 0.11387
3.45748 0.117504
3.46237 0.121402
3.46725 0.125326
3.47214 0.129401
3.47703 0.133409
3.48192 0.137812
3.4868 0.142436
3.49169 0.147014
3.49658 0.151724
3.50147 0.156776
3.50635 0.162349
3.51124 0.167832
3.51613 0.173411
3.52102 0.179817
3.5259 0.186105
3.53079 0.192464
3.53568 0.199786
3.54057 0.207353
3.54545 0.215765
3.55034 0.224568
3.55523 0.233889
3.56012 0.244318
3.56501 0.255949
3.56989 0.268918
3.57478 0.282972
3.57967 0.299577
3.58456 0.320341
3.58944 0.359036
3.59433 0.717038
3.59922 0.874288
3.60411 0.886422
3.60899 1.02629
3.61388 1.07845
3.61877 0.886629
3.62366 0.828155
3.62854 0.77353
3.63343 0.684961
3.63832 0.630155
3.64321 0.590228
3.64809 0.558646
3.65298 0.532917
3.65787 0.511127
3.66276 0.492059
3.66764 0.475723
3.67253 0.461286
3.67742 0.448219
3.68231 0.436264
3.68719 0.425208
3.69208 0.415853
3.69697 0.407103
3.70186 0.398911
3.70674 0.391194
3.71163 0.383654
3.71652 0.377066
3.72141 0.371
3.7263 0.365198
3.73118 0.359483
3.73607 0.354129
3.74096 0.349202
3.74585 0.344387
3.75073 0.339732
3.75562 0.335614
3.76051 0.332096
3.7654 0.328201
3.77028 0.324152
3.77517 0.320662
3.78006 0.317063
3.78495 0.313506
3.78983 0.31015
3.79472 0.307033
3.79961 0.303557
3.8045 0.300092
3.80938 0.296202
3.81427 0.290882
3.81916 0.265358
3.82405 0.101196
3.82893 0.0928965
3.83382 0.0915078
3.83871 0.0901007
3.8436 0.0892425
3.84848 0.0882966
3.85337 0.0877367
3.85826 0.0869304
3.86315 0.0862189
3.86804 0.0854428
3.87292 0.0848599
3.87781 0.0842744
3.8827 0.0836216
3.88759 0.0831449
3.89247 0.0823848
3.89736 0.081807
3.90225 0.0815044
3.90714 0.0804931
3.91202 0.0800541
3.91691 0.0794013
3.9218 0.0780434
3.92669 0.0763494
3.93157 0.0259734
3.93646 0.00141817
3.94135 0.00144644
3.94624 0.00151083
3.95112 0.00157974
3.95601 0.00166035
3.9609 0.00176627
3.96579 0.00188581
3.97067 0.00204136
3.97556 0.00222197
3.98045 0.0024981
3.98534 0.00287176
3.99022 0.0035901
3.99511 0.00558719
4 0
