-1 0
-0.995112 0.015151
-0.990225 0.0107268
-0.985337 0.00918147
-0.98045 0.361817
-0.975562 0.407164
-0.970675 0.433592
-0.965787 0.460603
-0.960899 0.492858
-0.956012 0.528784
-0.951124 0.584231
-0.946237 0.680548
-0.941349 0.701555
-0.936461 0.59416
-0.931574 0.52768
-0.926686 0.484563
-0.921799 0.451626
-0.916911 0.425931
-0.912023 0.404957
-0.907136 0.38771
-0.902248 0.372841
-0.897361 0.36006
-0.892473 0.348708
-0.887585 0.338973
-0.882698 0.330001
-0.87781 0.322174
-0.872923 0.314568
-0.868035 0.30813
-0.863147 0.302442
-0.85826 0.29658
-0.853372 0.292687
-0.848485 0.288152
-0.843597 0.283841
-0.83871 0.28076
-0.833822 0.277357
-0.828934 0.274314
-0.824047 0.2722
-0.819159 0.270174
-0.814272 0.268587
-0.809384 0.267726
-0.804497 0.265475
-0.799609 0.262916
-0.794721 0.26137
-0.789834 0.260847
-0.784946 0.259667
-0.780059 0.259246
-0.775171 0.259177
-0.770283 0.258869
-0.765396 0.259631
-0.760508 0.260182
-0.755621 0.261483
-0.750733 0.26328
-0.745846 0.265199
-0.740958 0.26745
-0.73607 0.270878
-0.731183 0.274601
-0.726295 0.279236
-0.721408 0.285632
-0.71652 0.293207
-0.711632 0.304002
-0.706745 0.317534
-0.701857 0.334228
-0.69697 0.338993
-0.692082 0.316499
-0.687195 0.291728
-0.682307 0.272401
-0.677419 0.256818
-0.672532 0.24392
-0.667644 0.233565
-0.662757 0.22422
-0.657869 0.215604
-0.652982 0.208225
-0.648094 0.201775
-0.643206 0.195383
-0.638319 0.18984
-0.633431 0.184883
-0.628544 0.18005
-0.623656 0.175349
-0.618768 0.171109
-0.613881 0.16717
-0.608993 0.16362
-0.604106 0.159867
-0.599218 0.15643
-0.594331 0.153341
-0.589443 0.150273
-0.584555 0.147238
-0.579668 0.144493
-0.57478 0.141717
-0.569892 0.139128
-0.565005 0.136656
-0.560117 0.134395
-0.55523 0.132144
-0.550342 0.130052
-0.545455 0.12776
-0.540567 0.125676
-0.535679 0.123738
-0.530792 0.121569
-0.525904 0.119869
-0.521017 0.118179
-0.516129 0.116316
-0.511241 0.11442
-0.506354 0.112968
-0.501466 0.111386
-0.496579 0.109986
-0.491691 0.108438
-0.486804 0.106829
-0.481916 0.105377
-0.477028 0.104079
-0.472141 0.102415
-0.467253 0.101235
-0.462366 0.0998352
-0.457478 0.0985401
-0.45259 0.0975446
-0.447703 0.0961115
-0.442815 0.0949712
-0.437928 0.0938511
-0.43304 0.0926049
-0.428152 0.0915288
-0.423265 0.0904082
-0.418377 0.0893837
-0.41349 0.0884202
-0.408602 0.0873371
-0.403715 0.0862419
-0.398827 0.0852392
-0.393939 0.0842844
-0.389052 0.0833441
-0.384164 0.0823507
-0.379277 0.0813848
-0.374389 0.0806075
-0.369501 0.0797245
-0.364614 0.0788542
-0.359726 0.077919
-0.354839 0.0771537
-0.349951 0.0764513
-0.345064 0.0755704
-0.340176 0.0745694
-0.335288 0.0737806
-0.330401 0.073114
-0.325513 0.0723549
-0.320626 0.0715734
-0.315738 0.070916
-0.310851 0.0700799
-0.305963 0.0694003
-0.301075 0.0686069
-0.296188 0.0678218
-0.2913 0.0671346
-0.286413 0.0662774
-0.281525 0.0655601
-0.276637 0.065004
-0.27175 0.0644614
-0.266862 0.0637391
-0.261975 0.0631064
-0.257087 0.062434
-0.252199 0.0616323
-0.247312 0.0610168
-0.242424 0.0604319
-0.237537 0.0597139
-0.232649 0.0591596
-0.227762 0.0585403
-0.222874 0.0579808
-0.217986 0.0573968
-0.213099 0.056708
-0.208211 0.0559593
-0.203324 0.0553893
-0.198436 0.0549409
-0.193548 0.0543599
-0.188661 0.0537042
-0.183773 0.0530779
-0.178886 0.052401
-0.173998 0.0517758
-0.16911 0.0511062
-0.164223 0.0504564
-0.159335 0.0498255
-0.154448 0.0489839
-0.14956 0.0481254
-0.144672 0.0473465
-0.139785 0.0465343
-0.134897 0.0454431
-0.13001 0.0439789
-0.125122 0.0421494
-0.120234 0.0375379
-0.115347 0.0294123
-0.110459 0.0250252
-0.105572 0.023367
-0.100684 0.0216886
-0.0957966 0.0196971
-0.090909 0.0170214
-0.0860214 0.0130888
-0.0811338 0.00803306
-0.0762463 0.00356341
-0.0713587 0.00157296
-0.0664711 0.00124179
-0.0615835 0.00122137
-0.0566959 0.00121631
-0.0518084 0.00121403
-0.0469208 0.00121162
-0.0420332 0.00120718
-0.0371456 0.00120388
-0.032258 0.00120095
-0.0273705 0.00119935
-0.0224829 0.00119639
-0.0175953 0.00119498
-0.0127077 0.00119348
-0.00782013 0.00119691
-0.00293255 0.00119343
0.00195503 0.00118719
0.00684261 0.00118539
0.0117302 0.00118627
0.0166178 0.00118599
0.0215054 0.00118405
0.0263929 0.0011895
0.0312805 0.00120476
0.0361681 0.0012466
0.0410557 0.00131684
0.0459433 0.00141419
0.0508308 0.00143853
0.0557185 0.00167962
0.0606061 0.00159893
0.0654937 0.00149965
0.0703813 0.00160146
0.0752689 0.00161418
0.0801564 0.00244144
0.085044 0.00312984
0.0899316 0.0024846
0.0948192 0.0045379
0.0997068 0.00922257
0.104594 0.00521496
0.109482 0.0021876
0.11437 0.00251075
0.119257 0.00370625
0.124145 0.00782345
0.129032 0.00658331
0.13392 0.00252031
0.138808 0.00252376
0.143695 0.00363199
0.148583 0.00726495
0.15347 0.00657863
0.158358 0.00265661
0.163245 0.00266208
0.168133 0.00267263
0.173021 0.00215459
0.177908 0.00259906
0.182796 0.00466939
0.187683 0.00954398
0.192571 0.0123352
0.197459 0.0131222
0.202346 0.00626831
0.207234 0.00294141
0.212121 0.00262331
0.217009 0.00201892
0.221896 0.00179652
0.226784 0.00207932
0.231672 0.00242797
0.236559 0.00299519
0.241447 0.00382615
0.246334 0.00591792
0.251222 0.00932337
0.256109 0.0156303
0.260997 0.0201986
0.265885 0.0207574
0.270772 0.0233432
0.27566 0.0209647
0.280547 0.0250802
0.285435 0.0231832
0.290323 0.0279278
0.29521 0.0414277
0.300098 0.0511288
0.304985 0.0772049
0.309873 0.111961
0.31476 0.0776677
0.319648 0.0402524
0.324536 0.0319812
0.329423 0.0252916
0.334311 0.0211081
0.339198 0.0206189
0.344086 0.0207484
0.348974 0.0186914
0.353861 0.0168485
0.358749 0.0126186
0.363636 0.00898478
0.368524 0.00663103
0.373412 0.00522726
0.378299 0.00643115
0.383187 0.00978883
0.388074 0.00811403
0.392962 0.00576765
0.397849 0.00667919
0.402737 0.00723536
0.407625 0.00703682
0.412512 0.00827599
0.4174 0.00898784
0.422287 0.0122457
0.427175 0.00976582
0.432063 0.00620451
0.43695 0.00449092
0.441838 0.00380124
0.446725 0.00326464
0.451613 0.00272816
0.4565 0.00266652
0.461388 0.00236467
0.466276 0.00244481
0.471163 0.00240592
0.476051 0.00198524
0.480938 0.00166843
0.485826 0.00154326
0.490714 0.00150377
0.495601 0.00154108
0.500489 0.00144501
0.505376 0.00127122
0.510264 0.00119679
0.515152 0.00116657
0.520039 0.00117012
0.524927 0.00123961
0.529814 0.00239496
0.534702 0.0069346
0.539589 0.00684225
0.544477 0.00300919
0.549365 0.00206248
0.554252 0.00189974
0.55914 0.00172252
0.564027 0.00176391
0.568915 0.00162192
0.573803 0.00141655
0.57869 0.00124782
0.583578 0.00115946
0.588465 0.00110348
0.593353 0.00106856
0.59824 0.00104971
0.603128 0.00104136
0.608016 0.00103285
0.612903 0.00102449
0.617791 0.00102166
0.622678 0.00102327
0.627566 0.00102415
0.632454 0.00102044
0.637341 0.0010193
0.642229 0.0010188
0.647116 0.00102767
0.652004 0.00112239
0.656892 0.00128291
0.661779 0.00127349
0.666667 0.00111367
0.671554 0.00104654
0.676442 0.00102963
0.681329 0.00101521
0.686217 0.00100693
0.691105 0.00100591
0.695992 0.00100541
0.70088 0.00100248
0.705767 0.00100039
0.710655 0.00100022
0.715543 0.0010022
0.72043 0.00100139
0.725318 0.000999303
0.730205 0.000997869
0.735093 0.000996711
0.73998 0.000996065
0.744868 0.000995138
0.749756 0.000994529
0.754643 0.000992514
0.759531 0.000991728
0.764418 0.000992003
0.769306 0.000992315
0.774194 0.000992475
0.779081 0.000993105
0.783969 0.000992712
0.788856 0.000989925
0.793744 0.000988598
0.798632 0.000988478
0.803519 0.000987968
0.808407 0.000987204
0.813294 0.000986623
0.818182 0.000986387
0.823069 0.00098662
0.827957 0.00098578
0.832845 0.000984298
0.837732 0.000983388
0.84262 0.000982817
0.847507 0.000981525
0.852395 0.000980965
0.857283 0.000981429
0.86217 0.000981513
0.867058 0.000981044
0.871945 0.000982084
0.876833 0.000984409
0.88172 0.000989195
0.886608 0.000996318
0.891496 0.00100695
0.896383 0.00102067
0.901271 0.00103622
0.906158 0.00106397
0.911046 0.00108552
0.915933 0.00109914
0.920821 0.00114842
0.925709 0.0012228
0.930596 0.00132243
0.935484 0.00159243
0.940371 0.00194819
0.945259 0.00190222
0.950147 0.00152967
0.955034 0.00140862
0.959922 0.00164335
0.964809 0.00204166
0.969697 0.00266619
0.974585 0.00315642
0.979472 0.00333915
0.98436 0.00502752
0.989247 0.00680967
0.994135 0.00585993
0.999022 0.00618577
1.00391 0.0046216
1.0088 0.00230666
1.01369 0.00209945
1.01857 0.00231769
1.02346 0.00279984
1.02835 0.00345011
1.03324 0.0040622
1.03812 0.00481283
1.04301 0.00659104
1.0479 0.0116279
1.05279 0.0144459
1.05767 0.00988293
1.06256 0.0066566
1.06745 0.00610602
1.07234 0.00704646
1.07722 0.0111363
1.08211 0.0143488
1.087 0.0140515
1.09189 0.0161352
1.09677 0.0296985
1.10166 0.0538451
1.10655 0.0515304
1.11144 0.0291558
1.11632 0.0173929
1.12121 0.0153081
1.1261 0.016109
1.13099 0.0141235
1.13587 0.00925153
1.14076 0.00557262
1.14565 0.00436735
1.15054 0.00550649
1.15543 0.00544712
1.16031 0.00526758
1.1652 0.00643466
1.17009 0.00765155
1.17498 0.00970982
1.17986 0.00724079
1.18475 0.00443781
1.18964 0.00377772
1.19453 0.00301165
1.19941 0.00213256
1.2043 0.00172886
1.20919 0.00180212
1.21408 0.00166038
1.21896 0.0013455
1.22385 0.00117961
1.22874 0.00113116
1.23363 0.00110933
1.23851 0.0010799
1.2434 0.00108456
1.24829 0.00109969
1.25318 0.00149278
1.25806 0.00420593
1.26295 0.0061113
1.26784 0.00423392
1.27273 0.00255435
1.27761 0.0017593
1.2825 0.00146181
1.28739 0.00137425
1.29228 0.00138395
1.29717 0.00133923
1.30205 0.00124177
1.30694 0.00120189
1.31183 0.00108981
1.31672 0.00101848
1.3216 0.00101726
1.32649 0.00110914
1.33138 0.00116504
1.33627 0.00108301
1.34115 0.00107922
1.34604 0.00119219
1.35093 0.00324303
1.35582 0.00703937
1.3607 0.00570111
1.36559 0.00258288
1.37048 0.00159452
1.37537 0.00125915
1.38025 0.00123043
1.38514 0.00136231
1.39003 0.00157573
1.39492 0.00152421
1.3998 0.00122483
1.40469 0.00105886
1.40958 0.0010216
1.41447 0.00101274
1.41935 0.00101368
1.42424 0.000998172
1.42913 0.000984219
1.43402 0.000981406
1.43891 0.0010977
1.44379 0.00126553
1.44868 0.0011464
1.45357 0.00100189
1.45846 0.000981393
1.46334 0.000966768
1.46823 0.000967255
1.47312 0.000968636
1.47801 0.000964323
1.48289 0.000961225
1.48778 0.00095594
1.49267 0.000952754
1.49756 0.000950914
1.50244 0.00095096
1.50733 0.000955415
1.51222 0.000974223
1.51711 0.000977099
1.52199 0.00095799
1.52688 0.000952865
1.53177 0.000954425
1.53666 0.00095281
1.54154 0.000951923
1.54643 0.000952023
1.55132 0.000951145
1.55621 0.000950465
1.56109 0.000949986
1.56598 0.000948766
1.57087 0.000949342
1.57576 0.000949976
1.58065 0.000950542
1.58553 0.000966752
1.59042 0.000999716
1.59531 0.000995506
1.6002 0.000972305
1.60508 0.000962782
1.60997 0.000961366
1.61486 0.000962125
1.61975 0.000959236
1.62463 0.000957298
1.62952 0.000957026
1.63441 0.00095766
1.6393 0.000961849
1.64418 0.000965685
1.64907 0.000965929
1.65396 0.000972299
1.65885 0.000984549
1.66373 0.000999949
1.66862 0.0010487
1.67351 0.00119488
1.6784 0.0020374
1.68328 0.00411821
1.68817 0.00486707
1.69306 0.00385774
1.69795 0.00293738
1.70283 0.00224502
1.70772 0.00191222
1.71261 0.00172406
1.7175 0.00163757
1.72239 0.00164701
1.72727 0.00152559
1.73216 0.00133825
1.73705 0.00120944
1.74194 0.00112314
1.74682 0.00107907
1.75171 0.00107499
1.7566 0.00139473
1.76149 0.00347244
1.76637 0.00779423
1.77126 0.0118684
1.77615 0.0143473
1.78104 0.0158306
1.78592 0.0167861
1.79081 0.0174653
1.7957 0.0180275
1.80059 0.0184935
1.80547 0.0188789
1.81036 0.0192465
1.81525 0.0195832
1.82014 0.0198548
1.82502 0.020088
1.82991 0.0203311
1.8348 0.0205806
1.83969 0.0207879
1.84457 0.0209668
1.84946 0.0211637
1.85435 0.0213237
1.85924 0.0214818
1.86413 0.0216984
1.86901 0.021912
1.8739 0.0221695
1.87879 0.0223408
1.88368 0.0224558
1.88856 0.0226199
1.89345 0.0227394
1.89834 0.022901
1.90323 0.0231081
1.90811 0.0232937
1.913 0.0234428
1.91789 0.0235383
1.92278 0.0236943
1.92766 0.0238866
1.93255 0.0240939
1.93744 0.0242632
1.94233 0.0244048
1.94721 0.0245794
1.9521 0.0247451
1.95699 0.0248818
1.96188 0.0250095
1.96676 0.0251826
1.97165 0.0253207
1.97654 0.0255007
1.98143 0.0256889
1.98631 0.025823
1.9912 0.0259352
1.99609 0.0261007
2.00098 0.0263037
2.00587 0.026447
2.01075 0.0265532
2.01564 0.0267275
2.02053 0.0269486
2.02542 0.0270921
2.0303 0.027218
2.03519 0.0274158
2.04008 0.0276006
2.04497 0.0277453
2.04985 0.0279054
2.05474 0.0280851
2.05963 0.0283049
2.06452 0.0285006
2.0694 0.0286487
2.07429 0.0288246
2.07918 0.0289718
2.08407 0.0290888
2.08895 0.0292489
2.09384 0.02946
2.09873 0.0296419
2.10362 0.02984
2.1085 0.0300628
2.11339 0.0302298
2.11828 0.0303629
2.12317 0.0304991
2.12805 0.030719
2.13294 0.0309439
2.13783 0.0311317
2.14272 0.0313387
2.1476 0.0315466
2.15249 0.0316715
2.15738 0.0318011
2.16227 0.032019
2.16716 0.0322123
2.17204 0.0324229
2.17693 0.0325797
2.18182 0.0327809
2.18671 0.0330472
2.19159 0.0332449
2.19648 0.0334394
2.20137 0.0336457
2.20626 0.033873
2.21114 0.0341452
2.21603 0.0343972
2.22092 0.0345962
2.22581 0.0348106
2.23069 0.0350395
2.23558 0.0352472
2.24047 0.035454
2.24536 0.035703
2.25024 0.0359584
2.25513 0.0361515
2.26002 0.0363687
2.26491 0.0366294
2.26979 0.0368605
2.27468 0.0370782
2.27957 0.0372931
2.28446 0.0375679
2.28935 0.0379148
2.29423 0.038178
2.29912 0.0383739
2.30401 0.0386002
2.3089 0.0389019
2.31378 0.0392017
2.31867 0.0394571
2.32356 0.0397134
2.32845 0.0400291
2.33333 0.040274
2.33822 0.0405632
2.34311 0.0409145
2.348 0.0412129
2.35288 0.0415397
2.35777 0.041862
2.36266 0.0421481
2.36755 0.0424149
2.37243 0.0427473
2.37732 0.043159
2.38221 0.0434871
2.3871 0.0438023
2.39198 0.0441274
2.39687 0.0445023
2.40176 0.0448851
2.40665 0.0451891
2.41153 0.0454995
2.41642 0.0458626
2.42131 0.046271
2.4262 0.0467412
2.43109 0.0471341
2.43597 0.0475117
2.44086 0.0479917
2.44575 0.048341
2.45064 0.048799
2.45552 0.0492413
2.46041 0.0496502
2.4653 0.0501574
2.47019 0.0507055
2.47507 0.0512132
2.47996 0.0516056
2.48485 0.0520648
2.48974 0.0526385
2.49462 0.0532163
2.49951 0.0538143
2.5044 0.0544697
2.50929 0.0550632
2.51417 0.055578
2.51906 0.0561218
2.52395 0.0567146
2.52884 0.0573977
2.53372 0.0581322
2.53861 0.0588443
2.5435 0.0595921
2.54839 0.0603906
2.55327 0.0612493
2.55816 0.0620118
2.56305 0.0627634
2.56794 0.0636629
2.57282 0.0646005
2.57771 0.0655827
2.5826 0.0665756
2.58749 0.0675775
2.59238 0.0686705
2.59726 0.0697974
2.60215 0.0709996
2.60704 0.0722662
2.61193 0.0735553
2.61681 0.0748702
2.6217 0.0764489
2.62659 0.0780612
2.63148 0.0795666
2.63636 0.0813184
2.64125 0.0833102
2.64614 0.085343
2.65103 0.0874861
2.65591 0.0899184
2.6608 0.0924566
2.66569 0.0953189
2.67058 0.0984592
2.67546 0.101881
2.68035 0.105665
2.68524 0.109726
2.69013 0.114532
2.69501 0.120111
2.6999 0.126387
2.70479 0.133721
2.70968 0.142559
2.71457 0.153665
2.71945 0.167928
2.72434 0.186597
2.72923 0.213358
2.73412 0.25668
2.739 0.34177
2.74389 0.459551
2.74878 0.478685
2.75367 0.423658
2.75855 0.383654
2.76344 0.358254
2.76833 0.340725
2.77322 0.327923
2.7781 0.318126
2.78299 0.310561
2.78788 0.304715
2.79277 0.300463
2.79765 0.297253
2.80254 0.294615
2.80743 0.292865
2.81232 0.292079
2.8172 0.29197
2.82209 0.292383
2.82698 0.293398
2.83187 0.294843
2.83675 0.296829
2.84164 0.299477
2.84653 0.302987
2.85142 0.307079
2.8563 0.311511
2.86119 0.316948
2.86608 0.323106
2.87097 0.329982
2.87586 0.338047
2.88074 0.347032
2.88563 0.357662
2.89052 0.370259
2.89541 0.385578
2.90029 0.40403
2.90518 0.426416
2.91007 0.454249
2.91496 0.490285
2.91984 0.540378
2.92473 0.616062
2.92962 0.750308
2.93451 0.873926
2.93939 0.782933
2.94428 0.624032
2.94917 0.44701
2.95406 0.329315
2.95894 0.291523
2.96383 0.270475
2.96872 0.254514
2.97361 0.241684
2.97849 0.230637
2.98338 0.220737
2.98827 0.211955
2.99316 0.204229
2.99804 0.197062
3.00293 0.190577
3.00782 0.184166
3.01271 0.178519
3.0176 0.1733
3.02248 0.168277
3.02737 0.163669
3.03226 0.15933
3.03715 0.155144
3.04203 0.151139
3.04692 0.147488
3.05181 0.143944
3.0567 0.140521
3.06158 0.137112
3.06647 0.133872
3.07136 0.130883
3.07625 0.12795
3.08113 0.125014
3.08602 0.122417
3.09091 0.119626
3.0958 0.116933
3.10068 0.11465
3.10557 0.11234
3.11046 0.109966
3.11535 0.107592
3.12023 0.105519
3.12512 0.103339
3.13001 0.101302
3.1349 0.0992842
3.13978 0.0974379
3.14467 0.0955769
3.14956 0.0937427
3.15445 0.0919672
3.15934 0.0901464
3.16422 0.0883114
3.16911 0.0866939
3.174 0.0854237
3.17889 0.0839877
3.18377 0.0827545
3.18866 0.0815293
3.19355 0.0802347
3.19844 0.0790161
3.20332 0.077857
3.20821 0.0765219
3.2131 0.0752566
3.21799 0.073877
3.22287 0.0724963
3.22776 0.0710822
3.23265 0.0698566
3.23754 0.0685052
3.24242 0.0670774
3.24731 0.0659564
3.2522 0.0648755
3.25709 0.0638559
3.26197 0.06303
3.26686 0.0623972
3.27175 0.0619343
3.27664 0.0618969
3.28153 0.0621528
3.28641 0.062668
3.2913 0.0635214
3.29619 0.0642558
3.30108 0.0649444
3.30596 0.0657134
3.31085 0.0661743
3.31574 0.0665994
3.32063 0.0667692
3.32551 0.0669273
3.3304 0.0669697
3.33529 0.0667743
3.34018 0.0668087
3.34506 0.0668685
3.34995 0.0671998
3.35484 0.0676553
3.35973 0.0683197
3.36461 0.0693112
3.3695 0.0704901
3.37439 0.0717312
3.37928 0.0733265
3.38416 0.0752554
3.38905 0.077301
3.39394 0.07935
3.39883 0.0816926
3.40371 0.0842604
3.4086 0.0866634
3.41349 0.089229
3.41838 0.0920746
3.42326 0.0951292
3.42815 0.0982025
3.43304 0.101212
3.43793 0.104469
3.44282 0.107691
3.4477 0.111016
3.45259 0.114543
3.45748 0.118171
3.46237 0.122142
3.46725 0.125945
3.47214 0.130149
3.47703 0.134382
3.48192 0.13865
3.4868 0.143102
3.49169 0.147515
3.49658 0.152599
3.50147 0.157685
3.50635 0.162727
3.51124 0.168308
3.51613 0.174371
3.52102 0.180494
3.5259 0.187062
3.53079 0.193948
3.53568 0.201165
3.54057 0.20898
3.54545 0.217339
3.55034 0.226201
3.55523 0.236269
3.56012 0.246926
3.56501 0.259124
3.56989 0.27256
3.57478 0.288621
3.57967 0.307233
3.58456 0.332164
3.58944 0.373717
3.59433 0.588666
3.59922 0.82282
3.60411 0.860952
3.60899 0.962392
3.61388 0.99644
3.61877 0.869363
3.62366 0.805544
3.62854 0.743788
3.63343 0.672653
3.63832 0.622096
3.64321 0.583884
3.64809 0.553191
3.65298 0.527592
3.65787 0.506402
3.66276 0.488468
3.66764 0.471954
3.67253 0.457781
3.67742 0.44503
3.68231 0.433005
3.68719 0.422433
3.69208 0.413529
3.69697 0.404149
3.70186 0.396085
3.70674 0.38851
3.71163 0.381297
3.71652 0.37466
3.72141 0.368753
3.7263 0.36287
3.73118 0.357324
3.73607 0.352133
3.74096 0.34686
3.74585 0.341956
3.75073 0.337294
3.75562 0.333173
3.76051 0.328668
3.7654 0.324401
3.77028 0.320837
3.77517 0.316744
3.78006 0.313049
3.78495 0.309705
3.78983 0.305406
3.79472 0.301321
3.79961 0.297259
3.8045 0.291357
3.80938 0.284256
3.81427 0.268274
3.81916 0.170311
3.82405 0.102298
3.82893 0.0972057
3.83382 0.0948293
3.83871 0.0933517
3.8436 0.0920323
3.84848 0.0911923
3.85337 0.0900677
3.85826 0.0890684
3.86315 0.0882943
3.86804 0.0874967
3.87292 0.086807
3.87781 0.0860577
3.8827 0.085397
3.88759 0.0845757
3.89247 0.0837963
3.89736 0.0834506
3.90225 0.0822911
3.90714 0.0816994
3.91202 0.0802713
3.91691 0.0786231
3.9218 0.0752047
3.92669 0.0556574
3.93157 0.00417035
3.93646 0.00423853
3.94135 0.00440331
3.94624 0.00459793
3.95112 0.00481879
3.95601 0.00508144
3.9609 0.00538288
3.96579 0.00574936
3.97067 0.00621723
3.97556 0.00679971
3.98045 0.00760951
3.98534 0.00876423
3.99022 0.0108264
3.99511 0.0157856
4 0
