-1 0
-0.995112 0.020167
-0.990225 0.0142669
-0.985337 0.0116563
-0.98045 0.0100931
-0.975562 0.00902846
-0.970675 0.00824822
-0.965787 0.00764096
-0.960899 0.007149
-0.956012 0.00674395
-0.951124 0.00640014
-0.946237 0.00610669
-0.941349 0.00585449
-0.936461 0.00562235
-0.931574 0.00542278
-0.926686 0.00524208
-0.921799 0.0050755
-0.916911 0.00492623
-0.912023 0.00479319
-0.907136 0.00466423
-0.902248 0.00455135
-0.897361 0.00444273
-0.892473 0.00434316
-0.887585 0.00425235
-0.882698 0.00416524
-0.87781 0.0040774
-0.872923 0.00400406
-0.868035 0.00393059
-0.863147 0.00386229
-0.85826 0.00379912
-0.853372 0.00373292
-0.848485 0.00367569
-0.843597 0.00361942
-0.83871 0.0035659
-0.833822 0.00351573
-0.828934 0.0034648
-0.824047 0.00341903
-0.819159 0.00337571
-0.814272 0.00333134
-0.809384 0.00329199
-0.804497 0.00325056
-0.799609 0.00321389
-0.794721 0.00317538
-0.789834 0.00313906
-0.784946 0.00310535
-0.780059 0.00307165
-0.775171 0.00304129
-0.770283 0.0030113
-0.765396 0.00298068
-0.760508 0.00295094
-0.755621 0.0029234
-0.750733 0.00289653
-0.745846 0.00287058
-0.740958 0.00284554
-0.73607 0.00282174
-0.731183 0.0027999
-0.726295 0.00278161
-0.721408 0.00276293
-0.71652 0.00275347
-0.711632 0.00276608
-0.706745 0.00282618
-0.701857 0.00326564
-0.69697 0.0290969
-0.692082 0.523411
-0.687195 0.744239
-0.682307 0.86019
-0.677419 1.02791
-0.672532 1.19798
-0.667644 1.00012
-0.662757 0.847658
-0.657869 0.757414
-0.652982 0.69505
-0.648094 0.64757
-0.643206 0.612332
-0.638319 0.582507
-0.633431 0.557993
-0.628544 0.538552
-0.623656 0.521909
-0.618768 0.508465
-0.613881 0.497463
-0.608993 0.492153
-0.604106 0.485776
-0.599218 0.476874
-0.594331 0.471197
-0.589443 0.468957
-0.584555 0.468294
-0.579668 0.469885
-0.57478 0.474601
-0.569892 0.483109
-0.565005 0.497108
-0.560117 0.51699
-0.55523 0.529361
-0.550342 0.501113
-0.545455 0.457534
-0.540567 0.423239
-0.535679 0.395856
-0.530792 0.373822
-0.525904 0.355535
-0.521017 0.339237
-0.516129 0.324536
-0.511241 0.311909
-0.506354 0.300031
-0.501466 0.289419
-0.496579 0.279978
-0.491691 0.271306
-0.486804 0.263
-0.481916 0.254994
-0.477028 0.247916
-0.472141 0.241437
-0.467253 0.235105
-0.462366 0.228759
-0.457478 0.223122
-0.45259 0.217907
-0.447703 0.212712
-0.442815 0.207965
-0.437928 0.203254
-0.43304 0.198758
-0.428152 0.194327
-0.423265 0.190296
-0.418377 0.186132
-0.41349 0.182496
-0.408602 0.179005
-0.403715 0.175493
-0.398827 0.172284
-0.393939 0.168846
-0.389052 0.16603
-0.384164 0.163101
-0.379277 0.160069
-0.374389 0.156873
-0.369501 0.154096
-0.364614 0.151431
-0.359726 0.148755
-0.354839 0.146363
-0.349951 0.144036
-0.345064 0.141459
-0.340176 0.13893
-0.335288 0.136565
-0.330401 0.134139
-0.325513 0.131706
-0.320626 0.128994
-0.315738 0.125755
-0.310851 0.12052
-0.305963 0.105538
-0.301075 0.0855706
-0.296188 0.0795787
-0.2913 0.0774473
-0.286413 0.0759426
-0.281525 0.0745054
-0.276637 0.0730691
-0.27175 0.0717519
-0.266862 0.0704779
-0.261975 0.0693893
-0.257087 0.0682669
-0.252199 0.0671562
-0.247312 0.0661722
-0.242424 0.0651982
-0.237537 0.0640622
-0.232649 0.0629992
-0.227762 0.0621335
-0.222874 0.0610875
-0.217986 0.0601554
-0.213099 0.0592791
-0.208211 0.0585057
-0.203324 0.0575631
-0.198436 0.0566644
-0.193548 0.0558471
-0.188661 0.0549876
-0.183773 0.0541301
-0.178886 0.0533333
-0.173998 0.052547
-0.16911 0.0517729
-0.164223 0.0509607
-0.159335 0.0501715
-0.154448 0.0494177
-0.14956 0.0486844
-0.144672 0.0479797
-0.139785 0.047274
-0.134897 0.0464799
-0.13001 0.0456865
-0.125122 0.0449258
-0.120234 0.0441957
-0.115347 0.043434
-0.110459 0.0428085
-0.105572 0.0421369
-0.100684 0.0413948
-0.0957966 0.0407394
-0.090909 0.039965
-0.0860214 0.0391537
-0.0811338 0.0383622
-0.0762463 0.0375035
-0.0713587 0.0366379
-0.0664711 0.0358152
-0.0615835 0.0350115
-0.0566959 0.0340259
-0.0518084 0.0330394
-0.0469208 0.0319956
-0.0420332 0.0308268
-0.0371456 0.029569
-0.032258 0.0280433
-0.0273705 0.0262583
-0.0224829 0.0242043
-0.0175953 0.0215873
-0.0127077 0.0181861
-0.00782013 0.0138923
-0.00293255 0.00898493
0.00195503 0.00463747
0.00684261 0.00224888
0.0117302 0.00163408
0.0166178 0.00157544
0.0215054 0.00157161
0.0263929 0.00157203
0.0312805 0.00158098
0.0361681 0.00159526
0.0410557 0.0016037
0.0459433 0.00162473
0.0508308 0.00171328
0.0557185 0.001902
0.0606061 0.00213705
0.0654937 0.0022474
0.0703813 0.00215766
0.0752689 0.00229435
0.0801564 0.00292075
0.085044 0.00348257
0.0899316 0.00491458
0.0948192 0.00640131
0.0997068 0.0133405
0.104594 0.0116243
0.109482 0.00358715
0.11437 0.0027268
0.119257 0.00361521
0.124145 0.0067315
0.129032 0.0122728
0.13392 0.00840052
0.138808 0.00257907
0.143695 0.0024721
0.148583 0.00242214
0.15347 0.00197364
0.158358 0.00227173
0.163245 0.00296317
0.168133 0.00347428
0.173021 0.00468802
0.177908 0.00747421
0.182796 0.0116077
0.187683 0.00711053
0.192571 0.00318584
0.197459 0.00331246
0.202346 0.0037422
0.207234 0.00493071
0.212121 0.00471199
0.217009 0.00548593
0.221896 0.00873179
0.226784 0.0156701
0.231672 0.0198893
0.236559 0.019074
0.241447 0.00922848
0.246334 0.00476805
0.251222 0.00523394
0.256109 0.00759282
0.260997 0.0121342
0.265885 0.0186669
0.270772 0.0275426
0.27566 0.0275789
0.280547 0.029679
0.285435 0.0324165
0.290323 0.0344539
0.29521 0.0330518
0.300098 0.0359927
0.304985 0.0454579
0.309873 0.0563974
0.31476 0.0723677
0.319648 0.1045
0.324536 0.103418
0.329423 0.0594671
0.334311 0.0407807
0.339198 0.0335271
0.344086 0.0296114
0.348974 0.0298142
0.353861 0.0275129
0.358749 0.0246355
0.363636 0.0233713
0.368524 0.0185485
0.373412 0.014533
0.378299 0.0142229
0.383187 0.016126
0.388074 0.0157754
0.392962 0.0141679
0.397849 0.0109712
0.402737 0.00865194
0.407625 0.00738485
0.412512 0.008599
0.4174 0.0101658
0.422287 0.00904665
0.427175 0.0108555
0.432063 0.0116637
0.43695 0.0122573
0.441838 0.0120712
0.446725 0.00900774
0.451613 0.00698623
0.4565 0.00572007
0.461388 0.00441622
0.466276 0.00370376
0.471163 0.00368312
0.476051 0.0035396
0.480938 0.00325325
0.485826 0.00309595
0.490714 0.00268934
0.495601 0.00253413
0.500489 0.00250881
0.505376 0.00221389
0.510264 0.00196142
0.515152 0.00185363
0.520039 0.00189106
0.524927 0.00206024
0.529814 0.00513503
0.534702 0.0112787
0.539589 0.00890571
0.544477 0.00474349
0.549365 0.00349902
0.554252 0.00245029
0.55914 0.00238274
0.564027 0.00254784
0.568915 0.00253646
0.573803 0.00232456
0.57869 0.00186994
0.583578 0.00165657
0.588465 0.00156371
0.593353 0.00149107
0.59824 0.00145442
0.603128 0.00142764
0.608016 0.00140336
0.612903 0.00138368
0.617791 0.0013753
0.622678 0.00136978
0.627566 0.00136519
0.632454 0.00137471
0.637341 0.00139641
0.642229 0.00149633
0.647116 0.0018373
0.652004 0.00192479
0.656892 0.00172926
0.661779 0.00152578
0.666667 0.00143485
0.671554 0.00138769
0.676442 0.00135362
0.681329 0.00134435
0.686217 0.00134823
0.691105 0.00134779
0.695992 0.00134636
0.70088 0.00133977
0.705767 0.0013327
0.710655 0.00133129
0.715543 0.00133069
0.72043 0.00132998
0.725318 0.00132805
0.730205 0.00132594
0.735093 0.00132514
0.73998 0.00132428
0.744868 0.00132506
0.749756 0.00132663
0.754643 0.00132836
0.759531 0.00132884
0.764418 0.0013236
0.769306 0.00131881
0.774194 0.00131865
0.779081 0.0013187
0.783969 0.00131839
0.788856 0.00131942
0.793744 0.00131788
0.798632 0.0013142
0.803519 0.00131254
0.808407 0.001312
0.813294 0.00131113
0.818182 0.00130993
0.823069 0.00130886
0.827957 0.00130801
0.832845 0.00130792
0.837732 0.00130779
0.84262 0.00130819
0.847507 0.0013089
0.852395 0.00130992
0.857283 0.00130911
0.86217 0.00131217
0.867058 0.00131873
0.871945 0.00132701
0.876833 0.00133569
0.88172 0.00134509
0.886608 0.00136563
0.891496 0.00140261
0.896383 0.00143733
0.901271 0.00147993
0.906158 0.00156448
0.911046 0.00162039
0.915933 0.0016921
0.920821 0.00190224
0.925709 0.00198455
0.930596 0.00183274
0.935484 0.00182611
0.940371 0.00207438
0.945259 0.00257023
0.950147 0.00318877
0.955034 0.00365229
0.959922 0.00368133
0.964809 0.00382127
0.969697 0.00473435
0.974585 0.00638613
0.979472 0.00840368
0.98436 0.00641408
0.989247 0.00343353
0.994135 0.00312444
0.999022 0.00341926
1.00391 0.00404356
1.0088 0.00468332
1.01369 0.00522534
1.01857 0.00708463
1.02346 0.00979047
1.02835 0.00931566
1.03324 0.00851059
1.03812 0.010811
1.04301 0.010703
1.0479 0.00962042
1.05279 0.0102035
1.05767 0.012145
1.06256 0.0139397
1.06745 0.0106842
1.07234 0.00876942
1.07722 0.0112859
1.08211 0.0162082
1.087 0.0189393
1.09189 0.0197917
1.09677 0.0270241
1.10166 0.0464061
1.10655 0.0547674
1.11144 0.0391387
1.11632 0.025435
1.12121 0.0210079
1.1261 0.0222963
1.13099 0.0203371
1.13587 0.0135283
1.14076 0.00879326
1.14565 0.00603285
1.15054 0.00518304
1.15543 0.00957786
1.16031 0.0162785
1.1652 0.0138555
1.17009 0.00857018
1.17498 0.00878748
1.17986 0.0096494
1.18475 0.0067189
1.18964 0.00487096
1.19453 0.00450685
1.19941 0.00353954
1.2043 0.00278939
1.20919 0.00233183
1.21408 0.0019469
1.21896 0.00179316
1.22385 0.00179271
1.22874 0.0031347
1.23363 0.00697687
1.23851 0.00771032
1.2434 0.00509168
1.24829 0.00359375
1.25318 0.00325392
1.25806 0.00310432
1.26295 0.00261479
1.26784 0.0022522
1.27273 0.00232436
1.27761 0.00219811
1.2825 0.00180353
1.28739 0.00160483
1.29228 0.00148921
1.29717 0.00140958
1.30205 0.00137115
1.30694 0.0013824
1.31183 0.00146228
1.31672 0.00145478
1.3216 0.00136688
1.32649 0.00132428
1.33138 0.00130626
1.33627 0.00134374
1.34115 0.00152339
1.34604 0.00157715
1.35093 0.00145342
1.35582 0.00139564
1.3607 0.00136105
1.36559 0.0013413
1.37048 0.00136831
1.37537 0.00141346
1.38025 0.00152466
1.38514 0.00185853
1.39003 0.00477459
1.39492 0.0101515
1.3998 0.0090977
1.40469 0.00465683
1.40958 0.00256683
1.41447 0.00208333
1.41935 0.00233355
1.42424 0.00232988
1.42913 0.00184255
1.43402 0.00152317
1.43891 0.00139878
1.44379 0.0013991
1.44868 0.00142595
1.45357 0.00138692
1.45846 0.00134357
1.46334 0.00133029
1.46823 0.00134744
1.47312 0.0013829
1.47801 0.001378
1.48289 0.00143621
1.48778 0.00149956
1.49267 0.00153577
1.49756 0.00172664
1.50244 0.00165241
1.50733 0.00143259
1.51222 0.00138696
1.51711 0.00145425
1.52199 0.00169922
1.52688 0.00263737
1.53177 0.00460209
1.53666 0.00574432
1.54154 0.00535865
1.54643 0.00457636
1.55132 0.00381367
1.55621 0.00338562
1.56109 0.00313078
1.56598 0.0028799
1.57087 0.00278211
1.57576 0.00309293
1.58065 0.00484764
1.58553 0.00846334
1.59042 0.0123103
1.59531 0.0151314
1.6002 0.0170502
1.60508 0.0184938
1.60997 0.0195718
1.61486 0.0203717
1.61975 0.0210809
1.62463 0.0217185
1.62952 0.0222286
1.63441 0.0226592
1.6393 0.0230714
1.64418 0.023472
1.64907 0.0238175
1.65396 0.0241549
1.65885 0.0245155
1.66373 0.0248199
1.66862 0.0250804
1.67351 0.0253372
1.6784 0.0256612
1.68328 0.0259626
1.68817 0.0262512
1.69306 0.0265567
1.69795 0.0268375
1.70283 0.0271054
1.70772 0.0273396
1.71261 0.027563
1.7175 0.0278397
1.72239 0.0281193
1.72727 0.0283452
1.73216 0.0285323
1.73705 0.0287181
1.74194 0.0289241
1.74682 0.0291964
1.75171 0.0295154
1.7566 0.0298016
1.76149 0.0300178
1.76637 0.0302213
1.77126 0.0304745
1.77615 0.0307109
1.78104 0.0309462
1.78592 0.0311942
1.79081 0.0314272
1.7957 0.0316527
1.80059 0.031874
1.80547 0.0320917
1.81036 0.0323228
1.81525 0.0326134
1.82014 0.0329041
1.82502 0.0331977
1.82991 0.0334374
1.8348 0.0336918
1.83969 0.0339598
1.84457 0.0341921
1.84946 0.0344995
1.85435 0.034816
1.85924 0.0350589
1.86413 0.0352783
1.86901 0.0355748
1.8739 0.0358748
1.87879 0.0361549
1.88368 0.0364192
1.88856 0.0366518
1.89345 0.0369557
1.89834 0.0372785
1.90323 0.0375748
1.90811 0.0378615
1.913 0.0381483
1.91789 0.0384465
1.92278 0.038695
1.92766 0.0389589
1.93255 0.0392729
1.93744 0.0396038
1.94233 0.0399818
1.94721 0.0403645
1.9521 0.040689
1.95699 0.0409471
1.96188 0.0412607
1.96676 0.0416529
1.97165 0.0420294
1.97654 0.0424077
1.98143 0.0427612
1.98631 0.0430762
1.9912 0.0434769
1.99609 0.0439181
2.00098 0.0443068
2.00587 0.0446755
2.01075 0.0449847
2.01564 0.045379
2.02053 0.0457803
2.02542 0.0462056
2.0303 0.0466661
2.03519 0.0470935
2.04008 0.0475826
2.04497 0.0480405
2.04985 0.0484338
2.05474 0.0488151
2.05963 0.0493208
2.06452 0.0498445
2.0694 0.0502988
2.07429 0.0507979
2.07918 0.0513695
2.08407 0.0519291
2.08895 0.0524303
2.09384 0.0529709
2.09873 0.0535977
2.10362 0.054188
2.1085 0.0547697
2.11339 0.0554291
2.11828 0.05609
2.12317 0.0567103
2.12805 0.0573612
2.13294 0.0580405
2.13783 0.0587221
2.14272 0.0594988
2.1476 0.0602866
2.15249 0.0610773
2.15738 0.0619648
2.16227 0.062772
2.16716 0.0635758
2.17204 0.0644273
2.17693 0.0654032
2.18182 0.066427
2.18671 0.0675157
2.19159 0.0686307
2.19648 0.0698513
2.20137 0.0710366
2.20626 0.0721209
2.21114 0.0733807
2.21603 0.0748135
2.22092 0.0762587
2.22581 0.0777982
2.23069 0.0795436
2.23558 0.0812416
2.24047 0.0829317
2.24536 0.0850264
2.25024 0.0872864
2.25513 0.0894801
2.26002 0.0918936
2.26491 0.0945601
2.26979 0.0974034
2.27468 0.100614
2.27957 0.104255
2.28446 0.108162
2.28935 0.112626
2.29423 0.117759
2.29912 0.123544
2.30401 0.130298
2.3089 0.138372
2.31378 0.14845
2.31867 0.161301
2.32356 0.178556
2.32845 0.203347
2.33333 0.24381
2.33822 0.30288
2.34311 0.337145
2.348 0.322324
2.35288 0.295241
2.35777 0.273933
2.36266 0.257906
2.36755 0.245131
2.37243 0.234544
2.37732 0.225964
2.38221 0.218685
2.3871 0.212307
2.39198 0.206786
2.39687 0.201828
2.40176 0.197339
2.40665 0.19328
2.41153 0.189717
2.41642 0.186356
2.42131 0.183239
2.4262 0.180653
2.43109 0.178305
2.43597 0.175919
2.44086 0.173677
2.44575 0.171708
2.45064 0.169911
2.45552 0.168072
2.46041 0.166287
2.4653 0.164661
2.47019 0.163125
2.47507 0.161731
2.47996 0.160452
2.48485 0.159358
2.48974 0.158144
2.49462 0.156962
2.49951 0.156131
2.5044 0.15519
2.50929 0.154092
2.51417 0.15326
2.51906 0.152587
2.52395 0.151935
2.52884 0.151231
2.53372 0.15057
2.53861 0.150045
2.5435 0.149411
2.54839 0.148964
2.55327 0.148549
2.55816 0.148046
2.56305 0.147578
2.56794 0.147238
2.57282 0.146884
2.57771 0.146524
2.5826 0.146313
2.58749 0.146187
2.59238 0.145981
2.59726 0.145684
2.60215 0.145566
2.60704 0.145487
2.61193 0.145576
2.61681 0.145567
2.6217 0.145426
2.62659 0.145451
2.63148 0.145589
2.63636 0.145718
2.64125 0.145773
2.64614 0.146
2.65103 0.14621
2.65591 0.146358
2.6608 0.146466
2.66569 0.146684
2.67058 0.147084
2.67546 0.147434
2.68035 0.147712
2.68524 0.148049
2.69013 0.14848
2.69501 0.149006
2.6999 0.149458
2.70479 0.14986
2.70968 0.149977
2.71457 0.150151
2.71945 0.150735
2.72434 0.151424
2.72923 0.15228
2.73412 0.153177
2.739 0.154004
2.74389 0.154693
2.74878 0.155523
2.75367 0.156736
2.75855 0.157817
2.76344 0.158843
2.76833 0.16006
2.77322 0.161347
2.7781 0.162768
2.78299 0.164314
2.78788 0.165775
2.79277 0.167502
2.79765 0.16947
2.80254 0.171432
2.80743 0.173447
2.81232 0.175497
2.8172 0.177811
2.82209 0.180581
2.82698 0.183466
2.83187 0.186576
2.83675 0.18989
2.84164 0.193681
2.84653 0.19769
2.85142 0.20221
2.8563 0.207309
2.86119 0.213318
2.86608 0.219938
2.87097 0.227438
2.87586 0.236806
2.88074 0.247961
2.88563 0.261958
2.89052 0.279566
2.89541 0.298039
2.90029 0.303754
2.90518 0.289695
2.91007 0.269622
2.91496 0.252163
2.91984 0.238694
2.92473 0.22863
2.92962 0.220171
2.93451 0.211669
2.93939 0.202783
2.94428 0.193843
2.94917 0.185194
2.95406 0.176977
2.95894 0.169045
2.96383 0.161812
2.96872 0.155215
2.97361 0.149854
2.97849 0.145492
2.98338 0.142275
2.98827 0.139688
2.99316 0.136063
2.99804 0.130629
3.00293 0.126363
3.00782 0.124391
3.01271 0.123988
3.0176 0.125608
3.02248 0.128593
3.02737 0.130605
3.03226 0.13053
3.03715 0.130367
3.04203 0.131545
3.04692 0.132518
3.05181 0.132586
3.0567 0.132412
3.06158 0.132396
3.06647 0.133165
3.07136 0.135355
3.07625 0.137586
3.08113 0.13811
3.08602 0.137286
3.09091 0.136752
3.0958 0.137391
3.10068 0.138899
3.10557 0.141124
3.11046 0.14427
3.11535 0.147999
3.12023 0.151994
3.12512 0.156418
3.13001 0.1612
3.1349 0.166295
3.13978 0.171551
3.14467 0.176793
3.14956 0.182175
3.15445 0.188066
3.15934 0.194406
3.16422 0.200915
3.16911 0.207562
3.174 0.214796
3.17889 0.222193
3.18377 0.229926
3.18866 0.23799
3.19355 0.246559
3.19844 0.255828
3.20332 0.265382
3.20821 0.27565
3.2131 0.286419
3.21799 0.297857
3.22287 0.310184
3.22776 0.323597
3.23265 0.338021
3.23754 0.353566
3.24242 0.370817
3.24731 0.389817
3.2522 0.410734
3.25709 0.434388
3.26197 0.461851
3.26686 0.49359
3.27175 0.53139
3.27664 0.578211
3.28153 0.638659
3.28641 0.723628
3.2913 0.857345
3.29619 1.03842
3.30108 1.08641
3.30596 0.974197
3.31085 0.894272
3.31574 0.851177
3.32063 0.831192
3.32551 0.830033
3.3304 0.845204
3.33529 0.829598
3.34018 0.75732
3.34506 0.696512
3.34995 0.653562
3.35484 0.620705
3.35973 0.593278
3.36461 0.57032
3.3695 0.550296
3.37439 0.532774
3.37928 0.517234
3.38416 0.50276
3.38905 0.48995
3.39394 0.47828
3.39883 0.467622
3.40371 0.45739
3.4086 0.447418
3.41349 0.438152
3.41838 0.42869
3.42326 0.419119
3.42815 0.408802
3.43304 0.395366
3.43793 0.360057
3.44282 0.27654
3.4477 0.11047
3.45259 0.00511628
3.45748 0.00232435
3.46237 0.00212522
3.46725 0.00208202
3.47214 0.00207236
3.47703 0.00207338
3.48192 0.00207574
3.4868 0.00208175
3.49169 0.00208893
3.49658 0.00209598
3.50147 0.00210417
3.50635 0.00211406
3.51124 0.00212301
3.51613 0.00213219
3.52102 0.00214133
3.5259 0.00215035
3.53079 0.00216176
3.53568 0.00217167
3.54057 0.00218165
3.54545 0.00219139
3.55034 0.00220214
3.55523 0.00221147
3.56012 0.00222425
3.56501 0.00223564
3.56989 0.00224697
3.57478 0.00225835
3.57967 0.00226901
3.58456 0.00228154
3.58944 0.00229361
3.59433 0.00230576
3.59922 0.00231682
3.60411 0.00233143
3.60899 0.00234445
3.61388 0.0023602
3.61877 0.00237332
3.62366 0.00238735
3.62854 0.00240051
3.63343 0.00241578
3.63832 0.00243259
3.64321 0.00244841
3.64809 0.00246242
3.65298 0.00247963
3.65787 0.00249489
3.66276 0.00251258
3.66764 0.00252825
3.67253 0.00254571
3.67742 0.00256347
3.68231 0.00258005
3.68719 0.00259934
3.69208 0.00261905
3.69697 0.00264109
3.70186 0.00266036
3.70674 0.00268209
3.71163 0.00270244
3.71652 0.0027233
3.72141 0.002745
3.7263 0.002771
3.73118 0.00279361
3.73607 0.00281689
3.74096 0.00284207
3.74585 0.00286777
3.75073 0.00289538
3.75562 0.00292326
3.76051 0.0029507
3.7654 0.00297883
3.77028 0.00300841
3.77517 0.00303857
3.78006 0.00307178
3.78495 0.00310704
3.78983 0.00313926
3.79472 0.00317448
3.79961 0.00321057
3.8045 0.00324913
3.80938 0.00328901
3.81427 0.00332993
3.81916 0.00337223
3.82405 0.0034184
3.82893 0.00346608
3.83382 0.00351242
3.83871 0.00356541
3.8436 0.00361714
3.84848 0.00367347
3.85337 0.00373305
3.85826 0.00379542
3.86315 0.00386182
3.86804 0.00393436
3.87292 0.00399835
3.87781 0.00407908
3.8827 0.00416237
3.88759 0.00424776
3.89247 0.00434595
3.89736 0.00443886
3.90225 0.00455208
3.90714 0.00466619
3.91202 0.00478993
3.91691 0.00492877
3.9218 0.00507501
3.92669 0.00523792
3.93157 0.00542569
3.93646 0.00562406
3.94135 0.00585392
3.94624 0.00610703
3.95112 0.00640567
3.95601 0.00674577
3.9609 0.00714232
3.96579 0.00764546
3.97067 0.00825062
3.97556 0.00902762
3.98045 0.0101077
3.98534 0.0116411
3.99022 0.0143422
3.99511 0.0207944
4 0
