-1 0
-0.995112 0.00496247
-0.990225 0.00352671
-0.985337 0.00287744
-0.98045 0.00249384
-0.975562 0.00223281
-0.970675 0.00203566
-0.965787 0.00188242
-0.960899 0.00176607
-0.956012 0.00165885
-0.951124 0.00157843
-0.946237 0.00150682
-0.941349 0.0014445
-0.936461 0.00138506
-0.931574 0.00133387
-0.926686 0.00129208
-0.921799 0.00125
-0.916911 0.00121555
-0.912023 0.00118359
-0.907136 0.00114931
-0.902248 0.00111859
-0.897361 0.00109388
-0.892473 0.00107016
-0.887585 0.00104736
-0.882698 0.00103054
-0.87781 0.00100461
-0.872923 0.000986721
-0.868035 0.000969286
-0.863147 0.000952409
-0.85826 0.000937788
-0.853372 0.00092134
-0.848485 0.000906591
-0.843597 0.000894737
-0.83871 0.000882546
-0.833822 0.000865391
-0.828934 0.000854347
-0.824047 0.000843847
-0.819159 0.000831363
-0.814272 0.000820925
-0.809384 0.00080992
-0.804497 0.000801026
-0.799609 0.0007923
-0.794721 0.00078431
-0.789834 0.00077518
-0.784946 0.000768329
-0.780059 0.000760371
-0.775171 0.000749562
-0.770283 0.000742661
-0.765396 0.000737312
-0.760508 0.000728458
-0.755621 0.000721675
-0.750733 0.000716712
-0.745846 0.000711206
-0.740958 0.000707235
-0.73607 0.000700456
-0.731183 0.000697402
-0.726295 0.000696949
-0.721408 0.000697422
-0.71652 0.000711327
-0.711632 0.00074293
-0.706745 0.000887787
-0.701857 0.00219653
-0.69697 0.123904
-0.692082 0.697065
-0.687195 0.803089
-0.682307 0.911691
-0.677419 1.12356
-0.672532 1.37389
-0.667644 1.02204
-0.662757 0.853571
-0.657869 0.758272
-0.652982 0.694476
-0.648094 0.647483
-0.643206 0.610774
-0.638319 0.581941
-0.633431 0.557969
-0.628544 0.537939
-0.623656 0.52186
-0.618768 0.508877
-0.613881 0.496814
-0.608993 0.488348
-0.604106 0.480831
-0.599218 0.475009
-0.594331 0.471218
-0.589443 0.469183
-0.584555 0.469071
-0.579668 0.472109
-0.57478 0.47816
-0.569892 0.488306
-0.565005 0.506373
-0.560117 0.541774
-0.55523 0.606917
-0.550342 0.556714
-0.545455 0.480393
-0.540567 0.436609
-0.535679 0.405274
-0.530792 0.381144
-0.525904 0.361298
-0.521017 0.343851
-0.516129 0.328941
-0.511241 0.315345
-0.506354 0.303552
-0.501466 0.292221
-0.496579 0.282849
-0.491691 0.273525
-0.486804 0.26485
-0.481916 0.256957
-0.477028 0.24942
-0.472141 0.242436
-0.467253 0.236168
-0.462366 0.230197
-0.457478 0.22409
-0.45259 0.218706
-0.447703 0.213598
-0.442815 0.208734
-0.437928 0.204113
-0.43304 0.199374
-0.428152 0.195062
-0.423265 0.191004
-0.418377 0.187428
-0.41349 0.183446
-0.408602 0.17967
-0.403715 0.176121
-0.398827 0.172883
-0.393939 0.169718
-0.389052 0.166498
-0.384164 0.163547
-0.379277 0.160436
-0.374389 0.157649
-0.369501 0.155023
-0.364614 0.152408
-0.359726 0.149701
-0.354839 0.147101
-0.349951 0.144672
-0.345064 0.142285
-0.340176 0.140125
-0.335288 0.137965
-0.330401 0.135815
-0.325513 0.133799
-0.320626 0.131721
-0.315738 0.129533
-0.310851 0.127081
-0.305963 0.123673
-0.301075 0.104418
-0.296188 0.080115
-0.2913 0.0762036
-0.286413 0.0746376
-0.281525 0.0733729
-0.276637 0.0721374
-0.27175 0.0711385
-0.266862 0.0699596
-0.261975 0.0687644
-0.257087 0.0679215
-0.252199 0.0668447
-0.247312 0.0657825
-0.242424 0.0648792
-0.237537 0.0639739
-0.232649 0.0629668
-0.227762 0.061896
-0.222874 0.0610209
-0.217986 0.0601691
-0.213099 0.0593794
-0.208211 0.0585988
-0.203324 0.0577282
-0.198436 0.0569512
-0.193548 0.0562879
-0.188661 0.0554397
-0.183773 0.0545289
-0.178886 0.0537513
-0.173998 0.053045
-0.16911 0.0522976
-0.164223 0.0515094
-0.159335 0.05087
-0.154448 0.0502763
-0.14956 0.0495636
-0.144672 0.0489166
-0.139785 0.0483205
-0.134897 0.0477102
-0.13001 0.0469853
-0.125122 0.0463421
-0.120234 0.0457225
-0.115347 0.045102
-0.110459 0.0445928
-0.105572 0.0439808
-0.100684 0.043442
-0.0957966 0.0427415
-0.090909 0.0421636
-0.0860214 0.0415424
-0.0811338 0.0409411
-0.0762463 0.0404903
-0.0713587 0.0400036
-0.0664711 0.0393717
-0.0615835 0.0388763
-0.0566959 0.0383073
-0.0518084 0.03777
-0.0469208 0.0372221
-0.0420332 0.0366635
-0.0371456 0.0361275
-0.032258 0.0355725
-0.0273705 0.0349955
-0.0224829 0.0343342
-0.0175953 0.0336671
-0.0127077 0.033009
-0.00782013 0.0322389
-0.00293255 0.0313458
0.00195503 0.0301571
0.00684261 0.0284055
0.0117302 0.0247058
0.0166178 0.0138626
0.0215054 0.0026324
0.0263929 0.000461798
0.0312805 0.00040477
0.0361681 0.000392454
0.0410557 0.000386926
0.0459433 0.000384259
0.0508308 0.000382958
0.0557185 0.000384006
0.0606061 0.000388735
0.0654937 0.000393419
0.0703813 0.000389127
0.0752689 0.000386926
0.0801564 0.000397305
0.085044 0.000404877
0.0899316 0.00044078
0.0948192 0.000483362
0.0997068 0.0011557
0.104594 0.00147978
0.109482 0.000554253
0.11437 0.000395435
0.119257 0.000409161
0.124145 0.00051069
0.129032 0.00123629
0.13392 0.00129083
0.138808 0.000471526
0.143695 0.000388049
0.148583 0.000393055
0.15347 0.000378965
0.158358 0.00037843
0.163245 0.000395403
0.168133 0.000402963
0.173021 0.000432151
0.177908 0.000586893
0.182796 0.00135049
0.187683 0.00113222
0.192571 0.000429452
0.197459 0.000397426
0.202346 0.000398786
0.207234 0.000440287
0.212121 0.000440745
0.217009 0.000442792
0.221896 0.000548326
0.226784 0.00129082
0.231672 0.00199436
0.236559 0.00256002
0.241447 0.00136772
0.246334 0.000449255
0.251222 0.000444006
0.256109 0.000480694
0.260997 0.000634651
0.265885 0.00112627
0.270772 0.00312733
0.27566 0.00333191
0.280547 0.00323814
0.285435 0.00386329
0.290323 0.0047736
0.29521 0.00452227
0.300098 0.0046407
0.304985 0.00708089
0.309873 0.0109649
0.31476 0.0195043
0.319648 0.0661004
0.324536 0.0927474
0.329423 0.0357498
0.334311 0.0128838
0.339198 0.00829526
0.344086 0.00593316
0.348974 0.00627853
0.353861 0.00512795
0.358749 0.00389331
0.363636 0.00368419
0.368524 0.00186783
0.373412 0.000968173
0.378299 0.00153692
0.383187 0.00237223
0.388074 0.0019348
0.392962 0.00142371
0.397849 0.000725228
0.402737 0.000530581
0.407625 0.000515252
0.412512 0.00103318
0.4174 0.00126216
0.422287 0.000859163
0.427175 0.00137211
0.432063 0.00127892
0.43695 0.00140905
0.441838 0.00116467
0.446725 0.000563678
0.451613 0.000463446
0.4565 0.000416622
0.461388 0.00037331
0.466276 0.000370934
0.471163 0.000383836
0.476051 0.000373391
0.480938 0.00036638
0.485826 0.00036477
0.490714 0.00035046
0.495601 0.000352424
0.500489 0.000352666
0.505376 0.000342954
0.510264 0.000340408
0.515152 0.000339369
0.520039 0.00034455
0.524927 0.000352998
0.529814 0.000832729
0.534702 0.00142127
0.539589 0.000787007
0.544477 0.000402301
0.549365 0.000372834
0.554252 0.00034424
0.55914 0.000352519
0.564027 0.000356458
0.568915 0.00035398
0.573803 0.00034615
0.57869 0.000336187
0.583578 0.000333541
0.588465 0.000333062
0.593353 0.000332491
0.59824 0.000331638
0.603128 0.000331677
0.608016 0.000331475
0.612903 0.000332203
0.617791 0.000332244
0.622678 0.000330871
0.627566 0.000329556
0.632454 0.000329714
0.637341 0.000329237
0.642229 0.000331324
0.647116 0.000337951
0.652004 0.000339482
0.656892 0.000334446
0.661779 0.000329493
0.666667 0.000329068
0.671554 0.000329563
0.676442 0.000328587
0.681329 0.000328134
0.686217 0.000328689
0.691105 0.000328597
0.695992 0.000327143
0.70088 0.000327241
0.705767 0.000327326
0.710655 0.000326332
0.715543 0.000326453
0.72043 0.000326941
0.725318 0.00032608
0.730205 0.000326259
0.735093 0.000326123
0.73998 0.000325361
0.744868 0.000324938
0.749756 0.000325047
0.754643 0.00032497
0.759531 0.000324773
0.764418 0.000324027
0.769306 0.000323377
0.774194 0.000323492
0.779081 0.000323084
0.783969 0.000323424
0.788856 0.000323678
0.793744 0.000323053
0.798632 0.000322921
0.803519 0.000323178
0.808407 0.000323016
0.813294 0.000322274
0.818182 0.000321693
0.823069 0.000321605
0.827957 0.00032131
0.832845 0.000320914
0.837732 0.000321195
0.84262 0.000320717
0.847507 0.00032034
0.852395 0.00032097
0.857283 0.000321316
0.86217 0.000321185
0.867058 0.000321145
0.871945 0.000320616
0.876833 0.000319572
0.88172 0.000318736
0.886608 0.000318597
0.891496 0.000319497
0.896383 0.000319747
0.901271 0.000320167
0.906158 0.000321964
0.911046 0.000321611
0.915933 0.000320621
0.920821 0.000325008
0.925709 0.000330006
0.930596 0.000326188
0.935484 0.000320884
0.940371 0.00032106
0.945259 0.000328581
0.950147 0.000343318
0.955034 0.000364063
0.959922 0.000369392
0.964809 0.000365356
0.969697 0.00039722
0.974585 0.000566497
0.979472 0.00112731
0.98436 0.001058
0.989247 0.000459744
0.994135 0.000345926
0.999022 0.000352606
1.00391 0.0003732
1.0088 0.000400172
1.01369 0.000414701
1.01857 0.000605057
1.02346 0.00118161
1.02835 0.0011273
1.03324 0.000771397
1.03812 0.00126806
1.04301 0.00129877
1.0479 0.00118929
1.05279 0.00133223
1.05767 0.00177315
1.06256 0.00269189
1.06745 0.00163605
1.07234 0.000753189
1.07722 0.00148646
1.08211 0.00362013
1.087 0.0046611
1.09189 0.00499406
1.09677 0.0122464
1.10166 0.0374412
1.10655 0.0420324
1.11144 0.0165954
1.11632 0.00537043
1.12121 0.00389394
1.1261 0.00442639
1.13099 0.00324545
1.13587 0.00120407
1.14076 0.000597418
1.14565 0.000429807
1.15054 0.000489443
1.15543 0.00172569
1.16031 0.00277301
1.1652 0.00146165
1.17009 0.000659756
1.17498 0.00112791
1.17986 0.00115202
1.18475 0.000576604
1.18964 0.000420011
1.19453 0.000407235
1.19941 0.000358779
1.2043 0.000335994
1.20919 0.000325011
1.21408 0.000317658
1.21896 0.000321264
1.22385 0.000326143
1.22874 0.000639484
1.23363 0.00120461
1.23851 0.000910658
1.2434 0.000442533
1.24829 0.000364906
1.25318 0.000359543
1.25806 0.000355602
1.26295 0.00033675
1.26784 0.000328796
1.27273 0.000333033
1.27761 0.000324849
1.2825 0.000315036
1.28739 0.000314039
1.29228 0.000312387
1.29717 0.000311451
1.30205 0.000310951
1.30694 0.00031324
1.31183 0.000317614
1.31672 0.000315567
1.3216 0.000311799
1.32649 0.000311173
1.33138 0.000310945
1.33627 0.000312591
1.34115 0.00031777
1.34604 0.000316127
1.35093 0.000311876
1.35582 0.000311736
1.3607 0.00031115
1.36559 0.000311354
1.37048 0.000312319
1.37537 0.000312062
1.38025 0.000316698
1.38514 0.000341019
1.39003 0.000771706
1.39492 0.0012655
1.3998 0.000808037
1.40469 0.000384912
1.40958 0.00033214
1.41447 0.000327171
1.41935 0.000333838
1.42424 0.000327803
1.42913 0.000315944
1.43402 0.000312338
1.43891 0.000312106
1.44379 0.000314008
1.44868 0.000313719
1.45357 0.00031175
1.45846 0.000310355
1.46334 0.000310765
1.46823 0.000311664
1.47312 0.000312628
1.47801 0.000312053
1.48289 0.000314145
1.48778 0.000315077
1.49267 0.000316298
1.49756 0.000320631
1.50244 0.000317104
1.50733 0.000314008
1.51222 0.000314603
1.51711 0.000319145
1.52199 0.000409063
1.52688 0.000869505
1.53177 0.00107652
1.53666 0.00068399
1.54154 0.000457408
1.54643 0.000395162
1.55132 0.000378502
1.55621 0.000400423
1.56109 0.000717895
1.56598 0.00464165
1.57087 0.0134214
1.57576 0.0195428
1.58065 0.0213731
1.58553 0.0221794
1.59042 0.0227268
1.59531 0.0230856
1.6002 0.023436
1.60508 0.023753
1.60997 0.0239957
1.61486 0.0242148
1.61975 0.0244434
1.62463 0.0246912
1.62952 0.0248931
1.63441 0.0251547
1.6393 0.0253922
1.64418 0.0255491
1.64907 0.0257604
1.65396 0.0259497
1.65885 0.0261789
1.66373 0.026398
1.66862 0.0265731
1.67351 0.0267769
1.6784 0.0269939
1.68328 0.0271971
1.68817 0.027387
1.69306 0.0275761
1.69795 0.0277784
1.70283 0.027965
1.70772 0.0281656
1.71261 0.0283861
1.7175 0.02863
1.72239 0.0288369
1.72727 0.0289917
1.73216 0.0291727
1.73705 0.0293355
1.74194 0.0295912
1.74682 0.0299061
1.75171 0.0301085
1.7566 0.0302861
1.76149 0.0304928
1.76637 0.0306968
1.77126 0.0309489
1.77615 0.0312372
1.78104 0.0314542
1.78592 0.0316357
1.79081 0.0318805
1.7957 0.0321287
1.80059 0.0322876
1.80547 0.0324989
1.81036 0.0327458
1.81525 0.0329773
1.82014 0.0332431
1.82502 0.0335072
1.82991 0.0337277
1.8348 0.0339166
1.83969 0.0341696
1.84457 0.0344933
1.84946 0.0347317
1.85435 0.0349391
1.85924 0.0351955
1.86413 0.0354472
1.86901 0.0357312
1.8739 0.0360531
1.87879 0.0363485
1.88368 0.0366332
1.88856 0.0368507
1.89345 0.0371015
1.89834 0.037408
1.90323 0.0377292
1.90811 0.0380198
1.913 0.0382706
1.91789 0.0386017
1.92278 0.0389407
1.92766 0.0392282
1.93255 0.0395532
1.93744 0.039882
1.94233 0.0402034
1.94721 0.0405306
1.9521 0.040826
1.95699 0.0411417
1.96188 0.0414693
1.96676 0.0417785
1.97165 0.0421186
1.97654 0.0425323
1.98143 0.0429367
1.98631 0.0432476
1.9912 0.0435473
1.99609 0.0439166
2.00098 0.0443742
2.00587 0.0448085
2.01075 0.0452051
2.01564 0.0456137
2.02053 0.0460119
2.02542 0.0463708
2.0303 0.0467789
2.03519 0.0472136
2.04008 0.0476798
2.04497 0.0481572
2.04985 0.0486362
2.05474 0.0491504
2.05963 0.0495751
2.06452 0.050034
2.0694 0.0505785
2.07429 0.0510986
2.07918 0.0516357
2.08407 0.0522205
2.08895 0.0528004
2.09384 0.0533647
2.09873 0.0539612
2.10362 0.0545852
2.1085 0.055253
2.11339 0.0558582
2.11828 0.0564323
2.12317 0.0571269
2.12805 0.0579042
2.13294 0.058579
2.13783 0.0592911
2.14272 0.0601024
2.1476 0.0609074
2.15249 0.0617406
2.15738 0.0626379
2.16227 0.0634505
2.16716 0.0643042
2.17204 0.0652375
2.17693 0.0662159
2.18182 0.0673377
2.18671 0.0684939
2.19159 0.0696671
2.19648 0.0708702
2.20137 0.0720811
2.20626 0.0733255
2.21114 0.0747044
2.21603 0.0761972
2.22092 0.0776949
2.22581 0.0792656
2.23069 0.080925
2.23558 0.0827826
2.24047 0.0847262
2.24536 0.0867935
2.25024 0.0891455
2.25513 0.0915782
2.26002 0.0941731
2.26491 0.0971414
2.26979 0.100264
2.27468 0.103655
2.27957 0.107629
2.28446 0.112169
2.28935 0.117025
2.29423 0.122644
2.29912 0.129201
2.30401 0.137047
2.3089 0.146606
2.31378 0.158391
2.31867 0.17382
2.32356 0.194999
2.32845 0.227468
2.33333 0.29093
2.33822 0.391623
2.34311 0.414089
2.348 0.350407
2.35288 0.304234
2.35777 0.277764
2.36266 0.2595
2.36755 0.245443
2.37243 0.234155
2.37732 0.225026
2.38221 0.217512
2.3871 0.211043
2.39198 0.205398
2.39687 0.200255
2.40176 0.195441
2.40665 0.191453
2.41153 0.187946
2.41642 0.184665
2.42131 0.18166
2.4262 0.178884
2.43109 0.176347
2.43597 0.174103
2.44086 0.171882
2.44575 0.16986
2.45064 0.167998
2.45552 0.166172
2.46041 0.164691
2.4653 0.163119
2.47019 0.161532
2.47507 0.159974
2.47996 0.158594
2.48485 0.157613
2.48974 0.156679
2.49462 0.155474
2.49951 0.154328
2.5044 0.153413
2.50929 0.152519
2.51417 0.15167
2.51906 0.150907
2.52395 0.150383
2.52884 0.149692
2.53372 0.148981
2.53861 0.148386
2.5435 0.147809
2.54839 0.147326
2.55327 0.146925
2.55816 0.146456
2.56305 0.145943
2.56794 0.145658
2.57282 0.145415
2.57771 0.144948
2.5826 0.144629
2.58749 0.144428
2.59238 0.144273
2.59726 0.144154
2.60215 0.14391
2.60704 0.143843
2.61193 0.143808
2.61681 0.14368
2.6217 0.143531
2.62659 0.143495
2.63148 0.143594
2.63636 0.143705
2.64125 0.143744
2.64614 0.143851
2.65103 0.144067
2.65591 0.144266
2.6608 0.144322
2.66569 0.144478
2.67058 0.144936
2.67546 0.145211
2.68035 0.14531
2.68524 0.145615
2.69013 0.146032
2.69501 0.146515
2.6999 0.146781
2.70479 0.147314
2.70968 0.148025
2.71457 0.148462
2.71945 0.148957
2.72434 0.149725
2.72923 0.150618
2.73412 0.15139
2.739 0.152046
2.74389 0.152932
2.74878 0.153926
2.75367 0.154801
2.75855 0.15578
2.76344 0.156922
2.76833 0.158229
2.77322 0.159567
2.7781 0.160671
2.78299 0.16205
2.78788 0.163586
2.79277 0.165175
2.79765 0.167128
2.80254 0.169159
2.80743 0.171144
2.81232 0.173448
2.8172 0.17596
2.82209 0.178609
2.82698 0.181386
2.83187 0.184366
2.83675 0.187777
2.84164 0.191591
2.84653 0.195842
2.85142 0.200635
2.8563 0.206197
2.86119 0.212179
2.86608 0.219185
2.87097 0.227813
2.87586 0.238302
2.88074 0.251427
2.88563 0.269062
2.89052 0.295918
2.89541 0.340608
2.90029 0.360725
2.90518 0.316621
2.91007 0.275338
2.91496 0.249731
2.91984 0.231113
2.92473 0.216624
2.92962 0.204818
2.93451 0.194684
2.93939 0.185184
2.94428 0.176537
2.94917 0.168284
2.95406 0.160199
2.95894 0.152459
2.96383 0.145238
2.96872 0.13849
2.97361 0.13219
2.97849 0.126376
2.98338 0.121204
2.98827 0.117121
2.99316 0.113946
2.99804 0.112308
3.00293 0.112598
3.00782 0.113752
3.01271 0.115242
3.0176 0.116853
3.02248 0.119065
3.02737 0.121076
3.03226 0.122675
3.03715 0.12429
3.04203 0.126481
3.04692 0.128379
3.05181 0.130059
3.0567 0.131647
3.06158 0.132
3.06647 0.12934
3.07136 0.124325
3.07625 0.120584
3.08113 0.118615
3.08602 0.119931
3.09091 0.123111
3.0958 0.126866
3.10068 0.130938
3.10557 0.13513
3.11046 0.139722
3.11535 0.144534
3.12023 0.149331
3.12512 0.15435
3.13001 0.159395
3.1349 0.164724
3.13978 0.170482
3.14467 0.176434
3.14956 0.182333
3.15445 0.188356
3.15934 0.194701
3.16422 0.201376
3.16911 0.208339
3.174 0.215745
3.17889 0.223311
3.18377 0.231093
3.18866 0.23935
3.19355 0.248232
3.19844 0.257212
3.20332 0.266819
3.20821 0.277365
3.2131 0.288191
3.21799 0.299513
3.22287 0.312226
3.22776 0.32587
3.23265 0.340309
3.23754 0.356343
3.24242 0.373514
3.24731 0.392628
3.2522 0.414169
3.25709 0.438566
3.26197 0.466629
3.26686 0.498915
3.27175 0.537921
3.27664 0.586178
3.28153 0.650531
3.28641 0.743821
3.2913 0.908913
3.29619 1.1614
3.30108 1.20091
3.30596 1.00486
3.31085 0.909266
3.31574 0.860996
3.32063 0.83851
3.32551 0.837703
3.3304 0.876205
3.33529 0.897669
3.34018 0.791125
3.34506 0.714971
3.34995 0.667117
3.35484 0.631075
3.35973 0.602534
3.36461 0.578838
3.3695 0.558201
3.37439 0.540887
3.37928 0.525181
3.38416 0.510829
3.38905 0.498073
3.39394 0.486257
3.39883 0.475815
3.40371 0.465919
3.4086 0.45668
3.41349 0.447824
3.41838 0.439622
3.42326 0.431656
3.42815 0.424356
3.43304 0.416615
3.43793 0.404217
3.44282 0.337378
3.4477 0.232644
3.45259 0.0359295
3.45748 0.00124514
3.46237 0.000672227
3.46725 0.000570013
3.47214 0.000539385
3.47703 0.000526942
3.48192 0.000520624
3.4868 0.000518997
3.49169 0.000519071
3.49658 0.000520524
3.50147 0.000522134
3.50635 0.000522484
3.51124 0.000525624
3.51613 0.000525773
3.52102 0.000528595
3.5259 0.000530942
3.53079 0.000533565
3.53568 0.0005348
3.54057 0.000537406
3.54545 0.000540531
3.55034 0.000543793
3.55523 0.000544026
3.56012 0.000548067
3.56501 0.000551314
3.56989 0.000554239
3.57478 0.000558217
3.57967 0.000559949
3.58456 0.000563229
3.58944 0.000564766
3.59433 0.00056865
3.59922 0.00057257
3.60411 0.000576157
3.60899 0.000577784
3.61388 0.00058155
3.61877 0.000584692
3.62366 0.000587928
3.62854 0.000592697
3.63343 0.000596605
3.63832 0.000599217
3.64321 0.000603136
3.64809 0.00060776
3.65298 0.000610193
3.65787 0.000614088
3.66276 0.000619943
3.66764 0.000623195
3.67253 0.000628847
3.67742 0.000633095
3.68231 0.000637075
3.68719 0.000640581
3.69208 0.000645841
3.69697 0.000650487
3.70186 0.000653842
3.70674 0.000661076
3.71163 0.000667297
3.71652 0.000672949
3.72141 0.00067606
3.7263 0.000682481
3.73118 0.000688101
3.73607 0.000694292
3.74096 0.000700104
3.74585 0.000707219
3.75073 0.000712717
3.75562 0.000721143
3.76051 0.000726363
3.7654 0.000735364
3.77028 0.00074191
3.77517 0.000750191
3.78006 0.000754573
3.78495 0.000765295
3.78983 0.000773676
3.79472 0.0007816
3.79961 0.000788843
3.8045 0.000798875
3.80938 0.000811527
3.81427 0.000821619
3.81916 0.00083138
3.82405 0.000844216
3.82893 0.000854216
3.83382 0.000866097
3.83871 0.000877028
3.8436 0.000891769
3.84848 0.0009026
3.85337 0.000921227
3.85826 0.000935159
3.86315 0.000951217
3.86804 0.0009684
3.87292 0.00098486
3.87781 0.00100391
3.8827 0.00102691
3.88759 0.00104772
3.89247 0.00106788
3.89736 0.00109178
3.90225 0.00112214
3.90714 0.0011505
3.91202 0.00117977
3.91691 0.00121437
3.9218 0.0012493
3.92669 0.00129021
3.93157 0.00133771
3.93646 0.00138826
3.94135 0.00144394
3.94624 0.00150893
3.95112 0.00158284
3.95601 0.0016606
3.9609 0.00176313
3.96579 0.00189187
3.97067 0.00204414
3.97556 0.00223034
3.98045 0.00249665
3.98534 0.00287595
3.99022 0.0036108
3.99511 0.00554656
4 0
