-1 0
-0.995112 0.00995391
-0.990225 0.00703915
-0.985337 0.00575007
-0.98045 0.00498536
-0.975562 0.0044555
-0.970675 0.00406966
-0.965787 0.00377636
-0.960899 0.00353316
-0.956012 0.00333192
-0.951124 0.0031607
-0.946237 0.00301524
-0.941349 0.00289105
-0.936461 0.00277601
-0.931574 0.00267719
-0.926686 0.00258478
-0.921799 0.00250715
-0.916911 0.00243923
-0.912023 0.00236978
-0.907136 0.00230369
-0.902248 0.00224531
-0.897361 0.00219516
-0.892473 0.002143
-0.887585 0.00209993
-0.882698 0.00205734
-0.87781 0.00201361
-0.872923 0.00197635
-0.868035 0.00194084
-0.863147 0.00190672
-0.85826 0.00187527
-0.853372 0.00184564
-0.848485 0.00181344
-0.843597 0.0017879
-0.83871 0.0017645
-0.833822 0.00173437
-0.828934 0.0017109
-0.824047 0.00168654
-0.819159 0.00166738
-0.814272 0.00164316
-0.809384 0.00162344
-0.804497 0.0016045
-0.799609 0.00158619
-0.794721 0.00156853
-0.789834 0.00155034
-0.784946 0.00153216
-0.780059 0.00151758
-0.775171 0.00150067
-0.770283 0.0014867
-0.765396 0.00146818
-0.760508 0.00145562
-0.755621 0.00144264
-0.750733 0.00143021
-0.745846 0.00141772
-0.740958 0.00140455
-0.73607 0.00139034
-0.731183 0.00138063
-0.726295 0.00136692
-0.721408 0.00135491
-0.71652 0.00134437
-0.711632 0.00133295
-0.706745 0.00132275
-0.701857 0.00131349
-0.69697 0.00130299
-0.692082 0.00129483
-0.687195 0.00128572
-0.682307 0.00127464
-0.677419 0.0012652
-0.672532 0.00125885
-0.667644 0.00124885
-0.662757 0.00123941
-0.657869 0.00123219
-0.652982 0.00122496
-0.648094 0.00121684
-0.643206 0.00120955
-0.638319 0.00120121
-0.633431 0.00119373
-0.628544 0.00118528
-0.623656 0.00117966
-0.618768 0.00117012
-0.613881 0.00116551
-0.608993 0.00116059
-0.604106 0.00115181
-0.599218 0.00114626
-0.594331 0.00113859
-0.589443 0.00113366
-0.584555 0.00112739
-0.579668 0.00112169
-0.57478 0.00111604
-0.569892 0.0011104
-0.565005 0.00110518
-0.560117 0.00109963
-0.55523 0.00109534
-0.550342 0.00109038
-0.545455 0.00108471
-0.540567 0.00108128
-0.535679 0.00107612
-0.530792 0.00107195
-0.525904 0.00107047
-0.521017 0.00106776
-0.516129 0.00106712
-0.511241 0.00107019
-0.506354 0.00107211
-0.501466 0.00108432
-0.496579 0.00110574
-0.491691 0.0011493
-0.486804 0.00124949
-0.481916 0.00150365
-0.477028 0.00233152
-0.472141 0.00688899
-0.467253 0.346732
-0.462366 2.00961
-0.457478 3.61893
-0.45259 3.44155
-0.447703 2.25904
-0.442815 1.31677
-0.437928 0.941357
-0.43304 0.86067
-0.428152 0.811302
-0.423265 0.779684
-0.418377 0.764279
-0.41349 0.763806
-0.408602 0.780813
-0.403715 0.830762
-0.398827 0.942688
-0.393939 0.882046
-0.389052 0.682119
-0.384164 0.569709
-0.379277 0.49682
-0.374389 0.44377
-0.369501 0.402471
-0.364614 0.36888
-0.359726 0.341206
-0.354839 0.317722
-0.349951 0.297301
-0.345064 0.279784
-0.340176 0.263956
-0.335288 0.250035
-0.330401 0.237663
-0.325513 0.226406
-0.320626 0.216279
-0.315738 0.206613
-0.310851 0.197817
-0.305963 0.18978
-0.301075 0.182432
-0.296188 0.175634
-0.2913 0.169407
-0.286413 0.163588
-0.281525 0.157864
-0.276637 0.152535
-0.27175 0.148008
-0.266862 0.143266
-0.261975 0.138627
-0.257087 0.134567
-0.252199 0.130648
-0.247312 0.12698
-0.242424 0.123429
-0.237537 0.120045
-0.232649 0.116656
-0.227762 0.113626
-0.222874 0.110674
-0.217986 0.107909
-0.213099 0.105192
-0.208211 0.10262
-0.203324 0.0999133
-0.198436 0.0973982
-0.193548 0.0952141
-0.188661 0.0931685
-0.183773 0.0909188
-0.178886 0.0888071
-0.173998 0.0869364
-0.16911 0.0849927
-0.164223 0.0832039
-0.159335 0.0814477
-0.154448 0.0796814
-0.14956 0.0780353
-0.144672 0.0762609
-0.139785 0.0746245
-0.134897 0.073215
-0.13001 0.0716707
-0.125122 0.0701423
-0.120234 0.0686893
-0.115347 0.0671749
-0.110459 0.0658866
-0.105572 0.0646288
-0.100684 0.0633247
-0.0957966 0.0620791
-0.090909 0.0608683
-0.0860214 0.059742
-0.0811338 0.0586001
-0.0762463 0.057384
-0.0713587 0.0560966
-0.0664711 0.0549594
-0.0615835 0.0539533
-0.0566959 0.0528997
-0.0518084 0.0519419
-0.0469208 0.0509301
-0.0420332 0.0499621
-0.0371456 0.0488859
-0.032258 0.0478229
-0.0273705 0.046786
-0.0224829 0.0457565
-0.0175953 0.0447835
-0.0127077 0.0437539
-0.00782013 0.0427441
-0.00293255 0.0417216
0.00195503 0.0406401
0.00684261 0.0395243
0.0117302 0.0384687
0.0166178 0.0372076
0.0215054 0.0359438
0.0263929 0.0346334
0.0312805 0.0331109
0.0361681 0.0315988
0.0410557 0.0299132
0.0459433 0.024219
0.0508308 0.0135677
0.0557185 0.0043459
0.0606061 0.00236575
0.0654937 0.00452386
0.0703813 0.00306234
0.0752689 0.000937065
0.0801564 0.00083539
0.085044 0.000833231
0.0899316 0.000808931
0.0948192 0.000787365
0.0997068 0.000796862
0.104594 0.000780104
0.109482 0.000835889
0.11437 0.00107643
0.119257 0.00142736
0.124145 0.00316434
0.129032 0.00448964
0.13392 0.00184973
0.138808 0.00104054
0.143695 0.0010302
0.148583 0.000859814
0.15347 0.000873888
0.158358 0.000963021
0.163245 0.00123283
0.168133 0.00172969
0.173021 0.00258741
0.177908 0.00516443
0.182796 0.00642756
0.187683 0.00831018
0.192571 0.00671679
0.197459 0.00761116
0.202346 0.0100972
0.207234 0.00913548
0.212121 0.00732221
0.217009 0.00994434
0.221896 0.0151544
0.226784 0.0155503
0.231672 0.0165856
0.236559 0.0208946
0.241447 0.0274748
0.246334 0.0390905
0.251222 0.0703637
0.256109 0.103475
0.260997 0.0634236
0.265885 0.0313972
0.270772 0.0230571
0.27566 0.0182724
0.280547 0.0165868
0.285435 0.0154479
0.290323 0.0133579
0.29521 0.0115377
0.300098 0.0103494
0.304985 0.0105614
0.309873 0.00755164
0.31476 0.00463573
0.319648 0.00334636
0.324536 0.00257292
0.329423 0.0019765
0.334311 0.00210763
0.339198 0.00393576
0.344086 0.00522765
0.348974 0.00427911
0.353861 0.00265588
0.358749 0.00198174
0.363636 0.00270187
0.368524 0.00409954
0.373412 0.00267456
0.378299 0.00162767
0.383187 0.00130751
0.388074 0.0011171
0.392962 0.000949222
0.397849 0.000871886
0.402737 0.000941707
0.407625 0.000971108
0.412512 0.000883848
0.4174 0.000818012
0.422287 0.0008144
0.427175 0.00117416
0.432063 0.00354537
0.43695 0.00392475
0.441838 0.00176342
0.446725 0.00102646
0.451613 0.000835788
0.4565 0.000815651
0.461388 0.000852428
0.466276 0.000795936
0.471163 0.000828768
0.476051 0.000814689
0.480938 0.000721864
0.485826 0.00069783
0.490714 0.000691812
0.495601 0.000688367
0.500489 0.000685067
0.505376 0.000682572
0.510264 0.000682436
0.515152 0.000679926
0.520039 0.000701431
0.524927 0.000751199
0.529814 0.000743221
0.534702 0.000720818
0.539589 0.000693033
0.544477 0.000682183
0.549365 0.000678713
0.554252 0.000674751
0.55914 0.000672434
0.564027 0.00067256
0.568915 0.000671809
0.573803 0.000670824
0.57869 0.000670066
0.583578 0.000669206
0.588465 0.000669002
0.593353 0.000669103
0.59824 0.000668499
0.603128 0.000667054
0.608016 0.000667396
0.612903 0.000666237
0.617791 0.000665898
0.622678 0.000665867
0.627566 0.000665186
0.632454 0.000663657
0.637341 0.000663496
0.642229 0.000663609
0.647116 0.000662569
0.652004 0.000661715
0.656892 0.000661318
0.661779 0.000660704
0.666667 0.000660344
0.671554 0.000659683
0.676442 0.000659584
0.681329 0.000659436
0.686217 0.000658085
0.691105 0.000658298
0.695992 0.000657834
0.70088 0.00065756
0.705767 0.000657464
0.710655 0.000656161
0.715543 0.000655684
0.72043 0.000656165
0.725318 0.00065535
0.730205 0.00065421
0.735093 0.000654042
0.73998 0.000653343
0.744868 0.000653003
0.749756 0.000653195
0.754643 0.00065325
0.759531 0.000653216
0.764418 0.000653513
0.769306 0.000653588
0.774194 0.00065435
0.779081 0.000655078
0.783969 0.000659637
0.788856 0.00067348
0.793744 0.000678496
0.798632 0.00068582
0.803519 0.000715485
0.808407 0.000725449
0.813294 0.000709527
0.818182 0.000688844
0.823069 0.000689781
0.827957 0.000728428
0.832845 0.00081921
0.837732 0.00094204
0.84262 0.00108188
0.847507 0.00125563
0.852395 0.00155635
0.857283 0.00267431
0.86217 0.00350747
0.867058 0.00194781
0.871945 0.000895135
0.876833 0.000950742
0.88172 0.00114823
0.886608 0.00133422
0.891496 0.00150748
0.896383 0.00183033
0.901271 0.00233745
0.906158 0.0034398
0.911046 0.00521768
0.915933 0.00568968
0.920821 0.00566376
0.925709 0.00576157
0.930596 0.00501439
0.935484 0.00587807
0.940371 0.0070289
0.945259 0.00723585
0.950147 0.00883484
0.955034 0.0107129
0.959922 0.0120551
0.964809 0.0150347
0.969697 0.023396
0.974585 0.0356622
0.979472 0.0321852
0.98436 0.0206457
0.989247 0.0149186
0.994135 0.0115353
0.999022 0.00999574
1.00391 0.00947456
1.0088 0.00722306
1.01369 0.00586453
1.01857 0.00565112
1.02346 0.0051387
1.02835 0.00553481
1.03324 0.00426322
1.03812 0.00274965
1.04301 0.00217822
1.0479 0.00251455
1.05279 0.00323144
1.05767 0.00253512
1.06256 0.00213122
1.06745 0.00286561
1.07234 0.00321781
1.07722 0.00374722
1.08211 0.00331415
1.087 0.0022435
1.09189 0.0016772
1.09677 0.00125016
1.10166 0.00108606
1.10655 0.00106864
1.11144 0.00101448
1.11632 0.000915343
1.12121 0.000860132
1.1261 0.000875124
1.13099 0.00121258
1.13587 0.00279434
1.14076 0.00700216
1.14565 0.012682
1.15054 0.016788
1.15543 0.0191033
1.16031 0.0205955
1.1652 0.0216787
1.17009 0.0224929
1.17498 0.023106
1.17986 0.0236277
1.18475 0.0241492
1.18964 0.0246332
1.19453 0.0251061
1.19941 0.0255541
1.2043 0.0259546
1.20919 0.0263387
1.21408 0.0266665
1.21896 0.0269668
1.22385 0.0273268
1.22874 0.0276817
1.23363 0.0280182
1.23851 0.0283581
1.2434 0.028697
1.24829 0.0290072
1.25318 0.0292853
1.25806 0.0296161
1.26295 0.0299307
1.26784 0.0302169
1.27273 0.0305333
1.27761 0.0308146
1.2825 0.0311194
1.28739 0.0314849
1.29228 0.0318219
1.29717 0.0320973
1.30205 0.0323958
1.30694 0.0327291
1.31183 0.0330593
1.31672 0.0334478
1.3216 0.0338141
1.32649 0.0340434
1.33138 0.0343443
1.33627 0.0347099
1.34115 0.0350386
1.34604 0.0353836
1.35093 0.0356771
1.35582 0.0359674
1.3607 0.036337
1.36559 0.0366594
1.37048 0.0369649
1.37537 0.0373136
1.38025 0.0376082
1.38514 0.0379316
1.39003 0.0383723
1.39492 0.0387651
1.3998 0.0390844
1.40469 0.0394216
1.40958 0.0397665
1.41447 0.0401239
1.41935 0.0404803
1.42424 0.0408516
1.42913 0.0412979
1.43402 0.0417466
1.43891 0.0421265
1.44379 0.0425258
1.44868 0.0428909
1.45357 0.0433149
1.45846 0.043871
1.46334 0.0443511
1.46823 0.0447428
1.47312 0.0451874
1.47801 0.0457008
1.48289 0.0461777
1.48778 0.0466584
1.49267 0.0470959
1.49756 0.0474941
1.50244 0.0480126
1.50733 0.0485976
1.51222 0.0491763
1.51711 0.0497352
1.52199 0.0502878
1.52688 0.0508302
1.53177 0.0513492
1.53666 0.0520003
1.54154 0.0527484
1.54643 0.0533967
1.55132 0.0539466
1.55621 0.0546025
1.56109 0.0553524
1.56598 0.0560107
1.57087 0.0567386
1.57576 0.0575559
1.58065 0.0583259
1.58553 0.0591558
1.59042 0.0601092
1.59531 0.0610421
1.6002 0.061853
1.60508 0.0627562
1.60997 0.0637964
1.61486 0.0647841
1.61975 0.0658144
1.62463 0.0669188
1.62952 0.0681164
1.63441 0.0693634
1.6393 0.0706643
1.64418 0.0719631
1.64907 0.0733146
1.65396 0.074799
1.65885 0.0763622
1.66373 0.0780655
1.66862 0.0798361
1.67351 0.0817362
1.6784 0.0838391
1.68328 0.0861171
1.68817 0.0885247
1.69306 0.0910983
1.69795 0.0938672
1.70283 0.0970097
1.70772 0.100533
1.71261 0.104419
1.7175 0.108762
1.72239 0.113779
1.72727 0.119616
1.73216 0.126512
1.73705 0.134894
1.74194 0.145392
1.74682 0.159215
1.75171 0.179161
1.7566 0.21237
1.76149 0.271043
1.76637 0.318742
1.77126 0.303969
1.77615 0.266808
1.78104 0.241655
1.78592 0.224297
1.79081 0.211046
1.7957 0.200701
1.80059 0.192304
1.80547 0.185041
1.81036 0.178758
1.81525 0.173343
1.82014 0.168581
1.82502 0.164339
1.82991 0.160369
1.8348 0.156615
1.83969 0.15333
1.84457 0.150531
1.84946 0.147781
1.85435 0.145058
1.85924 0.142657
1.86413 0.140549
1.86901 0.138377
1.8739 0.136217
1.87879 0.13436
1.88368 0.132667
1.88856 0.130948
1.89345 0.129353
1.89834 0.12782
1.90323 0.126365
1.90811 0.124934
1.913 0.123532
1.91789 0.122334
1.92278 0.121103
1.92766 0.119866
1.93255 0.118884
1.93744 0.117795
1.94233 0.116597
1.94721 0.115582
1.9521 0.114657
1.95699 0.113848
1.96188 0.113032
1.96676 0.11209
1.97165 0.111234
1.97654 0.110465
1.98143 0.109678
1.98631 0.108919
1.9912 0.108167
1.99609 0.10735
2.00098 0.106599
2.00587 0.105902
2.01075 0.105314
2.01564 0.104707
2.02053 0.104005
2.02542 0.103296
2.0303 0.102768
2.03519 0.102285
2.04008 0.101715
2.04497 0.101172
2.04985 0.100703
2.05474 0.100195
2.05963 0.0995702
2.06452 0.0989897
2.0694 0.0984846
2.07429 0.0980161
2.07918 0.097646
2.08407 0.0972073
2.08895 0.0967733
2.09384 0.0964035
2.09873 0.0960286
2.10362 0.09555
2.1085 0.0951296
2.11339 0.0947739
2.11828 0.0943511
2.12317 0.0939433
2.12805 0.0935912
2.13294 0.0933166
2.13783 0.0930361
2.14272 0.0926866
2.1476 0.0922948
2.15249 0.0918702
2.15738 0.0915421
2.16227 0.0913204
2.16716 0.0910885
2.17204 0.0908373
2.17693 0.0904854
2.18182 0.0901749
2.18671 0.0898742
2.19159 0.0895911
2.19648 0.0892844
2.20137 0.0889905
2.20626 0.0887211
2.21114 0.0885082
2.21603 0.0883476
2.22092 0.0880702
2.22581 0.0878103
2.23069 0.0876213
2.23558 0.0874449
2.24047 0.0872223
2.24536 0.0870139
2.25024 0.0867405
2.25513 0.0864061
2.26002 0.0862405
2.26491 0.0860851
2.26979 0.0858502
2.27468 0.0857129
2.27957 0.0856558
2.28446 0.0855601
2.28935 0.0853904
2.29423 0.0851591
2.29912 0.0849847
2.30401 0.0847255
2.3089 0.084437
2.31378 0.08426
2.31867 0.0842722
2.32356 0.0842189
2.32845 0.0840425
2.33333 0.0839748
2.33822 0.083871
2.34311 0.0837417
2.348 0.0836489
2.35288 0.0834019
2.35777 0.0832817
2.36266 0.0832574
2.36755 0.0831215
2.37243 0.0830098
2.37732 0.0828656
2.38221 0.0826378
2.3871 0.0826195
2.39198 0.082567
2.39687 0.0824812
2.40176 0.0825013
2.40665 0.0824036
2.41153 0.0823004
2.41642 0.0822385
2.42131 0.0821728
2.4262 0.0820687
2.43109 0.0820675
2.43597 0.0821405
2.44086 0.0821027
2.44575 0.0820945
2.45064 0.0821066
2.45552 0.0820016
2.46041 0.08204
2.4653 0.0821266
2.47019 0.081998
2.47507 0.0819258
2.47996 0.0821648
2.48485 0.0823714
2.48974 0.0823305
2.49462 0.0823409
2.49951 0.0824419
2.5044 0.0826126
2.50929 0.0826351
2.51417 0.0825506
2.51906 0.0826314
2.52395 0.0827641
2.52884 0.0829102
2.53372 0.0831795
2.53861 0.0834923
2.5435 0.0836716
2.54839 0.0836954
2.55327 0.0838671
2.55816 0.0841718
2.56305 0.0844878
2.56794 0.0848208
2.57282 0.0851782
2.57771 0.0855242
2.5826 0.0859418
2.58749 0.0864329
2.59238 0.0869907
2.59726 0.0876908
2.60215 0.0884601
2.60704 0.0892355
2.61193 0.0898603
2.61681 0.0903138
2.6217 0.0907864
2.62659 0.0912022
2.63148 0.0916666
2.63636 0.0921271
2.64125 0.0922555
2.64614 0.0921477
2.65103 0.0920154
2.65591 0.0918199
2.6608 0.0914922
2.66569 0.0910399
2.67058 0.0903239
2.67546 0.0895532
2.68035 0.0888572
2.68524 0.0880186
2.69013 0.0872354
2.69501 0.0866144
2.6999 0.0861394
2.70479 0.0856622
2.70968 0.0852566
2.71457 0.084992
2.71945 0.0853494
2.72434 0.0890844
2.72923 0.129172
2.73412 0.208184
2.739 0.247317
2.74389 0.260448
2.74878 0.271409
2.75367 0.281822
2.75855 0.29215
2.76344 0.30348
2.76833 0.315473
2.77322 0.328135
2.7781 0.342218
2.78299 0.357919
2.78788 0.375105
2.79277 0.394309
2.79765 0.416207
2.80254 0.441401
2.80743 0.471002
2.81232 0.506648
2.8172 0.551218
2.82209 0.60965
2.82698 0.693896
2.83187 0.838052
2.83675 0.967377
2.84164 0.891928
2.84653 0.774267
2.85142 0.707321
2.8563 0.661568
2.86119 0.624169
2.86608 0.564487
2.87097 0.459449
2.87586 0.398574
2.88074 0.384598
2.88563 0.379124
2.89052 0.376407
2.89541 0.375526
2.90029 0.376676
2.90518 0.379329
2.91007 0.383452
2.91496 0.389354
2.91984 0.397777
2.92473 0.409376
2.92962 0.425767
2.93451 0.450361
2.93939 0.488342
2.94428 0.514563
2.94917 0.478302
2.95406 0.427672
2.95894 0.393968
2.96383 0.370103
2.96872 0.351713
2.97361 0.336551
2.97849 0.32385
2.98338 0.312843
2.98827 0.303128
2.99316 0.294674
2.99804 0.287209
3.00293 0.280328
3.00782 0.274075
3.01271 0.268669
3.0176 0.263261
3.02248 0.258183
3.02737 0.253788
3.03226 0.249715
3.03715 0.24591
3.04203 0.242275
3.04692 0.238899
3.05181 0.235759
3.0567 0.232973
3.06158 0.230042
3.06647 0.227094
3.07136 0.224544
3.07625 0.222321
3.08113 0.22023
3.08602 0.218219
3.09091 0.216113
3.0958 0.214486
3.10068 0.212791
3.10557 0.211109
3.11046 0.209395
3.11535 0.207919
3.12023 0.206392
3.12512 0.204913
3.13001 0.203569
3.1349 0.20238
3.13978 0.201363
3.14467 0.200223
3.14956 0.199367
3.15445 0.198243
3.15934 0.197425
3.16422 0.19668
3.16911 0.195841
3.174 0.195205
3.17889 0.194587
3.18377 0.194163
3.18866 0.193577
3.19355 0.192945
3.19844 0.192355
3.20332 0.192063
3.20821 0.191737
3.2131 0.191389
3.21799 0.19089
3.22287 0.190854
3.22776 0.190768
3.23265 0.190707
3.23754 0.190598
3.24242 0.190545
3.24731 0.190644
3.2522 0.190699
3.25709 0.190882
3.26197 0.191233
3.26686 0.191562
3.27175 0.191808
3.27664 0.192163
3.28153 0.192798
3.28641 0.193375
3.2913 0.194023
3.29619 0.194676
3.30108 0.195669
3.30596 0.196791
3.31085 0.197806
3.31574 0.198903
3.32063 0.200358
3.32551 0.201689
3.3304 0.20325
3.33529 0.204818
3.34018 0.206692
3.34506 0.208948
3.34995 0.21098
3.35484 0.212622
3.35973 0.212768
3.36461 0.200862
3.3695 0.0912016
3.37439 0.00440249
3.37928 0.00124155
3.38416 0.0010304
3.38905 0.00098467
3.39394 0.000969803
3.39883 0.000963724
3.40371 0.00096494
3.4086 0.000967224
3.41349 0.000969966
3.41838 0.0009715
3.42326 0.000973927
3.42815 0.000978535
3.43304 0.000982149
3.43793 0.000983752
3.44282 0.000988222
3.4477 0.000992951
3.45259 0.000996169
3.45748 0.001
3.46237 0.00100433
3.46725 0.00100787
3.47214 0.00101438
3.47703 0.00101964
3.48192 0.00102246
3.4868 0.00102442
3.49169 0.00102876
3.49658 0.00103347
3.50147 0.00103753
3.50635 0.00104306
3.51124 0.00104805
3.51613 0.00105074
3.52102 0.00105678
3.5259 0.0010639
3.53079 0.00106544
3.53568 0.00107182
3.54057 0.00107612
3.54545 0.00108217
3.55034 0.00108887
3.55523 0.00109291
3.56012 0.00109844
3.56501 0.00110338
3.56989 0.00110887
3.57478 0.00111481
3.57967 0.00112139
3.58456 0.00112814
3.58944 0.0011344
3.59433 0.00113986
3.59922 0.00114562
3.60411 0.00115223
3.60899 0.00115891
3.61388 0.00116554
3.61877 0.00117008
3.62366 0.0011784
3.62854 0.00118608
3.63343 0.0011926
3.63832 0.00119963
3.64321 0.00120928
3.64809 0.00121702
3.65298 0.00122443
3.65787 0.00123162
3.66276 0.00124022
3.66764 0.00124732
3.67253 0.00125738
3.67742 0.00126698
3.68231 0.00127455
3.68719 0.00128494
3.69208 0.00129474
3.69697 0.00130378
3.70186 0.00131213
3.70674 0.00132405
3.71163 0.00133396
3.71652 0.00134221
3.72141 0.00135414
3.7263 0.00136776
3.73118 0.00137991
3.73607 0.00139049
3.74096 0.00140146
3.74585 0.00141562
3.75073 0.00142961
3.75562 0.00144354
3.76051 0.00145539
3.7654 0.00147117
3.77028 0.00148682
3.77517 0.00150073
3.78006 0.00151798
3.78495 0.00153253
3.78983 0.00154937
3.79472 0.00156871
3.79961 0.0015854
3.8045 0.0016039
3.80938 0.00162232
3.81427 0.00164566
3.81916 0.00166909
3.82405 0.00168999
3.82893 0.00171193
3.83382 0.00173658
3.83871 0.00176193
3.8436 0.00178551
3.84848 0.00181346
3.85337 0.00184369
3.85826 0.00187628
3.86315 0.00190446
3.86804 0.00194011
3.87292 0.00197441
3.87781 0.00201356
3.8827 0.00205405
3.88759 0.00209979
3.89247 0.00214324
3.89736 0.00219058
3.90225 0.00225075
3.90714 0.00230609
3.91202 0.00236246
3.91691 0.00243183
3.9218 0.00250805
3.92669 0.0025926
3.93157 0.00267694
3.93646 0.00277753
3.94135 0.00289184
3.94624 0.00302226
3.95112 0.00316681
3.95601 0.00332974
3.9609 0.00353478
3.96579 0.00377949
3.97067 0.00408263
3.97556 0.00446359
3.98045 0.00499409
3.98534 0.00575146
3.99022 0.00712648
3.99511 0.0105594
4 0
